1355,1616112787577,566,0
1356,1616112787671,472,0
1357,1616112787765,575,0
1358,1616112787859,580,0
1359,1616112787953,486,0
1360,1616112788047,497,0
1361,1616112788141,580,0
1362,1616112788235,512,0
1363,1616112788329,475,0
1364,1616112788423,575,0
1365,1616112788512,534,0
1366,1616112788607,467,0
1367,1616112788702,552,0
1368,1616112788797,562,0
1369,1616112788892,574,0
1370,1616112788987,526,0
1371,1616112789082,575,0
1372,1616112789177,485,0
1373,1616112789272,503,0
1374,1616112789367,579,0
1375,1616112789462,505,0
1376,1616112789557,481,0
1377,1616112789652,573,0
1378,1616112789747,532,0
1379,1616112789841,468,0
1380,1616112789935,559,1
1381,1616112790029,542,1
1382,1616112790123,469,1
1383,1616112790217,537,1
1384,1616112790311,581,1
1385,1616112790405,491,1
1386,1616112790499,516,1
1387,1616112790593,584,1
1388,1616112790687,468,1
1389,1616112790781,420,1
1390,1616112790875,549,1
1391,1616112790968,512,1
1392,1616112791062,463,1
1393,1616112791156,502,1
1394,1616112791250,550,1
1395,1616112791344,466,1
1396,1616112791438,539,1
1397,1616112791532,568,1
1398,1616112791626,475,1
1399,1616112791720,511,1
1400,1616112791814,579,1
1401,1616112791908,496,0
1402,1616112792002,491,0
1403,1616112792096,574,0
1404,1616112792185,523,0
1405,1616112792279,475,0
1406,1616112792373,564,0
1407,1616112792467,552,0
1408,1616112792561,465,0
1409,1616112792655,541,0
1410,1616112792749,569,0
1411,1616112792843,476,0
1412,1616112792937,519,0
1413,1616112793031,579,0
1414,1616112793125,493,0
1415,1616112793219,498,0
1416,1616112793313,581,0
1417,1616112793404,473,0
1418,1616112793499,477,0
1419,1616112793594,571,0
1420,1616112793689,543,0
1421,1616112793784,465,0
1422,1616112793879,550,0
1423,1616112793974,563,0
1424,1616112794069,470,0
1425,1616112794164,521,0
1426,1616112794259,575,0
1427,1616112794354,486,0
1428,1616112794449,500,0
1429,1616112794544,475,0
1430,1616112794639,510,0
1431,1616112794733,479,0
1432,1616112794827,573,0
1433,1616112794921,532,0
1434,1616112795015,470,0
1435,1616112795109,553,0
1436,1616112795203,559,0
1437,1616112795297,471,0
1438,1616112795391,526,0
1439,1616112795485,573,0
1440,1616112795579,479,0
1441,1616112795673,516,0
1442,1616112795767,582,0
1443,1616112795858,499,0
1444,1616112795952,482,0
1445,1616112796046,578,0
1446,1616112796140,532,0
1447,1616112796234,473,0
1448,1616112796328,556,0
1449,1616112796422,551,0
1450,1616112796516,467,0
1451,1616112796610,535,0
1452,1616112796704,573,0
1453,1616112796798,551,0
1454,1616112796892,509,0
1455,1616112796986,579,0
1456,1616112797074,495,0
1457,1616112797168,484,0
1458,1616112797262,576,0
1459,1616112797356,523,0
1460,1616112797450,471,0
1461,1616112797544,560,0
1462,1616112797638,548,0
1463,1616112797732,463,0
1464,1616112797826,537,0
1465,1616112797920,575,0
1466,1616112798014,473,0
1467,1616112798108,513,0
1468,1616112798202,577,0
1469,1616112798293,493,0
1470,1616112798387,488,0
1471,1616112798481,577,0
1472,1616112798575,519,0
1473,1616112798669,471,0
1474,1616112798763,566,0
1475,1616112798857,543,0
1476,1616112798951,466,0
1477,1616112799045,576,0
1478,1616112799139,563,0
1479,1616112799233,467,0
1480,1616112799327,518,0
1481,1616112799421,582,0
1482,1616112799516,486,0
1483,1616112799610,493,0
1484,1616112799704,578,0
1485,1616112799798,512,0
1486,1616112799892,474,0
1487,1616112799986,570,0
1488,1616112800080,538,0
1489,1616112800174,564,0
1490,1616112800268,548,0
1491,1616112800362,561,0
1492,1616112800456,468,0
1493,1616112800550,520,0
1494,1616112800644,570,0
1495,1616112800732,484,0
1496,1616112800826,494,0
1497,1616112800920,576,0
1498,1616112801014,501,0
1499,1616112801108,474,0
1500,1616112801202,568,0
1501,1616112801296,511,0
1502,1616112801390,464,0
1503,1616112801484,549,0
1504,1616112801578,552,0
1505,1616112801672,462,1
1506,1616112801766,529,1
1507,1616112801860,572,1
1508,1616112801952,481,1
1509,1616112802046,520,1
1510,1616112802140,594,1
1511,1616112802234,530,1
1512,1616112802328,524,1
1513,1616112802422,542,1
1514,1616112802516,597,1
1515,1616112802610,549,1
1516,1616112802704,625,1
1517,1616112802798,592,1
1518,1616112802892,480,1
1519,1616112802986,526,1
1520,1616112803080,539,1
1521,1616112803169,427,1
1522,1616112803263,453,1
1523,1616112803357,529,1
1524,1616112803451,446,1
1525,1616112803545,427,1
1526,1616112803639,543,1
1527,1616112803733,493,1
1528,1616112803827,447,1
1529,1616112803921,544,1
1530,1616112804015,528,1
1531,1616112804109,453,1
1532,1616112804203,533,1
1533,1616112804297,557,1
1534,1616112804387,459,1
1535,1616112804481,510,1
1536,1616112804575,571,1
1537,1616112804669,463,1
1538,1616112804763,487,1
1539,1616112804857,578,1
1540,1616112804951,511,1
1541,1616112805045,470,0
1542,1616112805139,565,0
1543,1616112805233,539,0
1544,1616112805327,465,0
1545,1616112805421,548,0
1546,1616112805515,562,0
1547,1616112805607,468,0
1548,1616112805701,523,0
1549,1616112805795,494,0
1550,1616112805889,482,0
1551,1616112805983,495,0
1552,1616112806077,581,0
1553,1616112806171,510,0
1554,1616112806265,478,0
1555,1616112806359,572,0
1556,1616112806453,537,0
1557,1616112806547,470,0
1558,1616112806641,553,0
1559,1616112806735,560,0
1560,1616112806826,470,0
1561,1616112806920,541,0
1562,1616112807014,581,0
1563,1616112807108,482,0
1564,1616112807202,499,0
1565,1616112807296,584,0
1566,1616112807390,501,0
1567,1616112807484,481,0
1568,1616112807578,575,0
1569,1616112807672,535,0
1570,1616112807766,464,0
1571,1616112807860,557,0
1572,1616112807954,556,0
1573,1616112808044,568,0
1574,1616112808138,532,0
1575,1616112808232,574,0
1576,1616112808326,479,0
1577,1616112808420,505,0
1578,1616112808514,582,0
1579,1616112808608,500,0
1580,1616112808702,483,0
1581,1616112808796,577,0
1582,1616112808890,526,0
1583,1616112808984,469,0
1584,1616112809078,561,0
1585,1616112809172,579,0
1586,1616112809262,463,0
1587,1616112809356,537,0
1588,1616112809450,571,0
1589,1616112809544,475,0
1590,1616112809638,509,0
1591,1616112809732,579,0
1592,1616112809826,494,0
