5846,1616113222991,469,0
5847,1616113223085,401,0
5848,1616113223179,479,0
5849,1616113223273,492,0
5850,1616113223365,412,0
5851,1616113223459,456,0
5852,1616113223553,507,0
5853,1616113223647,508,0
5854,1616113223741,431,0
5855,1616113223835,509,0
5856,1616113223929,441,0
5857,1616113224023,412,0
5858,1616113224117,501,0
5859,1616113224211,465,0
5860,1616113224305,403,0
5861,1616113224399,485,0
5862,1616113224493,488,0
5863,1616113224585,404,0
5864,1616113224679,466,0
5865,1616113224773,492,0
5866,1616113224867,419,0
5867,1616113224961,438,0
5868,1616113225055,507,0
5869,1616113225149,432,0
5870,1616113225243,418,0
5871,1616113225337,502,0
5872,1616113225431,455,0
5873,1616113225525,401,0
5874,1616113225619,490,0
5875,1616113225713,478,0
5876,1616113225804,404,0
5877,1616113225898,466,0
5878,1616113225992,500,0
5879,1616113226086,412,0
5880,1616113226180,443,0
5881,1616113226274,509,0
5882,1616113226368,432,0
5883,1616113226462,421,0
5884,1616113226556,511,0
5885,1616113226650,452,0
5886,1616113226744,411,0
5887,1616113226838,494,0
5888,1616113226932,477,0
5889,1616113227021,430,0
5890,1616113227115,474,0
5891,1616113227209,498,0
5892,1616113227303,406,0
5893,1616113227397,450,0
5894,1616113227491,505,0
5895,1616113227585,425,0
5896,1616113227679,427,0
5897,1616113227773,507,0
5898,1616113227867,449,0
5899,1616113227961,409,0
5900,1616113228055,496,0
5901,1616113228149,405,0
5902,1616113228240,405,0
5903,1616113228334,479,0
5904,1616113228428,488,0
5905,1616113228522,399,1
5906,1616113228616,448,1
5907,1616113228710,499,1
5908,1616113228804,413,1
5909,1616113228898,427,1
5910,1616113228992,545,1
5911,1616113229086,478,1
5912,1616113229180,474,1
5913,1616113229274,467,1
5914,1616113229368,522,1
5915,1616113229461,441,1
5916,1616113229555,502,1
5917,1616113229649,501,1
5918,1616113229743,402,1
5919,1616113229837,453,1
5920,1616113229931,493,1
5921,1616113230025,413,1
5922,1616113230119,430,1
5923,1616113230213,504,1
5924,1616113230307,435,1
5925,1616113230401,426,1
5926,1616113230495,504,0
5927,1616113230589,462,0
5928,1616113230679,403,0
5929,1616113230773,482,0
5930,1616113230867,485,0
5931,1616113230961,402,0
5932,1616113231055,464,0
5933,1616113231149,501,0
5934,1616113231243,413,0
5935,1616113231337,439,0
5936,1616113231431,508,0
5937,1616113231525,457,0
5938,1616113231619,420,0
5939,1616113231713,505,0
5940,1616113231807,452,0
5941,1616113231903,408,0
5942,1616113231998,492,0
5943,1616113232093,481,0
5944,1616113232188,410,0
5945,1616113232283,470,0
5946,1616113232378,501,0
5947,1616113232473,414,0
5948,1616113232568,445,0
5949,1616113232663,490,0
5950,1616113232758,430,0
5951,1616113232853,425,0
5952,1616113232948,508,0
5953,1616113233043,449,0
5954,1616113233140,406,0
5955,1616113233234,495,0
5956,1616113233328,477,0
5957,1616113233422,401,0
5958,1616113233516,472,0
5959,1616113233610,496,0
5960,1616113233704,410,0
5961,1616113233798,509,0
5962,1616113233892,505,0
5963,1616113233986,425,0
5964,1616113234080,428,0
5965,1616113234174,503,0
5966,1616113234268,447,0
5967,1616113234357,411,0
5968,1616113234451,500,0
5969,1616113234545,470,0
5970,1616113234639,403,0
5971,1616113234733,482,0
5972,1616113234827,492,0
5973,1616113234921,505,0
5974,1616113235015,456,0
5975,1616113235109,505,0
5976,1616113235203,419,0
5977,1616113235297,431,0
5978,1616113235391,510,0
5979,1616113235485,444,0
5980,1616113235578,416,0
5981,1616113235673,503,0
5982,1616113235768,466,0
5983,1616113235863,404,0
5984,1616113235958,484,0
5985,1616113236053,473,0
5986,1616113236148,405,0
5987,1616113236243,464,0
5988,1616113236338,505,0
5989,1616113236433,416,0
5990,1616113236528,440,0
5991,1616113236623,508,0
5992,1616113236718,436,0
5993,1616113236811,420,0
5994,1616113236907,499,0
5995,1616113237003,462,0
5996,1616113237099,403,0
5997,1616113237195,438,0
5998,1616113237291,485,0
5999,1616113237387,402,0
6000,1616113237483,467,0
6001,1616113237579,500,0
6002,1616113237675,411,0
6003,1616113237771,443,0
6004,1616113237867,508,0
6005,1616113237963,435,0
6006,1616113238062,421,0
6007,1616113238156,506,0
6008,1616113238250,451,0
6009,1616113238344,417,0
6010,1616113238438,489,0
6011,1616113238532,477,0
6012,1616113238626,400,0
6013,1616113238720,473,0
6014,1616113238814,498,0
6015,1616113238908,410,0
6016,1616113239002,449,0
6017,1616113239096,506,0
6018,1616113239190,427,0
6019,1616113239280,424,0
6020,1616113239375,509,0
6021,1616113239470,403,0
6022,1616113239565,412,0
6023,1616113239660,495,0
6024,1616113239755,470,0
6025,1616113239850,406,0
6026,1616113239945,475,0
6027,1616113240040,495,0
6028,1616113240135,408,0
6029,1616113240230,454,0
6030,1616113240325,503,0
6031,1616113240420,425,0
6032,1616113240514,429,0
6033,1616113240608,412,0
6034,1616113240702,447,0
6035,1616113240796,412,0
6036,1616113240890,497,0
6037,1616113240984,467,0
6038,1616113241078,406,0
6039,1616113241172,481,0
6040,1616113241266,486,0
6041,1616113241360,408,0
6042,1616113241454,462,0
6043,1616113241548,502,0
6044,1616113241642,420,0
6045,1616113241732,451,0
6046,1616113241826,508,0
6047,1616113241920,441,0
6048,1616113242014,415,0
6049,1616113242108,503,0
6050,1616113242202,461,0
6051,1616113242296,401,0
6052,1616113242390,488,0
6053,1616113242484,491,0
6054,1616113242578,406,0
6055,1616113242672,468,0
6056,1616113242766,505,0
6057,1616113242860,477,0
6058,1616113242951,438,0
6059,1616113243045,510,0
6060,1616113243139,434,0
6061,1616113243233,418,0
6062,1616113243327,505,0
6063,1616113243421,458,0
6064,1616113243515,405,0
6065,1616113243609,490,0
6066,1616113243703,480,0
6067,1616113243797,405,0
6068,1616113243891,470,0
6069,1616113243985,499,0
6070,1616113244079,412,0
6071,1616113244170,445,0
6072,1616113244264,512,0
6073,1616113244358,429,0
6074,1616113244452,423,0
6075,1616113244546,508,0
6076,1616113244640,451,0
6077,1616113244734,408,0
6078,1616113244828,493,0
6079,1616113244922,473,0
6080,1616113245016,401,0
6081,1616113245110,509,0
6082,1616113245204,492,0
6083,1616113245298,410,0
6084,1616113245388,452,0
6085,1616113245482,505,0
6086,1616113245576,422,0
6087,1616113245670,430,0
6088,1616113245764,508,0
6089,1616113245858,447,0
6090,1616113245952,410,0
6091,1616113246046,495,0
6092,1616113246140,471,0
6093,1616113246234,491,0
6094,1616113246328,476,0
6095,1616113246422,493,0
6096,1616113246516,409,0
6097,1616113246612,452,0
6098,1616113246705,504,0
6099,1616113246798,421,0
6100,1616113246891,431,0
6101,1616113246984,508,0
6102,1616113247077,445,0
6103,1616113247170,413,0
6104,1616113247263,503,0
6105,1616113247356,459,0
6106,1616113247449,400,0
6107,1616113247542,485,0
6108,1616113247635,485,0
6109,1616113247728,405,0
6110,1616113247826,461,0
6111,1616113247922,503,0
6112,1616113248018,419,0
6113,1616113248114,435,0
6114,1616113248210,509,0
6115,1616113248306,436,1
6116,1616113248402,416,1
6117,1616113248498,424,1
6118,1616113248594,464,1
6119,1616113248690,406,1
6120,1616113248786,495,1
6121,1616113248882,518,1
6122,1616113248978,430,1
6123,1616113249069,482,1
6124,1616113249163,508,1
6125,1616113249257,418,1
6126,1616113249351,440,1
6127,1616113249445,509,1
6128,1616113249539,435,1
6129,1616113249633,404,1
6130,1616113249727,504,1
6131,1616113249821,458,0
6132,1616113249915,409,0
6133,1616113250009,486,0
6134,1616113250103,483,0
6135,1616113250197,404,0
6136,1616113250289,468,0
6137,1616113250384,500,0
6138,1616113250479,413,0
6139,1616113250574,444,0
6140,1616113250669,512,0
6141,1616113250764,403,0
6142,1616113250859,425,0
6143,1616113250954,505,0
6144,1616113251049,453,0
6145,1616113251144,406,0
6146,1616113251239,489,0
6147,1616113251334,477,0
6148,1616113251429,400,0
6149,1616113251524,472,0
6150,1616113251618,496,0
6151,1616113251712,407,0
6152,1616113251806,449,0
6153,1616113251900,426,0
6154,1616113251994,424,0
6155,1616113252088,428,0
6156,1616113252182,506,0
6157,1616113252276,451,0
6158,1616113252370,409,0
6159,1616113252464,505,0
6160,1616113252558,473,0
6161,1616113252652,405,0
6162,1616113252742,479,0
6163,1616113252836,493,0
6164,1616113252930,408,0
6165,1616113253024,468,0
6166,1616113253118,509,0
6167,1616113253212,423,0
6168,1616113253306,427,0
6169,1616113253400,506,0
6170,1616113253494,444,0
6171,1616113253588,413,0
6172,1616113253682,500,0
6173,1616113253776,465,0
6174,1616113253870,401,0
6175,1616113253962,479,0
6176,1616113254056,490,0
6177,1616113254150,492,0
6178,1616113254244,454,0
6179,1616113254338,505,0
6180,1616113254432,419,0
6181,1616113254526,435,0
6182,1616113254620,510,0
6183,1616113254714,442,0
6184,1616113254808,416,0
6185,1616113254902,499,0
6186,1616113254996,465,0
6187,1616113255090,404,0
6188,1616113255178,484,0
6189,1616113255273,508,0
