19752,1616114526302,-552,0
19753,1616114526396,-498,0
19754,1616114526490,-496,0
19755,1616114526584,-541,0
19756,1616114526678,-512,0
19757,1616114526772,-489,0
19758,1616114526866,-542,0
19759,1616114526960,-527,0
19760,1616114527053,-497,0
19761,1616114527147,-534,0
19762,1616114527241,-541,0
19763,1616114527335,-485,0
19764,1616114527429,-517,0
19765,1616114527523,-541,0
19766,1616114527617,-496,0
19767,1616114527711,-498,0
19768,1616114527805,-552,0
19769,1616114527899,-508,0
19770,1616114527993,-488,0
19771,1616114528087,-545,0
19772,1616114528181,-486,0
19773,1616114528269,-480,0
19774,1616114528363,-528,0
19775,1616114528457,-533,0
19776,1616114528551,-482,0
19777,1616114528645,-518,0
19778,1616114528739,-547,0
19779,1616114528833,-489,0
19780,1616114528927,-503,0
19781,1616114529021,-549,0
19782,1616114529115,-505,0
19783,1616114529209,-490,0
19784,1616114529303,-484,0
19785,1616114529397,-519,0
19786,1616114529490,-485,0
19787,1616114529584,-537,0
19788,1616114529678,-535,0
19789,1616114529772,-485,0
19790,1616114529866,-525,0
19791,1616114529960,-544,0
19792,1616114530054,-495,0
19793,1616114530148,-507,0
19794,1616114530242,-549,0
19795,1616114530336,-499,0
19796,1616114530430,-501,0
19797,1616114530524,-544,0
19798,1616114530618,-515,0
19799,1616114530710,-485,0
19800,1616114530804,-540,0
19801,1616114530898,-531,0
19802,1616114530992,-485,0
19803,1616114531086,-523,0
19804,1616114531180,-542,0
19805,1616114531274,-488,1
19806,1616114531368,-501,1
19807,1616114531462,-529,1
19808,1616114531556,-488,1
19809,1616114531650,-476,1
19810,1616114531744,-574,1
19811,1616114531838,-457,1
19812,1616114531928,-442,1
19813,1616114532022,-526,1
19814,1616114532116,-560,1
19815,1616114532210,-467,1
19816,1616114532304,-459,1
19817,1616114532398,-413,1
19818,1616114532492,-294,1
19819,1616114532586,-231,1
19820,1616114532680,-261,1
19821,1616114532774,-445,1
19822,1616114532868,-434,1
19823,1616114532962,-421,1
19824,1616114533056,-434,1
19825,1616114533149,-469,1
19826,1616114533243,-545,1
19827,1616114533337,-537,1
19828,1616114533431,-492,1
19829,1616114533525,-537,1
19830,1616114533619,-545,1
19831,1616114533713,-490,0
19832,1616114533807,-551,0
19833,1616114533901,-550,0
19834,1616114533995,-494,0
19835,1616114534089,-506,0
19836,1616114534183,-551,0
19837,1616114534277,-508,0
19838,1616114534366,-490,0
19839,1616114534460,-544,0
19840,1616114534554,-523,0
19841,1616114534648,-480,0
19842,1616114534742,-530,0
19843,1616114534836,-534,0
19844,1616114534930,-548,0
19845,1616114535024,-518,0
19846,1616114535118,-542,0
19847,1616114535212,-494,0
19848,1616114535306,-507,0
19849,1616114535400,-548,0
19850,1616114535494,-505,0
19851,1616114535585,-491,0
19852,1616114535679,-547,0
19853,1616114535773,-515,0
19854,1616114535867,-485,0
19855,1616114535961,-535,0
19856,1616114536055,-520,0
19857,1616114536149,-482,0
19858,1616114536243,-522,0
19859,1616114536337,-545,0
19860,1616114536431,-487,0
19861,1616114536525,-505,0
19862,1616114536619,-548,0
19863,1616114536713,-500,0
19864,1616114536802,-492,0
19865,1616114536896,-547,0
19866,1616114536990,-514,0
19867,1616114537084,-481,0
19868,1616114537178,-505,0
19869,1616114537272,-524,0
19870,1616114537366,-484,0
19871,1616114537460,-525,0
19872,1616114537554,-542,0
19873,1616114537648,-485,0
19874,1616114537742,-512,0
19875,1616114537836,-547,0
19876,1616114537930,-501,0
19877,1616114538025,-494,0
19878,1616114538118,-549,0
19879,1616114538211,-515,0
19880,1616114538304,-490,0
19881,1616114538397,-536,0
19882,1616114538490,-527,0
19883,1616114538583,-482,0
19884,1616114538676,-526,0
19885,1616114538769,-540,0
19886,1616114538862,-483,0
19887,1616114538955,-515,0
19888,1616114539048,-544,0
19889,1616114539141,-494,0
19890,1616114539239,-498,0
19891,1616114539333,-542,0
19892,1616114539427,-486,0
19893,1616114539521,-491,0
19894,1616114539615,-541,0
19895,1616114539709,-522,0
19896,1616114539803,-480,0
19897,1616114539897,-529,0
19898,1616114539991,-538,0
19899,1616114540085,-487,0
19900,1616114540179,-518,0
19901,1616114540273,-549,0
19902,1616114540367,-492,0
19903,1616114540459,-504,0
19904,1616114540553,-488,0
19905,1616114540647,-502,0
19906,1616114540741,-493,0
19907,1616114540835,-538,0
19908,1616114540929,-519,0
19909,1616114541023,-483,0
19910,1616114541117,-533,0
19911,1616114541211,-535,0
19912,1616114541305,-486,0
19913,1616114541399,-518,0
19914,1616114541493,-546,0
19915,1616114541587,-488,0
19916,1616114541675,-517,0
19917,1616114541769,-546,0
19918,1616114541863,-505,0
19919,1616114541957,-493,0
19920,1616114542051,-545,0
19921,1616114542145,-516,0
19922,1616114542239,-484,0
19923,1616114542333,-530,0
19924,1616114542427,-532,0
19925,1616114542521,-482,0
19926,1616114542615,-522,0
19927,1616114542709,-542,0
19928,1616114542803,-533,0
19929,1616114542897,-506,0
19930,1616114542991,-547,0
19931,1616114543085,-498,0
19932,1616114543179,-498,0
19933,1616114543273,-548,0
19934,1616114543367,-510,0
19935,1616114543461,-487,0
19936,1616114543555,-538,0
19937,1616114543649,-526,0
19938,1616114543743,-482,0
19939,1616114543837,-519,0
19940,1616114543931,-548,0
19941,1616114544025,-486,0
19942,1616114544116,-511,0
19943,1616114544210,-545,0
19944,1616114544304,-494,0
19945,1616114544398,-495,0
19946,1616114544492,-543,0
19947,1616114544586,-511,0
19948,1616114544680,-481,0
19949,1616114544774,-538,0
19950,1616114544868,-520,0
19951,1616114544962,-479,0
19952,1616114545056,-547,0
19953,1616114545150,-535,0
19954,1616114545244,-480,0
19955,1616114545335,-505,0
19956,1616114545429,-538,0
19957,1616114545523,-490,0
19958,1616114545617,-494,0
19959,1616114545711,-541,0
19960,1616114545805,-499,0
19961,1616114545899,-479,0
19962,1616114545993,-536,0
19963,1616114546087,-510,0
19964,1616114546181,-522,0
19965,1616114546275,-511,1
19966,1616114546369,-507,1
19967,1616114546463,-446,1
19968,1616114546559,-454,1
19969,1616114546654,-427,1
19970,1616114546749,-253,1
19971,1616114546844,-245,1
19972,1616114546939,-319,1
19973,1616114547034,-27,1
19974,1616114547129,-166,1
19975,1616114547224,-319,1
19976,1616114547319,-238,1
19977,1616114547414,-278,1
19978,1616114547509,-293,1
19979,1616114547604,-335,1
19980,1616114547699,-378,1
19981,1616114547794,-467,1
19982,1616114547888,-514,1
19983,1616114547982,-469,1
19984,1616114548076,-495,1
19985,1616114548170,-541,1
19986,1616114548264,-495,0
19987,1616114548358,-485,0
19988,1616114548452,-492,0
19989,1616114548546,-513,0
19990,1616114548640,-486,0
19991,1616114548734,-535,0
19992,1616114548828,-529,0
19993,1616114548922,-485,0
19994,1616114549014,-520,0
19995,1616114549109,-539,0
19996,1616114549204,-486,0
19997,1616114549299,-506,0
19998,1616114549394,-546,0
19999,1616114549489,-499,0
20000,1616114549584,-477,0
20001,1616114549679,-542,0
20002,1616114549774,-511,0
20003,1616114549869,-484,0
20004,1616114549964,-536,0
20005,1616114550059,-529,0
20006,1616114550154,-485,0
20007,1616114550247,-524,0
20008,1616114550341,-539,0
20009,1616114550435,-489,0
20010,1616114550529,-507,0
20011,1616114550623,-544,0
20012,1616114550717,-483,0
20013,1616114550811,-491,0
20014,1616114550905,-549,0
20015,1616114550999,-508,0
20016,1616114551093,-484,0
20017,1616114551187,-540,0
20018,1616114551281,-518,0
20019,1616114551375,-477,0
20020,1616114551466,-524,0
20021,1616114551561,-540,0
20022,1616114551656,-484,0
20023,1616114551751,-512,0
20024,1616114551846,-496,0
20025,1616114551941,-494,0
