6087,1618476558555,541,0
6088,1618476558649,501,0
6089,1618476558743,539,0
6090,1618476558837,561,0
6091,1618476558931,474,0
6092,1618476559025,513,0
6093,1618476559119,570,0
6094,1618476559213,491,0
6095,1618476559307,488,0
6096,1618476559401,573,0
6097,1618476559493,515,0
6098,1618476559587,474,0
6099,1618476559681,557,0
6100,1618476559775,472,0
6101,1618476559869,474,0
6102,1618476559963,540,0
6103,1618476560057,555,0
6104,1618476560151,471,0
6105,1618476560245,517,0
6106,1618476560339,571,0
6107,1618476560433,482,0
6108,1618476560527,489,0
6109,1618476560621,570,0
6110,1618476560710,506,0
6111,1618476560804,472,0
6112,1618476560898,464,0
6113,1618476560992,530,0
6114,1618476561086,464,0
6115,1618476561180,541,0
6116,1618476561274,552,0
6117,1618476561368,473,0
6118,1618476561462,523,0
6119,1618476561556,566,0
6120,1618476561650,485,0
6121,1618476561744,498,0
6122,1618476561838,569,0
6123,1618476561929,505,0
6124,1618476562023,490,0
6125,1618476562117,560,0
6126,1618476562211,523,0
6127,1618476562305,468,0
6128,1618476562399,545,0
6129,1618476562493,547,0
6130,1618476562587,465,0
6131,1618476562681,528,0
6132,1618476562775,563,0
6133,1618476562869,477,0
6134,1618476562963,501,0
6135,1618476563057,570,0
6136,1618476563152,517,0
6137,1618476563246,484,0
6138,1618476563340,567,0
6139,1618476563434,522,0
6140,1618476563528,473,0
6141,1618476563622,553,0
6142,1618476563716,543,0
6143,1618476563810,464,0
6144,1618476563904,530,0
6145,1618476563998,564,0
6146,1618476564092,475,0
6147,1618476564186,507,0
6148,1618476564280,557,0
6149,1618476564375,498,0
6150,1618476564469,489,1
6151,1618476564563,576,1
6152,1618476564657,529,1
6153,1618476564751,468,1
6154,1618476564845,575,1
6155,1618476564939,587,1
6156,1618476565033,523,1
6157,1618476565127,680,1
6158,1618476565221,715,1
6159,1618476565315,550,1
6160,1618476565409,574,1
6161,1618476565503,501,1
6162,1618476565602,451,1
6163,1618476565696,437,1
6164,1618476565790,532,1
6165,1618476565884,555,1
6166,1618476565978,596,1
6167,1618476566072,775,1
6168,1618476566166,750,1
6169,1618476566260,697,1
6170,1618476566354,740,1
6171,1618476566448,718,1
6172,1618476566542,690,1
6173,1618476566636,594,1
6174,1618476566730,607,1
6175,1618476566822,500,1
6176,1618476566917,502,1
6177,1618476567012,573,1
6178,1618476567107,502,1
6179,1618476567202,479,1
6180,1618476567297,567,1
6181,1618476567392,528,1
6182,1618476567487,469,1
6183,1618476567582,543,1
6184,1618476567677,532,1
6185,1618476567772,467,1
6186,1618476567867,524,0
6187,1618476567962,569,0
6188,1618476568059,477,0
6189,1618476568153,500,0
6190,1618476568247,568,0
6191,1618476568341,496,0
6192,1618476568435,484,0
6193,1618476568529,562,0
6194,1618476568623,522,0
6195,1618476568717,467,0
6196,1618476568811,502,0
6197,1618476568905,544,0
6198,1618476568999,468,0
6199,1618476569093,531,0
6200,1618476569187,559,0
6201,1618476569277,476,0
6202,1618476569372,508,0
6203,1618476569467,569,0
6204,1618476569562,496,0
6205,1618476569657,483,0
6206,1618476569752,568,0
6207,1618476569847,516,0
6208,1618476569942,478,0
6209,1618476570037,552,0
6210,1618476570132,539,0
6211,1618476570227,467,0
6212,1618476570322,535,0
6213,1618476570417,561,0
6214,1618476570510,472,0
6215,1618476570604,510,0
6216,1618476570698,572,0
6217,1618476570792,487,0
6218,1618476570886,489,0
6219,1618476570980,572,0
6220,1618476571074,466,0
6221,1618476571168,473,0
6222,1618476571262,559,0
6223,1618476571356,535,0
6224,1618476571450,471,0
6225,1618476571544,541,0
6226,1618476571638,553,0
6227,1618476571730,471,0
6228,1618476571824,513,0
6229,1618476571918,563,0
6230,1618476572012,485,0
6231,1618476572106,492,0
6232,1618476572200,474,0
6233,1618476572294,509,0
6234,1618476572388,472,0
6235,1618476572482,562,0
6236,1618476572576,531,0
6237,1618476572670,470,0
6238,1618476572764,544,0
6239,1618476572858,550,0
6240,1618476572948,468,0
6241,1618476573042,518,0
6242,1618476573136,565,0
6243,1618476573230,484,0
6244,1618476573324,510,0
6245,1618476573418,570,0
6246,1618476573512,503,0
6247,1618476573606,476,0
6248,1618476573700,564,0
6249,1618476573794,526,0
6250,1618476573888,466,0
6251,1618476573982,552,0
6252,1618476574076,548,0
6253,1618476574166,468,0
6254,1618476574260,529,0
6255,1618476574354,566,0
6256,1618476574448,547,0
6257,1618476574542,501,0
6258,1618476574636,570,0
6259,1618476574730,497,0
6260,1618476574824,480,0
6261,1618476574918,568,0
6262,1618476575012,521,0
6263,1618476575106,468,0
6264,1618476575200,551,0
6265,1618476575294,539,0
6266,1618476575386,468,0
6267,1618476575481,533,0
6268,1618476575576,562,0
6269,1618476575671,471,0
6270,1618476575766,503,1
6271,1618476575861,571,1
6272,1618476575956,495,1
6273,1618476576051,483,1
6274,1618476576146,570,1
6275,1618476576241,534,1
6276,1618476576336,500,1
6277,1618476576431,638,1
6278,1618476576526,687,1
6279,1618476576619,669,1
6280,1618476576714,783,1
6281,1618476576809,685,1
6282,1618476576904,467,1
6283,1618476576999,462,1
6284,1618476577094,524,1
6285,1618476577189,437,1
6286,1618476577284,566,1
6287,1618476577379,748,1
6288,1618476577474,525,1
6289,1618476577569,476,1
6290,1618476577664,572,1
6291,1618476577759,535,1
6292,1618476577851,561,1
6293,1618476577945,541,1
6294,1618476578039,555,1
6295,1618476578133,469,1
6296,1618476578227,514,0
6297,1618476578321,568,0
6298,1618476578415,489,0
6299,1618476578509,495,0
6300,1618476578603,572,0
6301,1618476578697,508,0
6302,1618476578791,477,0
6303,1618476578885,564,0
6304,1618476578979,513,0
6305,1618476579073,465,0
6306,1618476579167,547,0
6307,1618476579261,552,0
6308,1618476579355,469,0
6309,1618476579449,522,0
6310,1618476579543,571,0
6311,1618476579637,485,0
6312,1618476579731,495,0
6313,1618476579825,570,0
6314,1618476579919,504,0
6315,1618476580013,477,0
6316,1618476580107,487,0
6317,1618476580201,527,0
6318,1618476580294,468,0
6319,1618476580389,548,0
6320,1618476580484,552,0
6321,1618476580579,470,0
6322,1618476580674,526,0
6323,1618476580769,566,0
6324,1618476580864,481,0
6325,1618476580959,499,0
6326,1618476581054,570,0
6327,1618476581149,501,0
6328,1618476581244,468,0
6329,1618476581339,568,0
6330,1618476581434,526,0
6331,1618476581527,470,0
6332,1618476581622,550,0
6333,1618476581717,547,0
6334,1618476581812,466,0
6335,1618476581907,531,0
6336,1618476582002,562,0
6337,1618476582097,475,0
6338,1618476582192,509,0
6339,1618476582287,572,0
6340,1618476582382,469,0
6341,1618476582477,488,0
6342,1618476582572,570,0
6343,1618476582667,516,0
6344,1618476582762,460,0
6345,1618476582855,553,0
6346,1618476582948,540,0
