12185,1610679567481,473,0
12186,1610679567575,485,0
12187,1610679567669,493,0
12188,1610679567763,482,0
12189,1610679567857,427,0
12190,1610679567951,429,0
12191,1610679568045,503,0
12192,1610679568139,504,0
12193,1610679568233,457,0
12194,1610679568325,449,0
12195,1610679568419,449,0
12196,1610679568513,458,0
12197,1610679568607,508,0
12198,1610679568701,504,0
12199,1610679568795,427,0
12200,1610679568889,430,0
12201,1610679568983,482,0
12202,1610679569077,490,0
12203,1610679569171,487,0
12204,1610679569265,472,0
12205,1610679569359,426,0
12206,1610679569453,433,0
12207,1610679569545,508,0
12208,1610679569639,509,0
12209,1610679569733,449,0
12210,1610679569827,433,0
12211,1610679569921,457,0
12212,1610679570015,465,0
12213,1610679570109,505,0
12214,1610679570203,495,0
12215,1610679570297,429,0
12216,1610679570391,426,0
12217,1610679570485,493,0
12218,1610679570579,495,0
12219,1610679570673,476,0
12220,1610679570762,462,0
12221,1610679570856,435,0
12222,1610679570950,438,0
12223,1610679571044,504,0
12224,1610679571138,508,0
12225,1610679571232,445,1
12226,1610679571326,432,1
12227,1610679571420,455,1
12228,1610679571514,470,1
12229,1610679571608,505,1
12230,1610679571702,495,1
12231,1610679571796,429,1
12232,1610679571890,438,1
12233,1610679571980,540,1
12234,1610679572074,520,1
12235,1610679572168,750,1
12236,1610679572262,442,1
12237,1610679572356,599,1
12238,1610679572450,352,1
12239,1610679572544,284,1
12240,1610679572638,425,1
12241,1610679572732,411,1
12242,1610679572826,422,1
12243,1610679572920,462,1
12244,1610679573014,475,1
12245,1610679573108,494,1
12246,1610679573201,490,1
12247,1610679573295,428,1
12248,1610679573389,426,1
12249,1610679573483,497,1
12250,1610679573577,505,1
12251,1610679573671,464,0
12252,1610679573765,459,0
12253,1610679573859,444,0
12254,1610679573953,450,0
12255,1610679574047,513,0
12256,1610679574141,510,0
12257,1610679574235,432,0
12258,1610679574329,433,0
12259,1610679574421,477,0
12260,1610679574515,488,0
12261,1610679574609,492,0
12262,1610679574703,487,0
12263,1610679574797,423,0
12264,1610679574891,427,0
12265,1610679574985,502,0
12266,1610679575079,507,0
12267,1610679575173,461,0
12268,1610679575267,452,0
12269,1610679575361,442,0
12270,1610679575455,464,0
12271,1610679575549,511,0
12272,1610679575638,505,0
12273,1610679575732,433,0
12274,1610679575826,429,0
12275,1610679575920,484,0
12276,1610679576014,484,0
12277,1610679576108,488,0
12278,1610679576202,481,0
12279,1610679576296,425,0
12280,1610679576390,429,0
12281,1610679576484,506,0
12282,1610679576578,505,0
12283,1610679576672,459,0
12284,1610679576766,450,0
12285,1610679576855,447,0
12286,1610679576949,459,0
12287,1610679577043,507,0
12288,1610679577137,502,0
12289,1610679577231,429,0
12290,1610679577325,427,0
12291,1610679577419,478,0
12292,1610679577513,491,0
12293,1610679577607,484,0
12294,1610679577701,479,0
12295,1610679577795,426,0
12296,1610679577889,435,0
12297,1610679577983,505,0
12298,1610679578076,510,0
12299,1610679578170,451,0
12300,1610679578264,434,0
12301,1610679578358,452,0
12302,1610679578452,457,0
12303,1610679578546,507,0
12304,1610679578640,502,0
12305,1610679578734,430,0
12306,1610679578828,427,0
12307,1610679578922,482,0
12308,1610679579016,486,0
12309,1610679579110,482,0
12310,1610679579204,471,0
12311,1610679579292,432,0
12312,1610679579386,436,0
12313,1610679579480,507,0
12314,1610679579574,506,0
12315,1610679579668,448,0
12316,1610679579762,437,0
12317,1610679579856,453,0
12318,1610679579950,463,0
12319,1610679580044,503,0
12320,1610679580138,495,0
12321,1610679580232,424,0
12322,1610679580326,423,0
12323,1610679580420,491,0
12324,1610679580511,494,0
12325,1610679580606,481,0
12326,1610679580701,469,0
12327,1610679580796,427,0
12328,1610679580891,441,0
12329,1610679580986,503,0
12330,1610679581081,506,0
12331,1610679581176,447,0
12332,1610679581271,436,0
12333,1610679581366,454,0
12334,1610679581461,461,0
12335,1610679581556,503,0
12336,1610679581651,500,0
12337,1610679581740,425,0
12338,1610679581834,423,0
12339,1610679581928,488,0
12340,1610679582022,494,0
12341,1610679582116,477,0
12342,1610679582210,472,0
12343,1610679582304,433,0
12344,1610679582398,432,0
12345,1610679582492,513,0
12346,1610679582586,511,0
12347,1610679582680,444,0
12348,1610679582774,438,0
12349,1610679582868,455,0
12350,1610679582959,460,0
12351,1610679583053,503,0
12352,1610679583147,497,0
12353,1610679583241,427,0
12354,1610679583335,425,0
12355,1610679583429,481,0
12356,1610679583523,494,0
12357,1610679583617,476,0
12358,1610679583711,475,0
12359,1610679583805,430,0
12360,1610679583899,441,0
12361,1610679583993,508,0
12362,1610679584087,503,0
12363,1610679584177,448,0
12364,1610679584271,443,0
12365,1610679584365,452,0
12366,1610679584459,460,0
12367,1610679584553,505,0
12368,1610679584647,504,0
12369,1610679584741,430,0
12370,1610679584835,423,0
12371,1610679584929,478,0
12372,1610679585023,490,0
12373,1610679585117,481,0
12374,1610679585211,473,0
12375,1610679585305,425,1
12376,1610679585405,425,1
12377,1610679585499,502,1
12378,1610679585593,503,1
12379,1610679585687,448,1
12380,1610679585781,445,1
12381,1610679585875,440,1
12382,1610679585969,445,1
12383,1610679586063,491,1
12384,1610679586157,479,1
12385,1610679586251,392,1
12386,1610679586345,353,1
12387,1610679586439,344,1
12388,1610679586533,238,1
12389,1610679586632,394,1
12390,1610679586726,431,1
12391,1610679586820,577,1
12392,1610679586914,535,1
12393,1610679587008,467,1
12394,1610679587102,686,1
12395,1610679587196,610,1
12396,1610679587290,481,1
12397,1610679587384,613,1
12398,1610679587478,467,1
12399,1610679587572,517,1
12400,1610679587666,508,1
12401,1610679587760,438,0
12402,1610679587855,426,0
12403,1610679587949,465,0
12404,1610679588043,474,0
12405,1610679588137,498,0
12406,1610679588231,490,0
12407,1610679588325,424,0
12408,1610679588419,426,0
12409,1610679588513,493,0
12410,1610679588607,494,0
12411,1610679588701,471,0
12412,1610679588795,457,0
12413,1610679588889,433,0
12414,1610679588983,442,0
12415,1610679589082,511,0
12416,1610679589176,508,0
12417,1610679589270,442,0
12418,1610679589364,438,0
12419,1610679589458,459,0
12420,1610679589552,479,0
12421,1610679589646,499,0
12422,1610679589740,500,0
12423,1610679589834,429,0
12424,1610679589928,426,0
12425,1610679590022,488,0
12426,1610679590116,493,0
12427,1610679590210,484,0
12428,1610679590308,473,0
12429,1610679590402,428,0
12430,1610679590496,430,0
12431,1610679590590,505,0
12432,1610679590684,507,0
12433,1610679590778,451,0
12434,1610679590872,450,0
12435,1610679590966,442,0
12436,1610679591060,454,0
12437,1610679591154,508,0
12438,1610679591248,508,0
12439,1610679591342,431,0
12440,1610679591436,432,0
12441,1610679591528,471,0
12442,1610679591621,481,0
12443,1610679591714,492,0
12444,1610679591807,485,0
