10279,1616113636210,446,0
10280,1616113636304,493,0
10281,1616113636398,497,0
10282,1616113636492,444,0
10283,1616113636582,492,0
10284,1616113636676,500,0
10285,1616113636770,452,0
10286,1616113636864,475,0
10287,1616113636958,509,0
10288,1616113637052,461,0
10289,1616113637146,459,0
10290,1616113637240,507,0
10291,1616113637334,468,0
10292,1616113637428,450,0
10293,1616113637522,506,0
10294,1616113637616,478,0
10295,1616113637710,504,0
10296,1616113637800,500,0
10297,1616113637894,485,0
10298,1616113637988,445,0
10299,1616113638082,489,0
10300,1616113638176,497,0
10301,1616113638270,451,0
10302,1616113638364,480,0
10303,1616113638458,502,0
10304,1616113638552,452,0
10305,1616113638646,470,0
10306,1616113638740,510,0
10307,1616113638834,492,0
10308,1616113638928,459,0
10309,1616113639018,508,0
10310,1616113639112,471,0
10311,1616113639206,448,0
10312,1616113639300,504,0
10313,1616113639394,476,0
10314,1616113639488,447,0
10315,1616113639582,493,0
10316,1616113639676,491,0
10317,1616113639770,447,0
10318,1616113639864,490,0
10319,1616113639958,459,0
10320,1616113640052,446,0
10321,1616113640146,479,0
10322,1616113640239,505,0
10323,1616113640333,452,0
10324,1616113640427,471,0
10325,1616113640521,507,0
10326,1616113640615,463,0
10327,1616113640709,456,0
10328,1616113640803,510,0
10329,1616113640897,469,0
10330,1616113640991,450,0
10331,1616113641085,446,0
10332,1616113641179,481,0
10333,1616113641273,446,0
10334,1616113641367,505,0
10335,1616113641457,489,0
10336,1616113641551,444,0
10337,1616113641645,488,0
10338,1616113641739,496,0
10339,1616113641833,447,0
10340,1616113641927,478,0
10341,1616113642021,501,0
10342,1616113642115,452,0
10343,1616113642209,481,0
10344,1616113642303,504,0
10345,1616113642397,461,0
10346,1616113642491,460,0
10347,1616113642585,511,0
10348,1616113642678,469,0
10349,1616113642772,453,0
10350,1616113642866,504,0
10351,1616113642960,483,0
10352,1616113643054,446,0
10353,1616113643148,493,0
10354,1616113643242,488,0
10355,1616113643336,503,0
10356,1616113643430,487,0
10357,1616113643524,497,0
10358,1616113643618,449,0
10359,1616113643712,482,0
10360,1616113643806,507,1
10361,1616113643895,464,1
10362,1616113643989,508,1
10363,1616113644083,609,1
10364,1616113644177,684,1
10365,1616113644271,623,1
10366,1616113644365,530,1
10367,1616113644459,505,1
10368,1616113644553,372,1
10369,1616113644647,486,1
10370,1616113644741,1054,1
10371,1616113644835,446,1
10372,1616113644929,473,1
10373,1616113645023,840,1
10374,1616113645112,311,1
10375,1616113645206,408,1
10376,1616113645300,532,1
10377,1616113645394,491,1
10378,1616113645488,499,1
10379,1616113645582,442,1
10380,1616113645676,443,1
10381,1616113645770,462,0
10382,1616113645864,502,0
10383,1616113645958,459,0
10384,1616113646052,457,0
10385,1616113646146,504,0
10386,1616113646240,468,0
10387,1616113646332,452,0
10388,1616113646426,504,0
10389,1616113646520,479,0
10390,1616113646614,444,0
10391,1616113646708,449,0
10392,1616113646802,489,0
10393,1616113646896,450,0
10394,1616113646990,488,0
10395,1616113647084,500,0
10396,1616113647178,447,0
10397,1616113647272,479,0
10398,1616113647366,507,0
10399,1616113647460,458,0
10400,1616113647551,470,0
10401,1616113647645,509,0
10402,1616113647739,467,0
10403,1616113647833,469,0
10404,1616113647927,505,0
10405,1616113648021,472,0
10406,1616113648115,451,0
10407,1616113648209,503,0
10408,1616113648303,484,0
10409,1616113648397,445,0
10410,1616113648491,499,0
10411,1616113648585,494,0
10412,1616113648679,447,0
10413,1616113648771,486,0
10414,1616113648865,504,0
10415,1616113648959,499,0
10416,1616113649053,478,0
10417,1616113649147,504,0
10418,1616113649241,461,0
10419,1616113649335,467,0
10420,1616113649429,507,0
10421,1616113649523,466,0
10422,1616113649617,460,0
10423,1616113649711,510,0
10424,1616113649805,471,0
10425,1616113649899,450,0
10426,1616113649989,507,0
10427,1616113650083,509,0
10428,1616113650177,448,0
10429,1616113650271,495,0
10430,1616113650365,494,0
10431,1616113650459,447,0
10432,1616113650553,483,0
10433,1616113650647,502,0
10434,1616113650741,449,0
10435,1616113650835,477,0
10436,1616113650929,504,0
10437,1616113651023,456,0
10438,1616113651117,472,0
10439,1616113651207,484,0
10440,1616113651301,461,0
10441,1616113651395,452,0
10442,1616113651489,508,0
10443,1616113651583,475,0
10444,1616113651677,452,0
10445,1616113651771,504,0
10446,1616113651865,484,0
10447,1616113651959,448,0
10448,1616113652053,497,0
10449,1616113652147,494,0
10450,1616113652241,446,0
10451,1616113652335,451,0
10452,1616113652425,504,0
10453,1616113652519,452,0
10454,1616113652613,478,0
10455,1616113652707,511,0
10456,1616113652801,458,0
10457,1616113652895,467,0
10458,1616113652989,505,0
10459,1616113653083,462,0
10460,1616113653177,452,0
10461,1616113653271,510,0
10462,1616113653365,475,0
10463,1616113653459,454,0
10464,1616113653553,503,0
10465,1616113653644,480,0
10466,1616113653738,450,0
10467,1616113653832,495,0
10468,1616113653926,497,0
10469,1616113654020,450,0
10470,1616113654114,493,0
10471,1616113654208,501,0
10472,1616113654302,448,0
10473,1616113654396,476,0
10474,1616113654490,507,0
10475,1616113654584,483,0
10476,1616113654678,465,0
10477,1616113654772,507,0
10478,1616113654866,464,0
10479,1616113654960,460,0
10480,1616113655054,513,0
10481,1616113655148,478,0
10482,1616113655242,449,0
10483,1616113655336,506,0
10484,1616113655430,488,0
10485,1616113655524,449,0
10486,1616113655618,498,0
10487,1616113655712,507,0
10488,1616113655806,445,0
10489,1616113655900,487,0
10490,1616113655994,503,0
10491,1616113656090,452,0
10492,1616113656184,473,0
10493,1616113656278,510,0
10494,1616113656372,460,0
10495,1616113656466,466,0
10496,1616113656560,509,0
10497,1616113656654,468,0
10498,1616113656748,456,0
10499,1616113656842,495,0
10500,1616113656936,474,0
10501,1616113657030,452,0
10502,1616113657124,500,0
10503,1616113657218,486,0
10504,1616113657308,447,0
10505,1616113657404,493,0
10506,1616113657500,495,0
10507,1616113657596,448,0
10508,1616113657692,488,0
10509,1616113657788,502,0
10510,1616113657884,452,0
10511,1616113657980,459,0
10512,1616113658076,513,0
10513,1616113658172,456,0
10514,1616113658268,464,0
10515,1616113658364,514,0
10516,1616113658460,462,0
10517,1616113658560,458,0
10518,1616113658654,507,0
10519,1616113658748,475,0
10520,1616113658842,450,0
10521,1616113658936,502,0
10522,1616113659030,487,0
10523,1616113659124,449,0
10524,1616113659218,492,0
10525,1616113659312,502,0
10526,1616113659406,449,0
10527,1616113659500,481,0
10528,1616113659594,504,0
10529,1616113659688,449,0
10530,1616113659776,474,0
10531,1616113659871,510,0
10532,1616113659966,457,0
10533,1616113660061,465,0
10534,1616113660156,514,0
10535,1616113660251,478,0
10536,1616113660346,456,0
10537,1616113660441,508,0
10538,1616113660536,479,0
10539,1616113660631,446,0
10540,1616113660726,502,0
10541,1616113660821,488,0
10542,1616113660916,446,0
10543,1616113661011,492,0
10544,1616113661105,500,0
10545,1616113661199,449,0
10546,1616113661293,486,0
10547,1616113661387,499,0
10548,1616113661481,455,0
10549,1616113661575,470,0
10550,1616113661669,508,0
10551,1616113661763,460,0
10552,1616113661857,461,0
10553,1616113661951,506,0
10554,1616113662045,470,0
10555,1616113662139,452,0
10556,1616113662232,507,0
10557,1616113662327,481,0
10558,1616113662422,450,0
10559,1616113662517,507,0
10560,1616113662612,492,0
10561,1616113662707,448,0
10562,1616113662802,496,0
10563,1616113662897,504,0
10564,1616113662992,449,0
10565,1616113663087,482,0
10566,1616113663182,504,0
10567,1616113663277,455,0
10568,1616113663372,470,0
10569,1616113663465,514,0
10570,1616113663559,458,0
10571,1616113663653,478,0
10572,1616113663747,508,0
10573,1616113663841,474,0
10574,1616113663935,451,0
10575,1616113664029,507,0
10576,1616113664123,479,0
10577,1616113664217,446,0
10578,1616113664311,501,0
10579,1616113664405,492,0
10580,1616113664499,446,0
10581,1616113664593,488,0
10582,1616113664683,502,0
10583,1616113664778,448,0
10584,1616113664873,479,0
10585,1616113664968,508,0
10586,1616113665063,454,0
10587,1616113665158,468,0
10588,1616113665253,508,0
10589,1616113665348,466,0
10590,1616113665443,454,0
10591,1616113665538,505,0
10592,1616113665633,471,0
10593,1616113665728,443,0
10594,1616113665823,498,0
10595,1616113665919,454,0
10596,1616113666013,447,0
10597,1616113666107,491,0
10598,1616113666201,487,0
10599,1616113666295,438,0
10600,1616113666389,474,1
10601,1616113666483,491,1
10602,1616113666577,435,1
10603,1616113666671,453,1
10604,1616113666765,484,1
10605,1616113666859,432,1
10606,1616113666953,433,1
10607,1616113667047,450,1
10608,1616113667141,407,1
10609,1616113667235,359,1
10610,1616113667329,399,1
10611,1616113667423,318,1
10612,1616113667517,231,1
10613,1616113667611,229,1
10614,1616113667705,342,1
10615,1616113667799,381,1
10616,1616113667893,579,1
10617,1616113667987,536,1
10618,1616113668081,492,1
10619,1616113668175,545,1
10620,1616113668269,555,1
10621,1616113668367,517,1
10622,1616113668461,562,1
10623,1616113668555,642,1
10624,1616113668649,630,1
10625,1616113668743,668,1
10626,1616113668837,762,1
10627,1616113668931,722,1
10628,1616113669025,577,1
10629,1616113669119,561,1
10630,1616113669213,503,1
10631,1616113669307,504,1
10632,1616113669401,511,1
10633,1616113669495,492,1
10634,1616113669584,452,1
10635,1616113669678,495,1
10636,1616113669772,501,1
10637,1616113669866,446,1
10638,1616113669960,487,1
10639,1616113670054,509,1
10640,1616113670148,450,1
10641,1616113670242,473,0
10642,1616113670336,509,0
10643,1616113670430,454,0
10644,1616113670524,461,0
10645,1616113670618,513,0
10646,1616113670712,472,0
10647,1616113670802,454,0
10648,1616113670897,510,0
10649,1616113670992,484,0
10650,1616113671087,453,0
10651,1616113671182,502,0
10652,1616113671277,488,0
10653,1616113671372,451,0
10654,1616113671467,498,0
10655,1616113671562,450,0
10656,1616113671657,448,0
10657,1616113671752,480,0
10658,1616113671847,506,0
10659,1616113671942,450,0
10660,1616113672031,470,0
10661,1616113672126,509,0
10662,1616113672221,462,0
10663,1616113672316,462,0
10664,1616113672411,512,0
10665,1616113672506,474,0
10666,1616113672601,450,0
10667,1616113672696,477,0
10668,1616113672791,484,0
10669,1616113672886,451,0
10670,1616113672981,498,0
10671,1616113673076,497,0
10672,1616113673171,449,0
10673,1616113673268,493,0
10674,1616113673361,501,0
10675,1616113673454,455,0
10676,1616113673547,475,0
10677,1616113673640,506,0
10678,1616113673733,450,0
10679,1616113673826,506,0
10680,1616113673919,509,0
10681,1616113674012,461,0
10682,1616113674105,462,0
