0,1616112660291,511,0
1,1616112660384,453,0
2,1616112660477,410,0
3,1616112660570,499,0
4,1616112660663,413,0
5,1616112660756,409,0
6,1616112660849,486,0
7,1616112660942,493,0
8,1616112661035,407,0
9,1616112661128,455,0
10,1616112661221,511,0
11,1616112661314,422,0
12,1616112661407,432,0
13,1616112661503,509,0
14,1616112661597,445,0
15,1616112661691,412,0
16,1616112661785,403,0
17,1616112661879,465,0
18,1616112661973,406,0
19,1616112662067,482,0
20,1616112662161,492,0
21,1616112662255,411,0
22,1616112662349,460,0
23,1616112662443,500,0
24,1616112662537,419,0
25,1616112662631,436,0
26,1616112662722,508,0
27,1616112662816,439,0
28,1616112662910,430,0
29,1616112663004,498,0
30,1616112663098,461,0
31,1616112663192,406,0
32,1616112663286,485,0
33,1616112663380,483,0
34,1616112663474,400,0
35,1616112663568,459,1
36,1616112663662,495,1
37,1616112663756,410,1
38,1616112663850,431,1
39,1616112663940,491,1
40,1616112664034,432,1
41,1616112664128,382,1
42,1616112664222,457,1
43,1616112664316,407,1
44,1616112664410,354,1
45,1616112664504,433,1
46,1616112664598,444,1
47,1616112664692,376,1
48,1616112664786,459,1
49,1616112664880,502,1
50,1616112664974,427,1
51,1616112665068,465,1
52,1616112665161,511,1
53,1616112665255,443,1
54,1616112665349,438,1
55,1616112665443,513,1
56,1616112665537,454,1
57,1616112665631,408,1
58,1616112665725,496,1
59,1616112665819,481,1
60,1616112665913,403,1
61,1616112666007,477,0
62,1616112666101,495,0
63,1616112666195,411,0
64,1616112666289,508,0
65,1616112666378,508,0
66,1616112666472,426,0
67,1616112666566,434,0
68,1616112666660,508,0
69,1616112666754,451,0
70,1616112666848,413,0
71,1616112666942,500,0
72,1616112667036,472,0
73,1616112667130,408,0
74,1616112667224,484,0
75,1616112667318,492,0
76,1616112667412,507,0
77,1616112667506,457,0
78,1616112667599,512,0
79,1616112667693,421,0
80,1616112667787,434,0
81,1616112667881,509,0
82,1616112667975,442,0
83,1616112668069,418,0
84,1616112668163,509,0
85,1616112668257,469,0
86,1616112668351,407,0
87,1616112668445,487,0
88,1616112668539,473,0
89,1616112668633,409,0
90,1616112668727,465,0
91,1616112668815,509,0
92,1616112668909,418,0
93,1616112669003,440,0
94,1616112669097,510,0
95,1616112669191,436,0
96,1616112669285,424,0
97,1616112669379,505,0
98,1616112669473,465,0
99,1616112669567,407,0
100,1616112669661,445,0
101,1616112669755,484,0
102,1616112669849,404,0
103,1616112669943,470,0
104,1616112670034,504,0
105,1616112670128,414,0
106,1616112670222,446,0
107,1616112670316,514,0
108,1616112670410,435,0
109,1616112670504,425,0
110,1616112670598,510,0
111,1616112670692,455,0
112,1616112670786,418,0
113,1616112670880,496,0
114,1616112670974,478,0
115,1616112671068,406,0
116,1616112671162,475,0
117,1616112671252,499,0
118,1616112671346,417,0
119,1616112671440,450,0
120,1616112671534,510,0
121,1616112671628,426,0
122,1616112671722,425,0
123,1616112671816,509,0
124,1616112671910,404,0
125,1616112672004,413,0
126,1616112672098,500,0
127,1616112672192,475,0
128,1616112672286,406,0
129,1616112672380,482,0
130,1616112672472,495,0
131,1616112672566,412,0
132,1616112672660,454,0
133,1616112672754,509,0
134,1616112672848,426,0
135,1616112672942,432,0
136,1616112673036,416,0
137,1616112673130,446,0
138,1616112673224,415,0
139,1616112673318,499,0
140,1616112673412,469,0
141,1616112673506,411,0
142,1616112673600,484,0
143,1616112673695,493,0
144,1616112673788,408,0
145,1616112673881,458,0
146,1616112673974,507,0
147,1616112674067,420,0
148,1616112674160,451,0
149,1616112674253,509,0
150,1616112674346,442,0
151,1616112674439,421,0
152,1616112674532,504,0
153,1616112674625,464,0
154,1616112674718,403,0
155,1616112674811,488,0
156,1616112674909,487,0
157,1616112675003,407,0
158,1616112675097,467,0
159,1616112675191,503,0
160,1616112675285,481,1
161,1616112675379,437,1
162,1616112675473,506,1
163,1616112675567,429,1
164,1616112675661,414,1
165,1616112675755,496,1
166,1616112675849,445,1
167,1616112675943,386,1
168,1616112676037,473,1
169,1616112676128,470,1
170,1616112676222,407,1
171,1616112676316,470,1
172,1616112676410,494,1
173,1616112676504,393,1
174,1616112676598,416,1
175,1616112676692,480,1
176,1616112676786,401,1
177,1616112676880,397,1
178,1616112676974,489,1
179,1616112677068,438,1
180,1616112677162,400,1
181,1616112677256,492,0
182,1616112677345,472,0
183,1616112677439,404,0
184,1616112677533,506,0
185,1616112677627,492,0
186,1616112677721,406,0
187,1616112677815,452,0
188,1616112677909,507,0
189,1616112678003,421,0
190,1616112678097,432,0
191,1616112678191,510,0
192,1616112678285,449,0
193,1616112678379,412,0
194,1616112678473,501,0
195,1616112678566,472,0
196,1616112678660,497,0
197,1616112678754,480,0
198,1616112678848,494,0
199,1616112678942,410,0
200,1616112679036,455,0
201,1616112679130,508,0
202,1616112679224,425,0
203,1616112679318,433,0
204,1616112679412,510,0
205,1616112679506,448,0
206,1616112679600,418,0
207,1616112679694,504,0
208,1616112679790,451,0
209,1616112679883,405,0
210,1616112679976,487,0
211,1616112680069,490,0
212,1616112680162,409,0
213,1616112680255,464,0
214,1616112680348,507,0
215,1616112680441,419,0
216,1616112680534,437,0
217,1616112680627,508,0
218,1616112680720,440,0
219,1616112680813,418,0
220,1616112680906,427,0
221,1616112681003,463,0
222,1616112681097,409,0
223,1616112681191,489,0
224,1616112681285,487,0
225,1616112681379,410,0
226,1616112681473,465,0
227,1616112681567,504,0
228,1616112681661,417,0
229,1616112681755,439,0
230,1616112681849,511,0
231,1616112681943,437,0
232,1616112682037,406,0
233,1616112682131,505,0
234,1616112682221,464,0
235,1616112682315,409,0
236,1616112682409,488,0
237,1616112682503,485,0
238,1616112682597,408,0
239,1616112682691,470,0
240,1616112682785,503,0
