2978,1618477342604,560,0
2979,1618477342698,523,0
2980,1618477342792,514,0
2981,1618477342886,497,0
2982,1618477342980,516,0
2983,1618477343074,572,0
2984,1618477343168,565,0
2985,1618477343262,492,0
2986,1618477343356,486,0
2987,1618477343450,533,0
2988,1618477343544,542,0
2989,1618477343638,549,0
2990,1618477343732,542,0
2991,1618477343826,483,0
2992,1618477343920,485,0
2993,1618477344014,561,0
2994,1618477344108,564,0
2995,1618477344202,513,0
2996,1618477344296,506,0
2997,1618477344390,508,0
2998,1618477344484,513,0
2999,1618477344578,567,0
3000,1618477344672,562,0
3001,1618477344766,487,0
3002,1618477344860,490,0
3003,1618477344949,537,0
3004,1618477345043,547,0
3005,1618477345137,545,0
3006,1618477345231,531,0
3007,1618477345325,484,0
3008,1618477345419,491,0
3009,1618477345513,562,0
3010,1618477345607,565,0
3011,1618477345701,506,0
3012,1618477345795,490,0
3013,1618477345889,513,0
3014,1618477345983,524,0
3015,1618477346077,560,0
3016,1618477346170,556,0
3017,1618477346264,481,0
3018,1618477346358,478,0
3019,1618477346452,549,0
3020,1618477346546,556,0
3021,1618477346640,531,0
3022,1618477346734,522,0
3023,1618477346828,488,0
3024,1618477346922,493,0
3025,1618477347016,564,0
3026,1618477347110,564,0
3027,1618477347204,501,0
3028,1618477347298,491,0
3029,1618477347396,516,0
3030,1618477347490,525,1
3031,1618477347584,560,1
3032,1618477347678,552,1
3033,1618477347772,484,1
3034,1618477347866,485,1
3035,1618477347960,568,1
3036,1618477348054,612,1
3037,1618477348148,638,1
3038,1618477348242,586,1
3039,1618477348336,539,1
3040,1618477348430,658,1
3041,1618477348524,660,1
3042,1618477348621,570,1
3043,1618477348716,461,1
3044,1618477348811,455,1
3045,1618477348906,505,1
3046,1618477349001,586,1
3047,1618477349096,682,1
3048,1618477349191,888,1
3049,1618477349286,775,1
3050,1618477349381,764,1
3051,1618477349476,715,1
3052,1618477349571,673,1
3053,1618477349666,601,1
3054,1618477349761,560,1
3055,1618477349851,525,1
3056,1618477349945,517,1
3057,1618477350039,569,1
3058,1618477350133,567,1
3059,1618477350227,491,1
3060,1618477350321,486,1
3061,1618477350415,528,0
3062,1618477350509,541,0
3063,1618477350603,544,0
3064,1618477350697,541,0
3065,1618477350791,482,0
3066,1618477350885,483,0
3067,1618477350979,561,0
3068,1618477351072,562,0
3069,1618477351167,517,0
3070,1618477351262,505,0
3071,1618477351357,503,0
3072,1618477351452,520,0
3073,1618477351547,567,0
3074,1618477351642,560,0
3075,1618477351737,491,0
3076,1618477351832,485,0
3077,1618477351927,539,0
3078,1618477352022,541,0
3079,1618477352117,550,0
3080,1618477352212,536,0
3081,1618477352306,482,0
3082,1618477352400,487,0
3083,1618477352494,560,0
3084,1618477352588,563,0
3085,1618477352682,516,0
3086,1618477352776,504,0
3087,1618477352870,505,0
3088,1618477352964,516,0
3089,1618477353058,567,0
3090,1618477353152,561,0
3091,1618477353246,485,0
3092,1618477353340,487,0
3093,1618477353434,537,0
3094,1618477353523,551,0
3095,1618477353617,540,0
3096,1618477353711,535,0
3097,1618477353805,484,0
3098,1618477353899,489,0
3099,1618477353993,563,0
3100,1618477354087,568,0
3101,1618477354181,507,0
3102,1618477354275,495,0
3103,1618477354369,507,0
3104,1618477354463,516,0
3105,1618477354557,565,0
3106,1618477354651,559,0
3107,1618477354743,485,0
3108,1618477354837,484,0
3109,1618477354931,539,0
3110,1618477355025,543,0
3111,1618477355119,539,0
3112,1618477355213,533,0
3113,1618477355307,488,0
3114,1618477355401,487,0
3115,1618477355495,565,0
3116,1618477355589,563,0
3117,1618477355683,504,0
3118,1618477355777,496,0
3119,1618477355871,509,0
3120,1618477355960,518,0
3121,1618477356054,560,0
3122,1618477356148,555,0
3123,1618477356242,482,0
3124,1618477356336,485,0
3125,1618477356430,545,0
3126,1618477356524,546,0
3127,1618477356618,534,0
3128,1618477356712,527,0
3129,1618477356806,486,0
3130,1618477356900,492,0
3131,1618477356994,563,0
3132,1618477357088,563,0
3133,1618477357179,504,0
3134,1618477357273,499,0
3135,1618477357367,516,0
3136,1618477357461,521,0
3137,1618477357555,563,0
3138,1618477357649,555,0
3139,1618477357743,483,0
3140,1618477357837,487,0
3141,1618477357931,548,0
3142,1618477358025,551,0
3143,1618477358119,537,0
3144,1618477358213,528,0
3145,1618477358307,487,0
3146,1618477358398,492,0
3147,1618477358492,566,0
3148,1618477358586,568,0
3149,1618477358680,502,0
3150,1618477358774,497,0
3151,1618477358868,512,0
3152,1618477358962,521,0
3153,1618477359056,563,0
3154,1618477359150,559,0
3155,1618477359244,482,0
3156,1618477359338,489,0
3157,1618477359432,542,0
3158,1618477359526,550,0
3159,1618477359616,543,0
3160,1618477359710,530,0
3161,1618477359804,488,0
3162,1618477359898,497,0
3163,1618477359992,564,0
3164,1618477360086,563,0
3165,1618477360180,505,0
3166,1618477360274,501,0
3167,1618477360368,508,0
3168,1618477360462,514,0
3169,1618477360556,563,0
3170,1618477360650,560,0
3171,1618477360744,485,0
3172,1618477360835,485,0
3173,1618477360929,536,0
3174,1618477361023,547,0
3175,1618477361117,539,0
3176,1618477361211,537,0
3177,1618477361305,484,0
3178,1618477361399,485,0
3179,1618477361493,559,0
3180,1618477361587,560,0
3181,1618477361681,509,0
3182,1618477361775,503,0
3183,1618477361869,501,0
3184,1618477361963,508,0
3185,1618477362053,559,1
3186,1618477362147,560,1
3187,1618477362241,485,1
3188,1618477362335,494,1
3189,1618477362429,560,1
3190,1618477362523,678,1
3191,1618477362617,743,1
3192,1618477362711,790,1
3193,1618477362805,528,1
3194,1618477362899,434,1
3195,1618477362993,482,1
3196,1618477363087,769,1
3197,1618477363181,544,1
3198,1618477363271,541,1
3199,1618477363365,509,1
3200,1618477363459,506,1
3201,1618477363553,562,0
3202,1618477363647,562,0
3203,1618477363741,491,0
3204,1618477363835,484,0
3205,1618477363929,523,0
3206,1618477364023,532,0
3207,1618477364117,555,0
3208,1618477364211,549,0
3209,1618477364305,480,0
3210,1618477364399,483,0
3211,1618477364491,550,0
3212,1618477364585,556,0
3213,1618477364679,536,0
3214,1618477364773,517,0
3215,1618477364867,493,0
3216,1618477364961,494,0
3217,1618477365055,570,0
3218,1618477365149,566,0
3219,1618477365243,499,0
3220,1618477365337,496,0
3221,1618477365431,520,0
3222,1618477365525,533,0
3223,1618477365619,561,0
3224,1618477365711,554,0
3225,1618477365805,484,0
3226,1618477365899,482,0
3227,1618477365993,542,0
3228,1618477366087,551,0
3229,1618477366181,539,0
3230,1618477366275,531,0
3231,1618477366369,485,0
3232,1618477366463,488,0
3233,1618477366557,564,0
3234,1618477366651,567,0
3235,1618477366745,505,0
3236,1618477366839,503,0
3237,1618477366929,502,0
3238,1618477367023,513,0
3239,1618477367117,564,0
3240,1618477367211,564,0
3241,1618477367305,487,0
3242,1618477367399,487,0
3243,1618477367493,532,0
3244,1618477367587,537,0
3245,1618477367681,549,0
3246,1618477367775,545,0
3247,1618477367869,481,0
3248,1618477367963,484,0
3249,1618477368057,557,0
3250,1618477368148,558,0
3251,1618477368242,526,0
3252,1618477368336,507,0
3253,1618477368430,494,0
3254,1618477368524,496,0
3255,1618477368618,563,0
