13359,1610679677916,320,0
13360,1610679678010,311,0
13361,1610679678104,322,0
13362,1610679678198,323,0
13363,1610679678292,309,0
13364,1610679678390,321,0
13365,1610679678484,330,0
13366,1610679678578,317,0
13367,1610679678672,321,0
13368,1610679678766,331,0
13369,1610679678860,315,0
13370,1610679678954,318,0
13371,1610679679048,315,0
13372,1610679679142,317,0
13373,1610679679236,313,0
13374,1610679679330,330,0
13375,1610679679424,319,0
13376,1610679679518,313,0
13377,1610679679616,328,0
13378,1610679679710,321,0
13379,1610679679804,312,0
13380,1610679679898,324,0
13381,1610679679992,326,0
13382,1610679680086,309,0
13383,1610679680180,311,0
13384,1610679680274,326,0
13385,1610679680368,313,0
13386,1610679680462,321,0
13387,1610679680556,326,0
13388,1610679680650,317,0
13389,1610679680744,320,0
13390,1610679680842,330,0
13391,1610679680936,318,0
13392,1610679681030,310,0
13393,1610679681124,331,0
13394,1610679681218,321,0
13395,1610679681312,321,0
13396,1610679681406,329,0
13397,1610679681500,322,0
13398,1610679681594,311,0
13399,1610679681688,325,0
13400,1610679681782,334,0
13401,1610679681876,312,0
13402,1610679681970,319,0
13403,1610679682070,326,0
13404,1610679682164,312,0
13405,1610679682258,319,0
13406,1610679682352,327,0
13407,1610679682446,328,0
13408,1610679682540,315,0
13409,1610679682634,326,0
13410,1610679682728,315,1
13411,1610679682822,315,1
13412,1610679682916,389,1
13413,1610679683010,274,1
13414,1610679683104,297,1
13415,1610679683198,522,1
13416,1610679683297,214,1
13417,1610679683391,-253,1
13418,1610679683485,330,1
13419,1610679683579,145,1
13420,1610679683673,211,1
13421,1610679683767,272,1
13422,1610679683861,298,1
13423,1610679683955,301,1
13424,1610679684049,307,1
13425,1610679684143,322,1
13426,1610679684237,309,0
13427,1610679684331,311,0
13428,1610679684425,324,0
13429,1610679684524,310,0
13430,1610679684618,310,0
13431,1610679684712,312,0
13432,1610679684806,317,0
13433,1610679684900,309,0
13434,1610679684994,328,0
13435,1610679685088,320,0
13436,1610679685182,308,0
13437,1610679685276,327,0
13438,1610679685370,324,0
13439,1610679685464,310,0
13440,1610679685558,324,0
13441,1610679685652,326,0
13442,1610679685744,309,0
13443,1610679685838,305,0
13444,1610679685932,325,0
13445,1610679686026,312,0
13446,1610679686120,317,0
13447,1610679686214,330,0
13448,1610679686308,314,0
13449,1610679686402,313,0
13450,1610679686496,327,0
13451,1610679686590,317,0
13452,1610679686684,308,0
13453,1610679686778,331,0
13454,1610679686872,323,0
13455,1610679686961,315,0
13456,1610679687055,323,0
13457,1610679687149,322,0
13458,1610679687243,311,0
13459,1610679687337,317,0
13460,1610679687431,324,0
13461,1610679687525,306,0
13462,1610679687619,318,0
13463,1610679687713,327,0
13464,1610679687807,314,0
13465,1610679687901,318,0
13466,1610679687995,326,0
13467,1610679688089,326,0
13468,1610679688180,314,0
13469,1610679688274,330,0
13470,1610679688368,320,0
13471,1610679688462,311,0
13472,1610679688556,323,0
13473,1610679688650,319,0
13474,1610679688744,307,0
13475,1610679688838,322,0
13476,1610679688932,324,0
13477,1610679689026,308,0
13478,1610679689120,320,0
13479,1610679689214,324,0
13480,1610679689308,313,0
13481,1610679689402,318,0
13482,1610679689495,325,0
13483,1610679689588,310,0
13484,1610679689681,317,0
13485,1610679689774,336,0
13486,1610679689867,317,0
13487,1610679689960,312,0
13488,1610679690053,330,0
13489,1610679690146,321,0
13490,1610679690239,309,0
13491,1610679690332,315,0
13492,1610679690425,322,0
13493,1610679690518,307,0
13494,1610679690615,325,0
13495,1610679690709,324,0
13496,1610679690803,311,0
13497,1610679690897,318,0
13498,1610679690991,328,0
13499,1610679691085,312,0
13500,1610679691179,316,0
13501,1610679691273,334,0
13502,1610679691367,313,0
13503,1610679691461,307,0
13504,1610679691555,329,0
13505,1610679691649,315,0
13506,1610679691743,312,0
13507,1610679691836,325,0
13508,1610679691930,317,0
13509,1610679692024,311,0
13510,1610679692118,325,0
13511,1610679692212,323,0
13512,1610679692306,310,0
13513,1610679692400,322,0
13514,1610679692494,323,0
13515,1610679692588,315,0
13516,1610679692682,318,0
13517,1610679692776,334,0
13518,1610679692870,310,0
13519,1610679692964,316,0
13520,1610679693055,327,0
13521,1610679693149,313,0
13522,1610679693243,313,0
13523,1610679693337,329,0
13524,1610679693431,313,0
13525,1610679693525,310,0
13526,1610679693619,326,0
13527,1610679693713,323,0
13528,1610679693807,309,0
13529,1610679693901,322,0
13530,1610679693995,320,0
13531,1610679694089,311,0
13532,1610679694183,320,0
13533,1610679694274,329,0
13534,1610679694368,311,0
13535,1610679694462,320,0
13536,1610679694556,327,0
13537,1610679694650,313,0
13538,1610679694744,316,0
13539,1610679694838,326,0
13540,1610679694932,313,0
13541,1610679695026,312,0
13542,1610679695120,329,0
13543,1610679695214,312,0
13544,1610679695308,309,0
13545,1610679695402,322,0
13546,1610679695492,315,0
13547,1610679695586,311,0
13548,1610679695680,320,0
13549,1610679695774,326,0
13550,1610679695868,305,0
13551,1610679695962,313,0
13552,1610679696056,322,0
13553,1610679696150,307,0
13554,1610679696244,311,0
13555,1610679696338,320,0
13556,1610679696432,304,0
13557,1610679696526,310,0
13558,1610679696620,319,0
13559,1610679696712,305,0
13560,1610679696806,301,1
13561,1610679696900,317,1
13562,1610679696994,301,1
13563,1610679697088,292,1
13564,1610679697182,309,1
13565,1610679697276,298,1
13566,1610679697370,284,1
13567,1610679697464,286,1
13568,1610679697558,278,1
13569,1610679697652,250,1
13570,1610679697746,257,1
13571,1610679697840,242,1
13572,1610679697933,201,1
13573,1610679698027,185,1
13574,1610679698121,172,1
13575,1610679698215,169,1
13576,1610679698309,226,1
13577,1610679698403,308,1
13578,1610679698497,310,1
13579,1610679698591,248,1
13580,1610679698685,232,1
13581,1610679698779,172,1
13582,1610679698873,123,1
13583,1610679698967,178,1
13584,1610679699061,298,1
13585,1610679699149,467,1
13586,1610679699243,555,1
13587,1610679699337,697,1
13588,1610679699431,552,1
13589,1610679699525,396,1
13590,1610679699619,290,1
13591,1610679699713,155,1
13592,1610679699807,27,1
13593,1610679699901,175,1
13594,1610679699995,293,1
13595,1610679700089,303,1
13596,1610679700183,282,1
13597,1610679700277,267,1
13598,1610679700366,268,1
13599,1610679700461,296,1
13600,1610679700556,299,1
13601,1610679700651,293,0
13602,1610679700746,312,0
13603,1610679700841,308,0
13604,1610679700936,296,0
13605,1610679701031,310,0
13606,1610679701126,315,0
13607,1610679701221,307,0
13608,1610679701316,313,0
13609,1610679701411,321,0
13610,1610679701506,302,0
13611,1610679701597,318,0
13612,1610679701690,325,0
13613,1610679701783,307,0
13614,1610679701876,312,0
13615,1610679701969,324,0
13616,1610679702062,312,0
13617,1610679702155,310,0
13618,1610679702248,322,0
13619,1610679702341,318,0
13620,1610679702434,305,0
13621,1610679702527,321,0
13622,1610679702620,319,0
13623,1610679702713,310,0
13624,1610679702812,320,0
13625,1610679702906,321,0
13626,1610679703000,311,0
13627,1610679703094,315,0
13628,1610679703188,323,0
13629,1610679703282,307,0
13630,1610679703376,316,0
13631,1610679703470,322,0
13632,1610679703564,310,0
13633,1610679703658,310,0
13634,1610679703752,328,0
