4667,1616113106828,489,0
4668,1616113106922,508,0
4669,1616113107016,484,0
4670,1616113107110,501,0
4671,1616113107204,508,0
4672,1616113107298,486,0
4673,1616113107392,493,0
4674,1616113107486,514,0
4675,1616113107580,490,0
4676,1616113107674,488,0
4677,1616113107768,516,0
4678,1616113107862,497,0
4679,1616113107956,503,0
4680,1616113108048,511,0
4681,1616113108143,502,0
4682,1616113108238,487,0
4683,1616113108333,512,0
4684,1616113108428,508,0
4685,1616113108523,481,0
4686,1616113108618,505,0
4687,1616113108713,512,0
4688,1616113108808,484,0
4689,1616113108903,501,0
4690,1616113108998,513,0
4691,1616113109093,514,0
4692,1616113109188,495,0
4693,1616113109282,509,0
4694,1616113109376,490,0
4695,1616113109470,489,0
4696,1616113109564,515,0
4697,1616113109658,492,0
4698,1616113109752,486,0
4699,1616113109846,510,0
4700,1616113109940,495,0
4701,1616113110034,484,0
4702,1616113110128,512,0
4703,1616113110222,503,0
4704,1616113110316,481,0
4705,1616113110410,504,0
4706,1616113110500,507,0
4707,1616113110594,485,0
4708,1616113110688,502,0
4709,1616113110782,514,0
4710,1616113110876,485,0
4711,1616113110970,493,0
4712,1616113111064,516,0
4713,1616113111158,486,0
4714,1616113111252,482,0
4715,1616113111346,485,0
4716,1616113111440,491,0
4717,1616113111534,484,0
4718,1616113111628,509,0
4719,1616113111720,500,0
4720,1616113111814,483,0
4721,1616113111908,508,0
4722,1616113112002,505,0
4723,1616113112096,487,0
4724,1616113112190,506,0
4725,1616113112284,513,0
4726,1616113112378,489,0
4727,1616113112472,486,0
4728,1616113112566,516,0
4729,1616113112660,488,0
4730,1616113112754,498,1
4731,1616113112848,523,1
4732,1616113112941,498,1
4733,1616113113034,498,1
4734,1616113113127,529,1
4735,1616113113220,519,1
4736,1616113113313,522,1
4737,1616113113406,567,1
4738,1616113113499,579,1
4739,1616113113592,616,1
4740,1616113113685,577,1
4741,1616113113778,550,1
4742,1616113113871,564,1
4743,1616113113964,532,1
4744,1616113114057,554,1
4745,1616113114156,436,1
4746,1616113114250,480,1
4747,1616113114344,622,1
4748,1616113114438,700,1
4749,1616113114532,553,1
4750,1616113114626,422,1
4751,1616113114720,441,1
4752,1616113114814,455,1
4753,1616113114908,494,1
4754,1616113115002,485,1
4755,1616113115096,480,1
4756,1616113115190,505,0
4757,1616113115284,501,0
4758,1616113115375,482,0
4759,1616113115469,509,0
4760,1616113115563,504,0
4761,1616113115657,483,0
4762,1616113115751,504,0
4763,1616113115845,506,0
4764,1616113115939,484,0
4765,1616113116033,498,0
4766,1616113116127,511,0
4767,1616113116221,485,0
4768,1616113116315,495,0
4769,1616113116409,513,0
4770,1616113116503,492,0
4771,1616113116596,488,0
4772,1616113116690,514,0
4773,1616113116784,495,0
4774,1616113116878,478,0
4775,1616113116972,489,0
4776,1616113117066,501,0
4777,1616113117160,482,0
4778,1616113117254,503,0
4779,1616113117348,504,0
4780,1616113117442,481,0
4781,1616113117536,503,0
4782,1616113117630,505,0
4783,1616113117724,479,0
4784,1616113117815,492,0
4785,1616113117909,504,0
4786,1616113118003,480,0
4787,1616113118097,473,0
4788,1616113118191,512,0
4789,1616113118285,486,0
4790,1616113118379,482,0
4791,1616113118473,506,0
4792,1616113118567,489,0
4793,1616113118661,477,0
4794,1616113118755,505,0
4795,1616113118849,493,0
4796,1616113118943,475,0
4797,1616113119032,500,0
4798,1616113119126,501,0
4799,1616113119220,483,0
4800,1616113119314,496,0
4801,1616113119408,504,0
4802,1616113119502,473,0
4803,1616113119596,491,0
4804,1616113119690,497,0
4805,1616113119784,473,1
4806,1616113119878,472,1
4807,1616113119972,494,1
4808,1616113120066,468,1
4809,1616113120160,456,1
4810,1616113120252,477,1
4811,1616113120346,463,1
4812,1616113120440,420,1
4813,1616113120534,418,1
4814,1616113120628,372,1
4815,1616113120722,272,1
4816,1616113120816,516,1
4817,1616113120910,594,1
4818,1616113121004,607,1
4819,1616113121098,641,1
4820,1616113121192,708,1
4821,1616113121286,762,1
4822,1616113121380,705,1
4823,1616113121469,722,1
4824,1616113121563,626,1
4825,1616113121657,625,1
4826,1616113121751,430,1
4827,1616113121845,533,1
4828,1616113121939,574,1
4829,1616113122033,371,1
4830,1616113122127,360,1
4831,1616113122221,405,1
4832,1616113122315,458,1
4833,1616113122409,469,1
4834,1616113122503,460,1
4835,1616113122597,477,1
4836,1616113122689,495,1
4837,1616113122783,470,1
4838,1616113122877,490,1
4839,1616113122971,509,1
4840,1616113123065,478,1
4841,1616113123159,493,0
4842,1616113123253,507,0
4843,1616113123347,480,0
4844,1616113123441,489,0
4845,1616113123535,513,0
4846,1616113123629,490,0
4847,1616113123723,481,0
4848,1616113123817,511,0
4849,1616113123908,497,0
4850,1616113124002,481,0
4851,1616113124096,509,0
4852,1616113124190,503,0
4853,1616113124284,483,0
4854,1616113124378,499,0
4855,1616113124472,509,0
4856,1616113124566,479,0
4857,1616113124660,500,0
4858,1616113124754,510,0
4859,1616113124848,488,0
4860,1616113124942,496,0
4861,1616113125036,510,0
4862,1616113125127,489,0
4863,1616113125221,490,0
4864,1616113125315,512,0
4865,1616113125409,496,0
4866,1616113125503,485,0
4867,1616113125597,509,0
4868,1616113125691,498,0
4869,1616113125785,483,0
4870,1616113125879,509,0
4871,1616113125973,503,0
4872,1616113126067,483,0
4873,1616113126161,503,0
4874,1616113126255,509,0
4875,1616113126344,481,0
4876,1616113126438,500,0
4877,1616113126532,514,0
4878,1616113126626,486,0
4879,1616113126720,496,0
4880,1616113126814,511,0
4881,1616113126908,489,0
4882,1616113127002,489,0
4883,1616113127096,511,0
4884,1616113127190,491,0
4885,1616113127284,483,0
4886,1616113127378,515,0
4887,1616113127472,497,0
4888,1616113127564,481,0
4889,1616113127658,509,0
4890,1616113127752,508,0
4891,1616113127846,480,0
4892,1616113127940,499,0
4893,1616113128034,510,0
