4804,1618477939476,236,0
4805,1618477939570,236,0
4806,1618477939664,232,0
4807,1618477939758,236,0
4808,1618477939852,243,0
4809,1618477939943,228,0
4810,1618477940037,230,0
4811,1618477940131,227,0
4812,1618477940225,227,0
4813,1618477940319,223,0
4814,1618477940413,244,0
4815,1618477940507,230,0
4816,1618477940601,227,0
4817,1618477940695,242,0
4818,1618477940789,235,0
4819,1618477940883,227,0
4820,1618477940977,237,0
4821,1618477941071,239,0
4822,1618477941159,223,0
4823,1618477941253,224,0
4824,1618477941347,236,0
4825,1618477941441,227,0
4826,1618477941535,233,0
4827,1618477941629,239,0
4828,1618477941723,229,0
4829,1618477941817,231,0
4830,1618477941911,241,0
4831,1618477942005,228,0
4832,1618477942099,221,0
4833,1618477942193,242,0
4834,1618477942287,233,0
4835,1618477942379,239,0
4836,1618477942473,242,0
4837,1618477942567,236,0
4838,1618477942661,223,0
4839,1618477942755,242,0
4840,1618477942849,239,0
4841,1618477942943,227,0
4842,1618477943037,233,0
4843,1618477943131,244,0
4844,1618477943225,224,0
4845,1618477943319,236,0
4846,1618477943413,244,0
4847,1618477943507,243,0
4848,1618477943597,234,0
4849,1618477943691,247,0
4850,1618477943785,231,1
4851,1618477943879,231,1
4852,1618477943973,245,1
4853,1618477944067,237,1
4854,1618477944161,232,1
4855,1618477944255,254,1
4856,1618477944349,260,1
4857,1618477944443,265,1
4858,1618477944537,310,1
4859,1618477944631,322,1
4860,1618477944725,243,1
4861,1618477944817,142,1
4862,1618477944911,172,1
4863,1618477945005,192,1
4864,1618477945099,223,1
4865,1618477945193,259,1
4866,1618477945287,198,1
4867,1618477945381,155,1
4868,1618477945475,206,1
4869,1618477945569,220,1
4870,1618477945663,223,1
4871,1618477945757,226,0
4872,1618477945851,230,0
4873,1618477945945,222,0
4874,1618477946043,239,0
4875,1618477946137,235,0
4876,1618477946231,225,0
4877,1618477946325,237,0
4878,1618477946419,239,0
4879,1618477946513,232,0
4880,1618477946607,235,0
4881,1618477946701,242,0
4882,1618477946795,223,0
4883,1618477946889,225,0
4884,1618477946983,243,0
4885,1618477947077,227,0
4886,1618477947171,231,0
4887,1618477947262,244,0
4888,1618477947356,226,0
4889,1618477947450,230,0
4890,1618477947544,243,0
4891,1618477947638,233,0
4892,1618477947732,222,0
4893,1618477947826,242,0
4894,1618477947920,235,0
4895,1618477948014,230,0
4896,1618477948108,235,0
4897,1618477948202,235,0
4898,1618477948296,228,0
4899,1618477948390,235,0
4900,1618477948480,241,0
4901,1618477948574,222,0
4902,1618477948668,233,0
4903,1618477948762,240,0
4904,1618477948856,230,0
4905,1618477948950,232,0
4906,1618477949044,242,0
4907,1618477949138,241,0
4908,1618477949232,229,0
4909,1618477949326,242,0
4910,1618477949420,232,0
4911,1618477949514,225,0
4912,1618477949608,236,0
4913,1618477949699,234,0
4914,1618477949794,221,0
4915,1618477949889,238,0
4916,1618477949984,239,0
4917,1618477950079,222,0
4918,1618477950174,233,0
4919,1618477950269,241,0
4920,1618477950364,228,0
4921,1618477950459,239,0
4922,1618477950554,244,0
4923,1618477950649,221,0
4924,1618477950744,228,0
4925,1618477950839,241,0
4926,1618477950935,231,0
4927,1618477951029,223,0
4928,1618477951123,241,0
4929,1618477951217,233,0
4930,1618477951311,226,0
4931,1618477951405,233,0
4932,1618477951499,232,0
4933,1618477951593,221,0
4934,1618477951687,238,0
4935,1618477951781,238,0
4936,1618477951875,228,0
4937,1618477951969,231,0
4938,1618477952063,244,0
4939,1618477952154,229,0
4940,1618477952248,229,0
4941,1618477952342,244,0
4942,1618477952436,229,0
4943,1618477952530,221,0
4944,1618477952624,245,0
4945,1618477952718,233,0
4946,1618477952812,222,0
4947,1618477952906,240,0
4948,1618477953000,231,0
4949,1618477953094,224,0
4950,1618477953188,243,0
4951,1618477953282,237,0
4952,1618477953371,223,0
4953,1618477953466,237,0
4954,1618477953561,236,0
4955,1618477953656,230,0
4956,1618477953751,237,0
4957,1618477953846,241,0
4958,1618477953941,226,0
4959,1618477954036,230,0
4960,1618477954131,246,0
4961,1618477954226,227,0
4962,1618477954321,228,0
4963,1618477954416,244,0
4964,1618477954511,231,0
4965,1618477954605,225,0
4966,1618477954700,243,0
4967,1618477954795,247,0
4968,1618477954890,224,0
4969,1618477954985,238,0
4970,1618477955080,237,0
4971,1618477955175,222,0
4972,1618477955270,234,0
4973,1618477955365,238,0
4974,1618477955460,230,0
4975,1618477955555,234,0
4976,1618477955650,245,0
4977,1618477955745,227,0
4978,1618477955839,231,0
4979,1618477955933,242,0
4980,1618477956027,227,0
4981,1618477956121,229,0
4982,1618477956215,243,0
4983,1618477956309,230,0
4984,1618477956403,230,0
4985,1618477956497,241,0
4986,1618477956591,230,0
4987,1618477956685,226,0
4988,1618477956779,237,0
4989,1618477956873,237,0
4990,1618477956967,223,0
4991,1618477957060,230,0
4992,1618477957154,238,0
4993,1618477957248,225,0
4994,1618477957342,231,0
4995,1618477957436,239,0
4996,1618477957530,226,0
4997,1618477957624,227,0
4998,1618477957718,239,0
4999,1618477957812,224,0
5000,1618477957906,223,1
5001,1618477958000,240,1
5002,1618477958094,217,1
5003,1618477958188,197,1
5004,1618477958278,204,1
5005,1618477958373,157,1
5006,1618477958468,181,1
5007,1618477958563,218,1
5008,1618477958658,265,1
5009,1618477958753,276,1
5010,1618477958848,232,1
5011,1618477958943,201,1
5012,1618477959038,169,1
5013,1618477959133,167,1
5014,1618477959228,142,1
5015,1618477959323,157,1
5016,1618477959418,195,1
5017,1618477959513,321,1
5018,1618477959607,303,1
5019,1618477959701,331,1
5020,1618477959795,327,1
5021,1618477959889,302,1
5022,1618477959983,286,1
5023,1618477960077,293,1
5024,1618477960171,274,1
5025,1618477960265,248,1
5026,1618477960359,259,1
5027,1618477960453,251,1
5028,1618477960547,234,1
5029,1618477960641,242,1
5030,1618477960733,244,1
5031,1618477960827,229,1
5032,1618477960921,237,1
5033,1618477961015,242,1
5034,1618477961109,231,1
5035,1618477961203,233,1
5036,1618477961297,247,0
5037,1618477961391,234,0
5038,1618477961485,226,0
5039,1618477961579,242,0
5040,1618477961673,233,0
5041,1618477961767,226,0
5042,1618477961861,240,0
5043,1618477961950,239,0
5044,1618477962044,223,0
5045,1618477962138,236,0
5046,1618477962232,239,0
5047,1618477962326,226,0
5048,1618477962420,232,0
5049,1618477962514,237,0
5050,1618477962608,224,0
5051,1618477962702,236,0
5052,1618477962796,243,0
5053,1618477962890,228,0
5054,1618477962984,231,0
5055,1618477963078,239,0
5056,1618477963169,233,0
5057,1618477963263,228,0
5058,1618477963357,239,0
5059,1618477963451,237,0
5060,1618477963545,223,0
5061,1618477963639,238,0
5062,1618477963733,233,0
5063,1618477963827,225,0
5064,1618477963921,234,0
5065,1618477964015,239,0
5066,1618477964109,226,0
5067,1618477964203,233,0
5068,1618477964297,243,0
5069,1618477964387,223,0
