5039,1618477966236,388,0
5040,1618477966330,382,0
5041,1618477966424,371,0
5042,1618477966518,383,0
5043,1618477966612,383,0
5044,1618477966706,367,0
5045,1618477966800,371,0
5046,1618477966894,386,0
5047,1618477966988,370,0
5048,1618477967082,374,0
5049,1618477967176,387,0
5050,1618477967270,373,0
5051,1618477967364,376,0
5052,1618477967458,385,0
5053,1618477967552,376,0
5054,1618477967646,369,0
5055,1618477967740,388,0
5056,1618477967837,379,0
5057,1618477967933,383,0
5058,1618477968029,384,0
5059,1618477968125,389,0
5060,1618477968221,368,0
5061,1618477968317,382,0
5062,1618477968413,387,0
5063,1618477968509,372,0
5064,1618477968605,382,0
5065,1618477968701,386,0
5066,1618477968797,369,0
5067,1618477968893,379,0
5068,1618477968989,387,0
5069,1618477969080,392,0
5070,1618477969174,378,0
5071,1618477969268,390,0
5072,1618477969362,376,0
5073,1618477969456,373,0
5074,1618477969550,385,0
5075,1618477969644,376,0
5076,1618477969738,369,0
5077,1618477969832,385,0
5078,1618477969926,387,0
5079,1618477970020,370,0
5080,1618477970114,385,0
5081,1618477970208,382,0
5082,1618477970300,372,0
5083,1618477970394,377,0
5084,1618477970488,385,0
5085,1618477970582,375,0
5086,1618477970676,382,0
5087,1618477970770,388,0
5088,1618477970864,377,0
5089,1618477970958,376,0
5090,1618477971052,392,1
5091,1618477971146,382,1
5092,1618477971240,388,1
5093,1618477971334,399,1
5094,1618477971428,425,1
5095,1618477971523,449,1
5096,1618477971617,471,1
5097,1618477971711,367,1
5098,1618477971805,277,1
5099,1618477971899,340,1
5100,1618477971993,383,1
5101,1618477972087,407,1
5102,1618477972181,332,1
5103,1618477972275,327,1
5104,1618477972369,325,1
5105,1618477972463,356,1
5106,1618477972557,380,1
5107,1618477972651,367,1
5108,1618477972742,372,1
5109,1618477972837,385,1
5110,1618477972932,374,1
5111,1618477973027,373,0
5112,1618477973122,388,0
5113,1618477973217,376,0
5114,1618477973312,365,0
5115,1618477973407,385,0
5116,1618477973502,382,0
5117,1618477973597,380,0
5118,1618477973692,383,0
5119,1618477973787,384,0
5120,1618477973882,370,0
5121,1618477973977,380,0
5122,1618477974071,385,0
5123,1618477974165,367,0
5124,1618477974259,378,0
5125,1618477974353,388,0
5126,1618477974447,373,0
5127,1618477974541,376,0
5128,1618477974635,385,0
5129,1618477974729,385,0
5130,1618477974823,371,0
5131,1618477974917,383,0
5132,1618477975011,378,0
5133,1618477975105,371,0
5134,1618477975195,384,0
5135,1618477975290,381,0
5136,1618477975385,366,0
5137,1618477975480,386,0
5138,1618477975575,384,0
5139,1618477975670,366,0
5140,1618477975765,380,0
5141,1618477975860,386,0
5142,1618477975955,378,0
5143,1618477976050,377,0
5144,1618477976145,386,0
5145,1618477976240,370,0
5146,1618477976335,377,0
5147,1618477976433,391,0
5148,1618477976527,374,0
5149,1618477976621,373,0
5150,1618477976715,389,0
5151,1618477976809,378,0
5152,1618477976903,369,0
5153,1618477976997,377,0
5154,1618477977091,382,0
5155,1618477977185,369,0
5156,1618477977279,382,0
5157,1618477977373,383,0
5158,1618477977467,372,0
5159,1618477977561,379,0
5160,1618477977651,388,0
5161,1618477977746,371,0
5162,1618477977841,376,0
5163,1618477977936,390,0
5164,1618477978031,375,0
5165,1618477978126,367,0
5166,1618477978221,391,0
5167,1618477978316,378,0
5168,1618477978411,369,0
5169,1618477978506,385,0
5170,1618477978601,383,0
5171,1618477978696,371,0
5172,1618477978791,387,0
5173,1618477978884,384,0
5174,1618477978978,372,0
5175,1618477979072,384,0
5176,1618477979166,385,0
5177,1618477979260,374,0
5178,1618477979354,380,0
5179,1618477979448,385,0
5180,1618477979542,370,0
5181,1618477979636,374,0
5182,1618477979730,390,0
5183,1618477979824,377,0
5184,1618477979918,374,0
5185,1618477980012,389,0
5186,1618477980106,376,0
5187,1618477980201,374,0
5188,1618477980296,384,0
5189,1618477980391,383,0
5190,1618477980486,372,0
5191,1618477980581,385,0
5192,1618477980676,380,0
5193,1618477980771,367,0
5194,1618477980866,376,0
5195,1618477980961,383,0
5196,1618477981056,370,0
5197,1618477981151,377,0
5198,1618477981246,387,0
5199,1618477981337,368,0
5200,1618477981431,372,0
5201,1618477981525,381,0
5202,1618477981619,371,0
5203,1618477981713,367,0
5204,1618477981807,385,0
5205,1618477981901,369,1
5206,1618477981995,365,1
5207,1618477982089,373,1
5208,1618477982183,351,1
5209,1618477982277,323,1
5210,1618477982371,299,1
5211,1618477982465,328,1
5212,1618477982556,326,1
5213,1618477982650,340,1
5214,1618477982744,388,1
5215,1618477982838,416,1
5216,1618477982932,410,1
5217,1618477983026,383,1
5218,1618477983120,343,1
5219,1618477983214,333,1
5220,1618477983308,304,1
5221,1618477983402,280,1
5222,1618477983496,246,1
5223,1618477983590,398,1
5224,1618477983684,396,1
5225,1618477983774,429,1
5226,1618477983868,475,1
5227,1618477983962,461,1
5228,1618477984056,449,1
5229,1618477984150,444,1
5230,1618477984244,421,1
5231,1618477984338,395,1
5232,1618477984432,404,1
5233,1618477984526,400,1
5234,1618477984620,379,1
5235,1618477984714,385,1
5236,1618477984808,397,0
5237,1618477984902,378,0
5238,1618477984992,380,0
5239,1618477985087,388,0
5240,1618477985182,375,0
5241,1618477985277,375,0
5242,1618477985372,388,0
5243,1618477985467,382,0
5244,1618477985562,372,0
5245,1618477985657,390,0
5246,1618477985752,381,0
5247,1618477985847,368,0
5248,1618477985942,386,0
5249,1618477986037,381,0
5250,1618477986132,370,0
5251,1618477986227,381,0
5252,1618477986321,384,0
5253,1618477986415,370,0
5254,1618477986509,380,0
5255,1618477986603,388,0
5256,1618477986697,372,0
5257,1618477986791,376,0
5258,1618477986885,389,0
5259,1618477986979,373,0
5260,1618477987073,372,0
5261,1618477987167,390,0
5262,1618477987261,380,0
5263,1618477987355,370,0
5264,1618477987445,386,0
5265,1618477987539,380,0
5266,1618477987633,370,0
5267,1618477987727,382,0
5268,1618477987821,390,0
5269,1618477987915,372,0
5270,1618477988009,379,0
5271,1618477988103,384,0
5272,1618477988197,370,0
5273,1618477988291,379,0
5274,1618477988385,392,0
5275,1618477988479,372,0
5276,1618477988573,376,0
5277,1618477988667,385,0
