6440,1618478093173,252,0
6441,1618478093267,255,0
6442,1618478093361,203,0
6443,1618478093455,236,0
6444,1618478093549,262,0
6445,1618478093643,204,0
6446,1618478093737,224,0
6447,1618478093837,255,0
6448,1618478093931,216,0
6449,1618478094025,211,0
6450,1618478094119,262,0
6451,1618478094213,234,0
6452,1618478094307,206,0
6453,1618478094401,257,0
6454,1618478094495,253,0
6455,1618478094589,199,0
6456,1618478094683,244,0
6457,1618478094777,262,0
6458,1618478094871,204,0
6459,1618478094965,261,0
6460,1618478095056,269,0
6461,1618478095151,219,0
6462,1618478095246,215,0
6463,1618478095341,266,0
6464,1618478095436,239,0
6465,1618478095531,201,0
6466,1618478095626,260,0
6467,1618478095721,248,0
6468,1618478095816,202,0
6469,1618478095911,244,0
6470,1618478096006,262,0
6471,1618478096101,268,0
6472,1618478096196,227,0
6473,1618478096289,267,0
6474,1618478096383,210,0
6475,1618478096477,217,0
6476,1618478096571,262,0
6477,1618478096665,227,0
6478,1618478096759,205,0
6479,1618478096853,259,0
6480,1618478096947,238,0
6481,1618478097041,201,0
6482,1618478097135,249,0
6483,1618478097229,250,0
6484,1618478097323,202,0
6485,1618478097417,234,0
6486,1618478097510,263,0
6487,1618478097605,215,0
6488,1618478097700,220,0
6489,1618478097795,265,0
6490,1618478097890,229,1
6491,1618478097985,209,1
6492,1618478098080,259,1
6493,1618478098175,240,1
6494,1618478098270,202,1
6495,1618478098365,233,1
6496,1618478098460,261,1
6497,1618478098555,218,1
6498,1618478098650,256,1
6499,1618478098745,297,1
6500,1618478098839,271,1
6501,1618478098933,295,1
6502,1618478099027,344,1
6503,1618478099121,229,1
6504,1618478099215,120,1
6505,1618478099309,189,1
6506,1618478099403,202,1
6507,1618478099497,208,1
6508,1618478099591,227,1
6509,1618478099685,221,1
6510,1618478099779,123,1
6511,1618478099873,203,1
6512,1618478099964,248,1
6513,1618478100059,201,1
6514,1618478100154,219,1
6515,1618478100249,262,1
6516,1618478100344,215,1
6517,1618478100439,215,1
6518,1618478100534,264,1
6519,1618478100629,199,1
6520,1618478100724,202,1
6521,1618478100819,255,0
6522,1618478100914,245,0
6523,1618478101009,198,0
6524,1618478101104,239,0
6525,1618478101200,256,0
6526,1618478101294,205,0
6527,1618478101388,228,0
6528,1618478101482,270,0
6529,1618478101576,213,0
6530,1618478101670,211,0
6531,1618478101764,202,0
6532,1618478101858,227,0
6533,1618478101952,208,0
6534,1618478102046,255,0
6535,1618478102140,246,0
6536,1618478102234,207,0
6537,1618478102328,245,0
6538,1618478102416,257,0
6539,1618478102511,201,0
6540,1618478102606,233,0
6541,1618478102701,265,0
6542,1618478102796,212,0
6543,1618478102891,228,0
6544,1618478102986,268,0
6545,1618478103081,228,0
6546,1618478103176,205,0
6547,1618478103271,262,0
6548,1618478103366,242,0
6549,1618478103461,202,0
6550,1618478103556,252,0
6551,1618478103648,253,0
6552,1618478103742,208,0
6553,1618478103836,235,0
6554,1618478103930,263,0
6555,1618478104024,240,0
6556,1618478104118,221,0
6557,1618478104212,265,0
6558,1618478104306,221,0
6559,1618478104400,205,0
6560,1618478104494,264,0
6561,1618478104588,237,0
6562,1618478104682,201,0
6563,1618478104776,253,0
6564,1618478104868,254,0
6565,1618478104962,201,0
6566,1618478105056,234,0
6567,1618478105150,257,0
6568,1618478105244,212,0
6569,1618478105338,223,0
6570,1618478105432,269,0
6571,1618478105526,221,0
6572,1618478105620,208,0
6573,1618478105714,264,0
6574,1618478105808,237,0
6575,1618478105902,205,0
6576,1618478105996,256,0
6577,1618478106087,248,0
6578,1618478106181,201,0
6579,1618478106275,268,0
6580,1618478106369,258,0
6581,1618478106463,203,0
6582,1618478106557,225,0
6583,1618478106651,268,0
6584,1618478106745,222,0
6585,1618478106839,215,0
6586,1618478106933,264,0
6587,1618478107027,231,0
6588,1618478107121,200,0
6589,1618478107215,257,0
6590,1618478107305,244,0
6591,1618478107400,257,0
6592,1618478107495,242,0
6593,1618478107590,256,0
6594,1618478107685,204,0
6595,1618478107780,230,0
6596,1618478107875,266,0
6597,1618478107970,215,0
6598,1618478108065,209,0
6599,1618478108160,267,0
6600,1618478108255,229,0
6601,1618478108350,206,0
6602,1618478108445,257,0
6603,1618478108540,235,0
6604,1618478108634,201,0
6605,1618478108728,250,0
6606,1618478108822,257,0
6607,1618478108916,202,0
6608,1618478109010,231,0
6609,1618478109104,266,0
6610,1618478109198,213,0
6611,1618478109292,216,0
6612,1618478109386,267,0
6613,1618478109480,228,0
6614,1618478109574,209,0
6615,1618478109668,216,0
6616,1618478109760,240,0
6617,1618478109854,202,0
6618,1618478109948,249,0
6619,1618478110042,249,0
6620,1618478110136,201,0
6621,1618478110230,239,0
6622,1618478110324,261,0
6623,1618478110418,211,0
6624,1618478110512,219,0
6625,1618478110606,265,0
6626,1618478110700,220,0
6627,1618478110794,199,0
6628,1618478110888,261,0
6629,1618478110978,234,0
6630,1618478111072,196,1
6631,1618478111166,249,1
6632,1618478111260,244,1
6633,1618478111354,195,1
6634,1618478111448,217,1
6635,1618478111542,236,1
6636,1618478111636,155,1
6637,1618478111730,146,1
6638,1618478111824,229,1
6639,1618478111918,185,1
6640,1618478112012,260,1
6641,1618478112106,289,1
6642,1618478112196,213,1
6643,1618478112290,161,1
6644,1618478112384,202,1
6645,1618478112478,157,1
6646,1618478112572,110,1
6647,1618478112666,237,1
6648,1618478112760,294,1
6649,1618478112854,295,1
6650,1618478112948,300,1
6651,1618478113042,284,1
6652,1618478113136,275,1
6653,1618478113230,252,1
6654,1618478113324,288,1
6655,1618478113414,245,1
6656,1618478113508,213,1
6657,1618478113602,270,1
6658,1618478113696,253,1
6659,1618478113790,205,1
6660,1618478113884,247,1
6661,1618478113978,257,0
6662,1618478114072,207,0
6663,1618478114166,241,0
6664,1618478114260,267,0
6665,1618478114354,214,0
6666,1618478114448,218,0
6667,1618478114542,271,0
6668,1618478114634,229,0
6669,1618478114728,204,0
6670,1618478114822,257,0
6671,1618478114916,243,0
6672,1618478115010,199,0
6673,1618478115104,250,0
6674,1618478115198,256,0
6675,1618478115292,256,0
6676,1618478115386,232,0
6677,1618478115480,262,0
6678,1618478115574,213,0
6679,1618478115668,217,0
6680,1618478115762,264,0
6681,1618478115857,229,0
6682,1618478115951,208,0
6683,1618478116045,261,0
6684,1618478116139,239,0
6685,1618478116233,206,0
6686,1618478116327,251,0
6687,1618478116421,266,0
6688,1618478116515,205,0
6689,1618478116609,238,0
6690,1618478116703,263,0
6691,1618478116797,213,0
6692,1618478116891,220,0
6693,1618478116985,262,0
6694,1618478117073,222,0
6695,1618478117167,206,0
6696,1618478117261,261,0
6697,1618478117355,240,0
6698,1618478117449,205,0
6699,1618478117543,265,0
6700,1618478117637,252,0
6701,1618478117731,205,0
6702,1618478117825,233,0
6703,1618478117919,261,0
6704,1618478118013,205,0
6705,1618478118107,220,0
6706,1618478118201,265,0
6707,1618478118299,219,0
6708,1618478118393,208,0
6709,1618478118487,263,0
6710,1618478118581,234,0
