4774,1618476429014,485,0
4775,1618476429108,489,0
4776,1618476429202,562,0
4777,1618476429296,563,0
4778,1618476429390,514,0
4779,1618476429484,507,0
4780,1618476429578,509,0
4781,1618476429672,517,0
4782,1618476429766,567,0
4783,1618476429860,565,0
4784,1618476429951,490,0
4785,1618476430044,483,0
4786,1618476430137,537,0
4787,1618476430230,549,0
4788,1618476430323,545,0
4789,1618476430416,534,0
4790,1618476430509,491,0
4791,1618476430602,493,0
4792,1618476430695,564,0
4793,1618476430788,569,0
4794,1618476430881,505,0
4795,1618476430974,489,0
4796,1618476431067,512,0
4797,1618476431164,525,0
4798,1618476431275,562,0
4799,1618476431386,556,0
4800,1618476431497,489,0
4801,1618476431608,482,0
4802,1618476431719,549,0
4803,1618476431830,554,0
4804,1618476431941,534,0
4805,1618476432052,523,0
4806,1618476432163,489,0
4807,1618476432274,494,0
4808,1618476432385,567,0
4809,1618476432496,566,0
4810,1618476432613,501,0
4811,1618476432704,493,0
4812,1618476432795,514,0
4813,1618476432886,530,0
4814,1618476432977,566,0
4815,1618476433068,555,1
4816,1618476433159,485,1
4817,1618476433250,489,1
4818,1618476433341,551,1
4819,1618476433432,565,1
4820,1618476433523,555,1
4821,1618476433614,567,1
4822,1618476433705,589,1
4823,1618476433796,635,1
4824,1618476433888,683,1
4825,1618476433980,592,1
4826,1618476434072,555,1
4827,1618476434164,616,1
4828,1618476434256,615,1
4829,1618476434348,568,1
4830,1618476434440,559,1
4831,1618476434532,522,1
4832,1618476434624,463,1
4833,1618476434716,471,1
4834,1618476434808,569,1
4835,1618476434900,637,1
4836,1618476434989,650,1
4837,1618476435072,753,1
4838,1618476435155,865,1
4839,1618476435238,797,1
4840,1618476435321,792,1
4841,1618476435404,764,1
4842,1618476435487,605,1
4843,1618476435570,590,1
4844,1618476435653,626,1
4845,1618476435736,615,1
4846,1618476435819,596,1
4847,1618476435902,575,1
4848,1618476435985,499,1
4849,1618476436070,499,1
4850,1618476436177,568,1
4851,1618476436284,569,1
4852,1618476436391,517,1
4853,1618476436498,510,1
4854,1618476436605,505,1
4855,1618476436712,520,1
4856,1618476436819,569,0
4857,1618476436926,561,0
4858,1618476437033,489,0
4859,1618476437140,484,0
4860,1618476437247,538,0
4861,1618476437354,539,0
4862,1618476437458,546,0
4863,1618476437541,537,0
4864,1618476437624,481,0
4865,1618476437707,487,0
4866,1618476437790,562,0
4867,1618476437873,563,0
4868,1618476437956,513,0
4869,1618476438039,503,0
4870,1618476438122,505,0
4871,1618476438205,515,0
4872,1618476438288,564,0
4873,1618476438371,558,0
4874,1618476438454,483,0
4875,1618476438541,483,0
4876,1618476438639,542,0
4877,1618476438737,548,0
4878,1618476438835,541,0
4879,1618476438933,537,0
4880,1618476439031,485,0
4881,1618476439129,487,0
4882,1618476439227,562,0
4883,1618476439325,566,0
4884,1618476439423,507,0
4885,1618476439521,495,0
4886,1618476439619,509,0
4887,1618476439717,519,0
4888,1618476439810,563,0
4889,1618476439901,561,0
4890,1618476439992,488,0
4891,1618476440083,483,0
4892,1618476440174,540,0
4893,1618476440265,546,0
4894,1618476440356,538,0
4895,1618476440447,532,0
4896,1618476440538,492,0
4897,1618476440629,492,0
4898,1618476440720,570,0
4899,1618476440811,564,0
4900,1618476440902,506,0
4901,1618476440994,498,0
4902,1618476441106,512,0
4903,1618476441218,520,0
4904,1618476441330,563,0
4905,1618476441442,557,0
4906,1618476441554,482,0
4907,1618476441666,480,0
4908,1618476441778,546,0
4909,1618476441890,547,0
4910,1618476442002,536,0
4911,1618476442114,526,0
4912,1618476442226,489,0
4913,1618476442338,494,0
4914,1618476442451,562,0
4915,1618476442545,561,0
4916,1618476442639,503,0
4917,1618476442733,495,0
4918,1618476442827,513,0
4919,1618476442921,521,0
4920,1618476443015,565,0
4921,1618476443109,559,0
4922,1618476443203,484,0
4923,1618476443297,483,0
4924,1618476443391,546,0
4925,1618476443485,551,0
4926,1618476443579,535,0
4927,1618476443675,532,0
4928,1618476443765,488,0
4929,1618476443855,494,0
4930,1618476443945,567,0
4931,1618476444035,567,0
4932,1618476444125,503,0
4933,1618476444215,497,0
4934,1618476444305,510,0
4935,1618476444395,523,0
4936,1618476444485,560,0
4937,1618476444575,556,0
4938,1618476444665,483,0
4939,1618476444755,483,0
4940,1618476444840,541,0
4941,1618476444923,548,0
4942,1618476445006,538,0
4943,1618476445089,527,0
4944,1618476445172,485,0
4945,1618476445255,499,0
4946,1618476445338,564,0
4947,1618476445421,565,0
4948,1618476445504,504,0
4949,1618476445587,498,0
4950,1618476445670,506,0
4951,1618476445753,516,0
4952,1618476445836,559,0
4953,1618476445919,560,0
4954,1618476446013,482,0
4955,1618476446107,484,1
4956,1618476446201,535,1
4957,1618476446295,552,1
4958,1618476446389,540,1
4959,1618476446483,535,1
4960,1618476446577,489,1
4961,1618476446671,499,1
4962,1618476446765,581,1
4963,1618476446859,623,1
4964,1618476446953,586,1
4965,1618476447047,618,1
4966,1618476447147,643,1
4967,1618476447241,700,1
4968,1618476447335,795,1
4969,1618476447429,840,1
4970,1618476447523,586,1
4971,1618476447617,465,1
4972,1618476447711,501,1
4973,1618476447805,489,1
4974,1618476447899,498,1
4975,1618476447993,594,1
4976,1618476448087,680,1
4977,1618476448181,571,1
4978,1618476448275,580,1
4979,1618476448366,575,1
4980,1618476448460,535,1
4981,1618476448554,513,1
4982,1618476448648,503,1
4983,1618476448742,507,1
4984,1618476448836,562,0
4985,1618476448930,565,0
4986,1618476449024,492,0
4987,1618476449118,485,0
4988,1618476449212,524,0
4989,1618476449306,535,0
4990,1618476449400,561,0
4991,1618476449494,548,0
4992,1618476449587,485,0
4993,1618476449682,486,0
4994,1618476449777,552,0
4995,1618476449872,558,0
4996,1618476449967,532,0
4997,1618476450062,516,0
4998,1618476450157,494,0
4999,1618476450252,499,0
5000,1618476450347,568,0
5001,1618476450442,570,0
5002,1618476450537,500,0
5003,1618476450632,497,0
5004,1618476450727,519,0
5005,1618476450819,538,0
5006,1618476450914,565,0
5007,1618476451009,558,0
5008,1618476451104,488,0
5009,1618476451199,485,0
5010,1618476451294,541,0
5011,1618476451389,557,0
5012,1618476451484,541,0
5013,1618476451579,533,0
5014,1618476451674,485,0
5015,1618476451769,493,0
5016,1618476451864,566,0
5017,1618476451959,565,0
5018,1618476452056,508,0
5019,1618476452150,509,0
5020,1618476452244,507,0
5021,1618476452338,514,0
5022,1618476452432,566,0
5023,1618476452526,564,0
5024,1618476452620,489,0
