12185,1610679567481,480,0
12186,1610679567575,439,0
12187,1610679567669,481,0
12188,1610679567763,501,0
12189,1610679567857,415,0
12190,1610679567951,456,0
12191,1610679568045,511,0
12192,1610679568139,429,0
12193,1610679568233,433,0
12194,1610679568325,514,0
12195,1610679568419,456,0
12196,1610679568513,415,0
12197,1610679568607,500,0
12198,1610679568701,414,0
12199,1610679568795,411,0
12200,1610679568889,486,0
12201,1610679568983,499,0
12202,1610679569077,410,0
12203,1610679569171,461,0
12204,1610679569265,509,0
12205,1610679569359,423,0
12206,1610679569453,435,0
12207,1610679569545,515,0
12208,1610679569639,449,0
12209,1610679569733,416,0
12210,1610679569827,407,0
12211,1610679569921,473,0
12212,1610679570015,405,0
12213,1610679570109,486,0
12214,1610679570203,492,0
12215,1610679570297,414,0
12216,1610679570391,467,0
12217,1610679570485,507,0
12218,1610679570579,420,0
12219,1610679570673,441,0
12220,1610679570762,508,0
12221,1610679570856,446,0
12222,1610679570950,434,0
12223,1610679571044,500,0
12224,1610679571138,465,0
12225,1610679571232,410,1
12226,1610679571326,488,1
12227,1610679571420,487,1
12228,1610679571514,410,1
12229,1610679571608,470,1
12230,1610679571702,506,1
12231,1610679571796,422,1
12232,1610679571890,454,1
12233,1610679571980,562,1
12234,1610679572074,480,1
12235,1610679572168,702,1
12236,1610679572262,490,1
12237,1610679572356,625,1
12238,1610679572450,323,1
12239,1610679572544,270,1
12240,1610679572638,403,1
12241,1610679572732,379,1
12242,1610679572826,464,1
12243,1610679572920,501,1
12244,1610679573014,416,1
12245,1610679573108,447,1
12246,1610679573201,492,1
12247,1610679573295,435,1
12248,1610679573389,427,1
12249,1610679573483,511,1
12250,1610679573577,456,1
12251,1610679573671,410,0
12252,1610679573765,500,0
12253,1610679573859,484,0
12254,1610679573953,407,0
12255,1610679574047,482,0
12256,1610679574141,500,0
12257,1610679574235,412,0
12258,1610679574329,514,0
12259,1610679574421,513,0
12260,1610679574515,431,0
12261,1610679574609,436,0
12262,1610679574703,513,0
12263,1610679574797,449,0
12264,1610679574891,414,0
12265,1610679574985,503,0
12266,1610679575079,476,0
12267,1610679575173,407,0
12268,1610679575267,485,0
12269,1610679575361,494,0
12270,1610679575455,509,0
12271,1610679575549,461,0
12272,1610679575638,510,0
12273,1610679575732,422,0
12274,1610679575826,438,0
12275,1610679575920,517,0
12276,1610679576014,445,0
12277,1610679576108,417,0
12278,1610679576202,508,0
12279,1610679576296,472,0
12280,1610679576390,407,0
12281,1610679576484,491,0
12282,1610679576578,475,0
12283,1610679576672,413,0
12284,1610679576766,470,0
12285,1610679576855,507,0
12286,1610679576949,422,0
12287,1610679577043,442,0
12288,1610679577137,514,0
12289,1610679577231,441,0
12290,1610679577325,425,0
12291,1610679577419,503,0
12292,1610679577513,465,0
12293,1610679577607,408,0
12294,1610679577701,448,0
12295,1610679577795,486,0
12296,1610679577889,413,0
12297,1610679577983,473,0
12298,1610679578076,504,0
12299,1610679578170,415,0
12300,1610679578264,448,0
12301,1610679578358,513,0
12302,1610679578452,437,0
12303,1610679578546,426,0
12304,1610679578640,509,0
12305,1610679578734,459,0
12306,1610679578828,423,0
12307,1610679578922,497,0
12308,1610679579016,480,0
12309,1610679579110,407,0
12310,1610679579204,476,0
12311,1610679579292,503,0
12312,1610679579386,419,0
12313,1610679579480,452,0
12314,1610679579574,513,0
12315,1610679579668,430,0
12316,1610679579762,429,0
12317,1610679579856,513,0
12318,1610679579950,408,0
12319,1610679580044,413,0
12320,1610679580138,500,0
12321,1610679580232,477,0
12322,1610679580326,409,0
12323,1610679580420,484,0
12324,1610679580511,501,0
12325,1610679580606,416,0
12326,1610679580701,456,0
12327,1610679580796,506,0
12328,1610679580891,434,0
12329,1610679580986,433,0
12330,1610679581081,417,0
12331,1610679581176,452,0
12332,1610679581271,414,0
12333,1610679581366,501,0
12334,1610679581461,470,0
12335,1610679581556,410,0
12336,1610679581651,486,0
12337,1610679581740,493,0
12338,1610679581834,411,0
12339,1610679581928,462,0
12340,1610679582022,508,0
12341,1610679582116,423,0
12342,1610679582210,455,0
12343,1610679582304,514,0
12344,1610679582398,443,0
12345,1610679582492,426,0
12346,1610679582586,507,0
12347,1610679582680,467,0
12348,1610679582774,407,0
12349,1610679582868,496,0
12350,1610679582959,488,0
12351,1610679583053,410,0
12352,1610679583147,468,0
12353,1610679583241,510,0
12354,1610679583335,484,0
12355,1610679583429,438,0
12356,1610679583523,516,0
12357,1610679583617,435,0
12358,1610679583711,427,0
12359,1610679583805,512,0
12360,1610679583899,465,0
12361,1610679583993,414,0
12362,1610679584087,492,0
12363,1610679584177,485,0
12364,1610679584271,411,0
12365,1610679584365,475,0
12366,1610679584459,508,0
12367,1610679584553,417,0
12368,1610679584647,450,0
12369,1610679584741,515,0
12370,1610679584835,432,0
12371,1610679584929,425,0
12372,1610679585023,511,0
12373,1610679585117,457,0
12374,1610679585211,410,0
12375,1610679585305,498,1
12376,1610679585405,476,1
12377,1610679585499,408,1
12378,1610679585593,511,1
12379,1610679585687,492,1
12380,1610679585781,411,1
12381,1610679585875,450,1
12382,1610679585969,502,1
12383,1610679586063,413,1
12384,1610679586157,411,1
12385,1610679586251,475,1
12386,1610679586345,378,1
12387,1610679586439,281,1
12388,1610679586533,256,1
12389,1610679586632,382,1
12390,1610679586726,456,1
12391,1610679586820,633,1
12392,1610679586914,603,1
12393,1610679587008,382,1
12394,1610679587102,640,1
12395,1610679587196,662,1
12396,1610679587290,456,1
12397,1610679587384,604,1
12398,1610679587478,532,1
12399,1610679587572,461,1
12400,1610679587666,422,1
12401,1610679587760,511,0
12402,1610679587855,454,0
12403,1610679587949,406,0
12404,1610679588043,487,0
12405,1610679588137,493,0
12406,1610679588231,410,0
12407,1610679588325,466,0
12408,1610679588419,511,0
12409,1610679588513,422,0
12410,1610679588607,434,0
12411,1610679588701,511,0
12412,1610679588795,440,0
12413,1610679588889,418,0
12414,1610679588983,433,0
12415,1610679589082,468,0
12416,1610679589176,409,0
12417,1610679589270,489,0
12418,1610679589364,491,0
12419,1610679589458,411,0
12420,1610679589552,471,0
12421,1610679589646,505,0
12422,1610679589740,424,0
12423,1610679589834,444,0
12424,1610679589928,514,0
12425,1610679590022,443,0
12426,1610679590116,409,0
12427,1610679590210,510,0
12428,1610679590308,465,0
12429,1610679590402,413,0
12430,1610679590496,489,0
12431,1610679590590,488,0
12432,1610679590684,408,0
12433,1610679590778,472,0
12434,1610679590872,506,0
12435,1610679590966,414,0
12436,1610679591060,448,0
12437,1610679591154,514,0
12438,1610679591248,411,0
12439,1610679591342,428,0
12440,1610679591436,513,0
12441,1610679591528,457,0
12442,1610679591621,412,0
12443,1610679591714,497,0
12444,1610679591807,483,0
