8905,1610679257256,760,0
8906,1610679257351,742,0
8907,1610679257446,730,0
8908,1610679257541,758,0
8909,1610679257636,743,0
8910,1610679257731,725,0
8911,1610679257826,753,0
8912,1610679257921,748,0
8913,1610679258016,730,0
8914,1610679258111,752,0
8915,1610679258206,753,0
8916,1610679258301,756,0
8917,1610679258396,748,0
8918,1610679258490,756,0
8919,1610679258584,726,0
8920,1610679258678,737,0
8921,1610679258772,758,0
8922,1610679258866,733,0
8923,1610679258960,735,0
8924,1610679259054,758,0
8925,1610679259148,739,0
8926,1610679259242,731,0
8927,1610679259336,757,0
8928,1610679259430,739,0
8929,1610679259524,730,0
8930,1610679259618,754,0
8931,1610679259709,748,0
8932,1610679259803,724,0
8933,1610679259897,753,0
8934,1610679259991,755,0
8935,1610679260085,728,0
8936,1610679260179,745,0
8937,1610679260273,760,0
8938,1610679260367,731,0
8939,1610679260461,744,0
8940,1610679260555,734,1
8941,1610679260649,738,1
8942,1610679260743,745,1
8943,1610679260837,772,1
8944,1610679260930,771,1
8945,1610679261024,794,1
8946,1610679261118,832,1
8947,1610679261212,727,1
8948,1610679261306,756,1
8949,1610679261400,706,1
8950,1610679261494,868,1
8951,1610679261588,865,1
8952,1610679261682,669,1
8953,1610679261776,813,1
8954,1610679261870,773,1
8955,1610679261964,773,1
8956,1610679262058,770,1
8957,1610679262149,735,1
8958,1610679262243,747,1
8959,1610679262337,759,1
8960,1610679262431,739,1
8961,1610679262525,738,0
8962,1610679262619,762,0
8963,1610679262713,740,0
8964,1610679262807,750,0
8965,1610679262901,758,0
8966,1610679262995,746,0
8967,1610679263089,729,0
8968,1610679263183,756,0
8969,1610679263277,751,0
8970,1610679263366,729,0
8971,1610679263460,749,0
8972,1610679263554,754,0
8973,1610679263648,729,0
8974,1610679263742,747,0
8975,1610679263836,752,0
8976,1610679263930,759,0
8977,1610679264024,741,0
8978,1610679264118,758,0
8979,1610679264212,737,0
8980,1610679264306,734,0
8981,1610679264400,757,0
8982,1610679264494,737,0
8983,1610679264585,731,0
8984,1610679264679,754,0
8985,1610679264773,744,0
8986,1610679264867,730,0
8987,1610679264961,756,0
8988,1610679265055,747,0
8989,1610679265149,725,0
8990,1610679265243,752,0
8991,1610679265337,748,0
8992,1610679265431,729,0
8993,1610679265525,744,0
8994,1610679265619,758,0
8995,1610679265713,731,0
8996,1610679265806,737,0
8997,1610679265900,758,0
8998,1610679265994,731,0
8999,1610679266088,727,0
9000,1610679266182,728,0
9001,1610679266276,737,0
9002,1610679266370,727,0
9003,1610679266464,754,0
9004,1610679266558,743,0
9005,1610679266652,730,0
9006,1610679266746,751,0
9007,1610679266840,748,0
9008,1610679266934,727,0
9009,1610679267023,748,0
9010,1610679267117,755,0
9011,1610679267211,728,0
9012,1610679267305,731,0
9013,1610679267399,756,0
9014,1610679267493,728,0
9015,1610679267587,734,0
9016,1610679267681,757,0
9017,1610679267775,736,0
9018,1610679267869,730,0
9019,1610679267963,757,0
9020,1610679268057,737,0
9021,1610679268151,730,0
9022,1610679268241,758,0
9023,1610679268335,733,0
9024,1610679268429,746,0
9025,1610679268523,754,0
9026,1610679268617,749,0
9027,1610679268711,724,0
9028,1610679268805,749,0
9029,1610679268899,753,0
9030,1610679268993,729,0
9031,1610679269087,742,0
9032,1610679269181,757,0
9033,1610679269275,731,0
9034,1610679269369,738,0
9035,1610679269460,758,0
9036,1610679269554,759,0
9037,1610679269648,734,0
9038,1610679269742,757,0
9039,1610679269836,735,0
9040,1610679269930,729,0
9041,1610679270024,753,0
9042,1610679270118,747,0
9043,1610679270212,725,0
9044,1610679270306,754,0
9045,1610679270400,751,0
9046,1610679270494,728,0
9047,1610679270588,746,0
9048,1610679270679,751,0
9049,1610679270773,728,0
9050,1610679270867,740,0
9051,1610679270961,757,0
9052,1610679271055,729,0
9053,1610679271149,739,0
9054,1610679271243,758,0
9055,1610679271337,737,0
9056,1610679271431,732,0
9057,1610679271525,759,0
9058,1610679271619,740,0
9059,1610679271713,729,0
9060,1610679271807,736,0
9061,1610679271898,749,0
9062,1610679271992,725,0
9063,1610679272086,752,0
9064,1610679272180,751,0
9065,1610679272274,727,0
9066,1610679272368,749,0
9067,1610679272462,757,0
9068,1610679272556,728,0
9069,1610679272650,744,0
9070,1610679272744,755,0
9071,1610679272838,730,0
9072,1610679272932,724,0
9073,1610679273026,759,0
9074,1610679273115,735,0
9075,1610679273209,737,0
9076,1610679273303,757,0
9077,1610679273397,742,0
9078,1610679273491,730,0
9079,1610679273585,755,0
9080,1610679273679,743,0
9081,1610679273773,728,0
9082,1610679273867,755,0
9083,1610679273961,751,0
9084,1610679274055,738,0
9085,1610679274149,749,0
9086,1610679274243,759,0
9087,1610679274336,728,0
9088,1610679274430,746,0
9089,1610679274524,760,0
9090,1610679274618,730,0
9091,1610679274712,732,0
9092,1610679274806,759,0
9093,1610679274900,738,0
9094,1610679274994,729,0
9095,1610679275088,758,0
9096,1610679275182,758,0
9097,1610679275276,730,0
9098,1610679275370,752,0
9099,1610679275464,747,0
9100,1610679275554,727,0
9101,1610679275648,754,0
9102,1610679275742,748,0
9103,1610679275836,727,0
9104,1610679275930,747,0
9105,1610679276024,753,0
9106,1610679276118,729,0
9107,1610679276212,742,0
9108,1610679276306,754,0
9109,1610679276400,733,0
9110,1610679276494,740,0
9111,1610679276588,760,0
9112,1610679276682,734,0
9113,1610679276774,731,0
9114,1610679276868,761,0
9115,1610679276962,741,0
9116,1610679277056,729,0
9117,1610679277150,754,0
9118,1610679277244,746,0
9119,1610679277338,727,0
9120,1610679277432,738,0
9121,1610679277526,752,0
9122,1610679277620,722,0
9123,1610679277714,745,0
9124,1610679277808,760,0
9125,1610679277902,729,0
9126,1610679277992,737,0
9127,1610679278086,758,0
9128,1610679278180,730,0
9129,1610679278274,737,0
9130,1610679278368,757,0
9131,1610679278462,735,0
9132,1610679278556,726,0
9133,1610679278650,757,0
9134,1610679278744,742,0
9135,1610679278838,729,0
9136,1610679278932,750,0
9137,1610679279026,747,0
9138,1610679279120,725,0
9139,1610679279219,748,0
9140,1610679279313,751,0
9141,1610679279407,727,0
9142,1610679279501,747,0
9143,1610679279595,756,0
9144,1610679279689,731,0
9145,1610679279783,741,0
9146,1610679279877,758,0
9147,1610679279971,733,0
9148,1610679280065,731,0
9149,1610679280159,757,0
9150,1610679280253,740,0
9151,1610679280347,732,0
9152,1610679280435,758,0
9153,1610679280529,741,0
9154,1610679280623,729,0
9155,1610679280717,757,0
9156,1610679280811,748,0
9157,1610679280905,728,0
9158,1610679280999,749,0
9159,1610679281093,752,0
9160,1610679281187,728,0
9161,1610679281281,744,0
9162,1610679281375,759,0
9163,1610679281469,731,0
9164,1610679281563,742,0
9165,1610679281657,760,0
9166,1610679281751,737,0
9167,1610679281845,733,0
9168,1610679281939,759,0
9169,1610679282033,736,0
9170,1610679282127,732,1
9171,1610679282221,763,1
9172,1610679282315,743,1
9173,1610679282409,728,1
9174,1610679282503,753,1
9175,1610679282597,756,1
9176,1610679282691,732,1
9177,1610679282785,757,1
9178,1610679282876,770,1
9179,1610679282971,756,1
9180,1610679283066,782,1
9181,1610679283161,824,1
9182,1610679283256,792,1
9183,1610679283351,942,1
9184,1610679283446,714,1
9185,1610679283541,825,1
9186,1610679283636,908,1
9187,1610679283731,855,1
9188,1610679283826,676,1
9189,1610679283921,792,1
9190,1610679284016,804,1
9191,1610679284108,764,1
9192,1610679284202,742,1
9193,1610679284296,758,1
9194,1610679284390,756,1
9195,1610679284484,724,1
9196,1610679284578,743,1
9197,1610679284672,756,1
9198,1610679284766,726,1
9199,1610679284860,743,1
9200,1610679284954,758,1
9201,1610679285048,734,0
9202,1610679285142,739,0
9203,1610679285236,758,0
9204,1610679285330,728,0
9205,1610679285424,730,0
9206,1610679285518,757,0
9207,1610679285612,743,0
9208,1610679285706,728,0
9209,1610679285800,757,0
9210,1610679285894,747,0
9211,1610679285988,726,0
9212,1610679286082,749,0
9213,1610679286176,751,0
9214,1610679286270,724,0
9215,1610679286364,747,0
9216,1610679286458,742,0
9217,1610679286547,728,0
9218,1610679286642,742,0
9219,1610679286737,757,0
9220,1610679286832,728,0
9221,1610679286927,735,0
9222,1610679287022,759,0
9223,1610679287117,736,0
9224,1610679287212,730,0
9225,1610679287307,758,0
9226,1610679287402,741,0
