7311,1618476667450,370,0
7312,1618476667544,382,0
7313,1618476667638,381,0
7314,1618476667732,367,0
7315,1618476667826,383,0
7316,1618476667920,384,0
7317,1618476668014,377,0
7318,1618476668108,379,0
7319,1618476668197,390,0
7320,1618476668292,374,0
7321,1618476668387,378,0
7322,1618476668482,379,0
7323,1618476668577,377,0
7324,1618476668672,369,0
7325,1618476668767,388,0
7326,1618476668862,380,0
7327,1618476668957,370,0
7328,1618476669052,390,0
7329,1618476669147,382,0
7330,1618476669242,370,0
7331,1618476669337,383,0
7332,1618476669434,387,0
7333,1618476669528,372,0
7334,1618476669622,372,0
7335,1618476669716,386,0
7336,1618476669810,372,0
7337,1618476669904,382,0
7338,1618476669998,385,0
7339,1618476670092,375,0
7340,1618476670186,380,0
7341,1618476670280,388,0
7342,1618476670374,377,0
7343,1618476670468,368,0
7344,1618476670562,389,0
7345,1618476670652,380,0
7346,1618476670747,382,0
7347,1618476670842,387,0
7348,1618476670937,381,0
7349,1618476671032,372,0
7350,1618476671127,383,0
7351,1618476671222,386,0
7352,1618476671317,372,0
7353,1618476671412,380,0
7354,1618476671507,387,0
7355,1618476671602,372,0
7356,1618476671697,375,0
7357,1618476671792,388,0
7358,1618476671885,385,0
7359,1618476671979,372,0
7360,1618476672073,388,0
7361,1618476672167,377,0
7362,1618476672261,372,0
7363,1618476672355,383,0
7364,1618476672449,376,0
7365,1618476672543,363,1
7366,1618476672637,382,1
7367,1618476672731,376,1
7368,1618476672825,357,1
7369,1618476672919,366,1
7370,1618476673013,362,1
7371,1618476673107,332,1
7372,1618476673201,314,1
7373,1618476673295,312,1
7374,1618476673389,332,1
7375,1618476673483,355,1
7376,1618476673577,370,1
7377,1618476673671,407,1
7378,1618476673765,415,1
7379,1618476673859,399,1
7380,1618476673953,352,1
7381,1618476674047,335,1
7382,1618476674141,329,1
7383,1618476674235,303,1
7384,1618476674324,274,1
7385,1618476674418,296,1
7386,1618476674512,318,1
7387,1618476674606,417,1
7388,1618476674700,435,1
7389,1618476674794,485,1
7390,1618476674888,467,1
7391,1618476674982,467,1
7392,1618476675076,460,1
7393,1618476675170,432,1
7394,1618476675264,414,1
7395,1618476675358,421,1
7396,1618476675452,399,1
7397,1618476675542,395,1
7398,1618476675636,405,1
7399,1618476675730,386,1
7400,1618476675824,380,1
7401,1618476675918,397,0
7402,1618476676012,382,0
7403,1618476676106,374,0
7404,1618476676200,392,0
7405,1618476676294,387,0
7406,1618476676388,383,0
7407,1618476676482,385,0
7408,1618476676576,387,0
7409,1618476676670,374,0
7410,1618476676762,380,0
7411,1618476676856,387,0
7412,1618476676950,376,0
7413,1618476677044,380,0
7414,1618476677138,390,0
7415,1618476677232,374,0
7416,1618476677326,378,0
7417,1618476677420,388,0
7418,1618476677514,389,0
7419,1618476677608,375,0
7420,1618476677702,387,0
7421,1618476677796,380,0
7422,1618476677890,371,0
7423,1618476677979,384,0
7424,1618476678073,380,0
7425,1618476678167,369,0
7426,1618476678261,385,0
7427,1618476678355,383,0
7428,1618476678449,375,0
7429,1618476678543,378,0
7430,1618476678637,388,0
7431,1618476678731,375,0
7432,1618476678825,381,0
7433,1618476678919,385,0
7434,1618476679013,371,0
7435,1618476679107,377,0
7436,1618476679198,391,0
7437,1618476679292,379,0
7438,1618476679386,372,0
7439,1618476679480,390,0
7440,1618476679574,380,0
7441,1618476679668,367,0
7442,1618476679762,377,0
7443,1618476679856,382,0
7444,1618476679950,371,0
7445,1618476680044,388,0
7446,1618476680138,384,0
7447,1618476680232,378,0
7448,1618476680326,378,0
7449,1618476680418,389,0
7450,1618476680512,374,0
7451,1618476680606,378,0
7452,1618476680700,390,0
7453,1618476680794,375,0
7454,1618476680888,367,0
7455,1618476680982,390,0
7456,1618476681076,380,0
7457,1618476681170,372,0
7458,1618476681264,385,0
7459,1618476681358,378,0
7460,1618476681452,376,0
7461,1618476681546,388,0
7462,1618476681635,383,0
7463,1618476681729,371,0
7464,1618476681823,385,0
7465,1618476681917,385,0
7466,1618476682011,380,0
7467,1618476682105,383,0
7468,1618476682199,387,0
7469,1618476682293,375,0
7470,1618476682387,377,0
7471,1618476682481,393,0
7472,1618476682575,373,0
7473,1618476682669,375,0
7474,1618476682763,387,0
7475,1618476682856,378,0
7476,1618476682950,374,0
7477,1618476683044,390,0
7478,1618476683138,386,0
7479,1618476683232,374,0
7480,1618476683326,383,0
7481,1618476683420,383,0
7482,1618476683514,371,0
7483,1618476683608,381,0
7484,1618476683702,382,0
7485,1618476683796,372,0
7486,1618476683890,381,0
7487,1618476683984,390,0
7488,1618476684075,374,0
7489,1618476684169,379,0
7490,1618476684263,387,0
7491,1618476684357,375,0
7492,1618476684451,374,0
7493,1618476684545,394,0
7494,1618476684639,380,0
7495,1618476684733,374,0
7496,1618476684827,386,0
7497,1618476684921,380,0
7498,1618476685015,371,0
7499,1618476685109,387,0
7500,1618476685203,386,0
7501,1618476685296,370,0
7502,1618476685390,378,0
7503,1618476685484,384,0
7504,1618476685578,376,0
7505,1618476685672,382,0
7506,1618476685766,387,0
7507,1618476685860,376,0
7508,1618476685954,379,0
7509,1618476686048,389,0
7510,1618476686142,375,1
7511,1618476686236,377,1
7512,1618476686330,393,1
7513,1618476686424,382,1
7514,1618476686513,375,1
7515,1618476686607,398,1
7516,1618476686701,394,1
7517,1618476686795,394,1
7518,1618476686889,431,1
7519,1618476686983,456,1
7520,1618476687077,459,1
7521,1618476687171,428,1
7522,1618476687265,345,1
7523,1618476687359,286,1
7524,1618476687453,320,1
7525,1618476687547,359,1
7526,1618476687641,379,1
7527,1618476687732,407,1
7528,1618476687826,364,1
7529,1618476687920,315,1
7530,1618476688014,324,1
7531,1618476688108,367,1
7532,1618476688202,372,1
7533,1618476688296,366,1
7534,1618476688390,384,1
7535,1618476688484,375,1
7536,1618476688578,364,0
7537,1618476688672,384,0
7538,1618476688766,382,0
7539,1618476688860,371,0
7540,1618476688951,378,0
7541,1618476689045,388,0
7542,1618476689139,372,0
7543,1618476689233,379,0
7544,1618476689327,388,0
7545,1618476689421,376,0
7546,1618476689515,376,0
7547,1618476689609,389,0
7548,1618476689703,374,0
7549,1618476689797,371,0
7550,1618476689891,390,0
7551,1618476689985,377,0
7552,1618476690079,368,0
7553,1618476690169,386,0
7554,1618476690263,382,0
7555,1618476690357,372,0
7556,1618476690451,380,0
7557,1618476690545,384,0
7558,1618476690639,376,0
7559,1618476690733,378,0
7560,1618476690827,385,0
7561,1618476690921,367,0
7562,1618476691015,382,0
7563,1618476691109,391,0
7564,1618476691203,374,0
7565,1618476691297,374,0
7566,1618476691386,390,0
7567,1618476691480,376,0
7568,1618476691574,377,0
7569,1618476691668,384,0
7570,1618476691762,378,0
7571,1618476691856,367,0
7572,1618476691950,387,0
7573,1618476692044,382,0
7574,1618476692138,372,0
7575,1618476692232,383,0
7576,1618476692326,384,0
7577,1618476692420,372,0
7578,1618476692514,380,0
7579,1618476692614,387,0
7580,1618476692708,370,0
7581,1618476692802,378,0
7582,1618476692896,388,0
7583,1618476692990,374,0
7584,1618476693084,375,0
