10559,1616113662517,522,0
10560,1616113662612,515,0
10561,1616113662707,498,0
10562,1616113662802,500,0
10563,1616113662897,544,0
10564,1616113662992,545,0
10565,1616113663087,498,0
10566,1616113663182,494,0
10567,1616113663277,517,0
10568,1616113663372,526,0
10569,1616113663465,538,0
10570,1616113663559,535,0
10571,1616113663653,489,0
10572,1616113663747,486,0
10573,1616113663841,542,0
10574,1616113663935,546,0
10575,1616113664029,518,0
10576,1616113664123,508,0
10577,1616113664217,500,0
10578,1616113664311,503,0
10579,1616113664405,544,0
10580,1616113664499,542,0
10581,1616113664593,492,0
10582,1616113664683,492,0
10583,1616113664778,523,0
10584,1616113664873,532,0
10585,1616113664968,528,0
10586,1616113665063,522,0
10587,1616113665158,486,0
10588,1616113665253,485,0
10589,1616113665348,534,0
10590,1616113665443,540,0
10591,1616113665538,501,0
10592,1616113665633,498,0
10593,1616113665728,498,0
10594,1616113665823,501,0
10595,1616113665919,535,0
10596,1616113666013,532,0
10597,1616113666107,482,0
10598,1616113666201,472,0
10599,1616113666295,507,0
10600,1616113666389,512,1
10601,1616113666483,505,1
10602,1616113666577,496,1
10603,1616113666671,459,1
10604,1616113666765,458,1
10605,1616113666859,505,1
10606,1616113666953,496,1
10607,1616113667047,450,1
10608,1616113667141,439,1
10609,1616113667235,434,1
10610,1616113667329,434,1
10611,1616113667423,472,1
10612,1616113667517,514,1
10613,1616113667611,586,1
10614,1616113667705,710,1
10615,1616113667799,795,1
10616,1616113667893,752,1
10617,1616113667987,693,1
10618,1616113668081,650,1
10619,1616113668175,589,1
10620,1616113668269,570,1
10621,1616113668367,605,1
10622,1616113668461,589,1
10623,1616113668555,536,1
10624,1616113668649,543,1
10625,1616113668743,543,1
10626,1616113668837,531,1
10627,1616113668931,424,1
10628,1616113669025,387,1
10629,1616113669119,388,1
10630,1616113669213,426,1
10631,1616113669307,492,1
10632,1616113669401,515,1
10633,1616113669495,503,1
10634,1616113669584,503,1
10635,1616113669678,485,1
10636,1616113669772,490,1
10637,1616113669866,543,1
10638,1616113669960,541,1
10639,1616113670054,492,1
10640,1616113670148,494,1
10641,1616113670242,515,0
10642,1616113670336,520,0
10643,1616113670430,539,0
10644,1616113670524,528,0
10645,1616113670618,488,0
10646,1616113670712,487,0
10647,1616113670802,539,0
10648,1616113670897,548,0
10649,1616113670992,520,0
10650,1616113671087,512,0
10651,1616113671182,498,0
10652,1616113671277,502,0
10653,1616113671372,546,0
10654,1616113671467,547,0
10655,1616113671562,499,0
10656,1616113671657,492,0
10657,1616113671752,519,0
10658,1616113671847,527,0
10659,1616113671942,539,0
10660,1616113672031,537,0
10661,1616113672126,493,0
10662,1616113672221,493,0
10663,1616113672316,544,0
10664,1616113672411,541,0
10665,1616113672506,521,0
10666,1616113672601,511,0
10667,1616113672696,505,0
10668,1616113672791,510,0
10669,1616113672886,547,0
10670,1616113672981,548,0
10671,1616113673076,492,0
10672,1616113673171,489,0
10673,1616113673268,522,0
10674,1616113673361,535,0
10675,1616113673454,536,0
10676,1616113673547,534,0
10677,1616113673640,493,0
10678,1616113673733,493,0
10679,1616113673826,548,0
10680,1616113673919,546,0
10681,1616113674012,515,0
10682,1616113674105,511,0
10683,1616113674198,504,0
10684,1616113674291,506,0
10685,1616113674384,546,0
10686,1616113674483,548,0
10687,1616113674577,493,0
10688,1616113674671,495,0
10689,1616113674765,525,0
10690,1616113674859,536,0
10691,1616113674953,534,0
10692,1616113675047,531,0
10693,1616113675141,493,0
10694,1616113675235,492,0
10695,1616113675329,549,0
10696,1616113675423,551,0
10697,1616113675517,517,0
10698,1616113675611,506,0
10699,1616113675700,505,0
10700,1616113675795,508,0
10701,1616113675890,551,0
10702,1616113675985,547,0
10703,1616113676080,492,0
10704,1616113676175,492,0
10705,1616113676270,528,0
10706,1616113676365,534,0
10707,1616113676460,534,0
10708,1616113676555,529,0
10709,1616113676650,488,0
10710,1616113676745,491,0
10711,1616113676840,545,0
10712,1616113676933,545,0
10713,1616113677028,514,0
10714,1616113677123,504,0
10715,1616113677218,500,0
10716,1616113677313,509,0
10717,1616113677408,549,0
10718,1616113677503,542,0
10719,1616113677598,492,0
10720,1616113677693,489,0
10721,1616113677788,521,0
10722,1616113677883,525,0
10723,1616113677978,529,0
10724,1616113678073,520,0
10725,1616113678169,481,0
10726,1616113678263,487,0
10727,1616113678357,535,0
10728,1616113678451,534,0
10729,1616113678545,499,0
10730,1616113678639,490,1
10731,1616113678733,485,1
10732,1616113678827,490,1
10733,1616113678921,521,1
10734,1616113679015,513,1
10735,1616113679109,468,1
10736,1616113679203,458,1
10737,1616113679297,498,1
10738,1616113679389,649,1
10739,1616113679483,786,1
10740,1616113679577,678,1
10741,1616113679671,605,1
10742,1616113679765,476,1
10743,1616113679859,584,1
10744,1616113679953,657,1
10745,1616113680047,697,1
10746,1616113680141,657,1
10747,1616113680235,575,1
10748,1616113680329,590,1
10749,1616113680423,634,1
10750,1616113680517,668,1
10751,1616113680607,612,1
10752,1616113680701,467,1
10753,1616113680795,383,1
10754,1616113680889,412,1
10755,1616113680983,461,1
10756,1616113681077,481,1
10757,1616113681171,460,1
10758,1616113681265,468,1
10759,1616113681359,524,1
10760,1616113681453,530,1
10761,1616113681547,516,0
10762,1616113681641,511,0
10763,1616113681735,494,0
10764,1616113681825,509,0
10765,1616113681919,549,0
10766,1616113682013,549,0
10767,1616113682107,503,0
10768,1616113682201,499,0
10769,1616113682295,515,0
10770,1616113682389,522,0
10771,1616113682483,543,0
10772,1616113682577,541,0
10773,1616113682671,493,0
10774,1616113682765,493,0
10775,1616113682859,537,0
10776,1616113682953,540,0
10777,1616113683045,527,0
10778,1616113683139,525,0
10779,1616113683233,494,0
10780,1616113683327,500,0
10781,1616113683421,549,0
10782,1616113683515,548,0
10783,1616113683609,507,0
10784,1616113683703,505,0
10785,1616113683797,510,0
10786,1616113683891,518,0
10787,1616113683985,544,0
10788,1616113684079,545,0
10789,1616113684173,493,0
10790,1616113684262,493,0
10791,1616113684356,532,0
10792,1616113684450,538,0
10793,1616113684544,539,0
10794,1616113684638,527,0
10795,1616113684732,494,0
10796,1616113684826,499,0
10797,1616113684920,548,0
10798,1616113685014,549,0
10799,1616113685108,517,0
10800,1616113685202,513,0
10801,1616113685296,501,0
10802,1616113685390,513,0
10803,1616113685484,547,0
10804,1616113685578,551,0
10805,1616113685672,499,0
10806,1616113685766,501,0
10807,1616113685860,522,0
10808,1616113685954,528,0
10809,1616113686048,545,0
10810,1616113686142,538,0
10811,1616113686236,492,0
10812,1616113686330,497,0
10813,1616113686424,536,0
10814,1616113686518,549,0
10815,1616113686612,524,0
10816,1616113686700,522,0
10817,1616113686794,495,0
