6422,1618478096225,498,0
6423,1618478096317,597,0
6424,1618478096409,556,0
6425,1618478096501,487,0
6426,1618478096593,571,0
6427,1618478096685,584,0
6428,1618478096777,599,0
6429,1618478096869,550,0
6430,1618478096961,596,0
6431,1618478097053,507,0
6432,1618478097145,525,0
6433,1618478097237,604,0
6434,1618478097333,529,0
6435,1618478097427,503,0
6436,1618478097521,595,0
6437,1618478097615,554,0
6438,1618478097709,489,0
6439,1618478097803,577,0
6440,1618478097897,565,0
6441,1618478097991,491,0
6442,1618478098085,559,0
6443,1618478098179,598,0
6444,1618478098273,504,0
6445,1618478098367,528,0
6446,1618478098461,605,0
6447,1618478098553,523,0
6448,1618478098648,507,0
6449,1618478098743,600,0
6450,1618478098838,547,0
6451,1618478098933,494,0
6452,1618478099028,530,0
6453,1618478099123,578,0
6454,1618478099218,497,0
6455,1618478099313,567,1
6456,1618478099408,603,1
6457,1618478099503,514,1
6458,1618478099598,558,1
6459,1618478099693,642,1
6460,1618478099785,593,1
6461,1618478099879,596,1
6462,1618478099973,663,1
6463,1618478100067,551,1
6464,1618478100161,453,1
6465,1618478100255,471,1
6466,1618478100349,547,1
6467,1618478100443,524,1
6468,1618478100537,666,1
6469,1618478100631,531,1
6470,1618478100725,504,1
6471,1618478100819,529,1
6472,1618478100913,578,1
6473,1618478101007,501,1
6474,1618478101101,511,1
6475,1618478101195,596,1
6476,1618478101289,487,0
6477,1618478101383,494,0
6478,1618478101477,589,0
6479,1618478101571,563,0
6480,1618478101665,487,0
6481,1618478101759,574,0
6482,1618478101853,585,0
6483,1618478101947,488,0
6484,1618478102041,545,0
6485,1618478102135,597,0
6486,1618478102227,509,0
6487,1618478102321,521,0
6488,1618478102415,496,0
6489,1618478102509,529,0
6490,1618478102603,502,0
6491,1618478102697,595,0
6492,1618478102791,556,0
6493,1618478102885,490,0
6494,1618478102979,574,0
6495,1618478103073,583,0
6496,1618478103167,491,0
6497,1618478103261,551,0
6498,1618478103355,596,0
6499,1618478103444,504,0
6500,1618478103539,541,0
6501,1618478103634,602,0
6502,1618478103729,523,0
6503,1618478103824,506,0
6504,1618478103919,598,0
6505,1618478104014,549,0
6506,1618478104109,491,0
6507,1618478104204,582,0
6508,1618478104299,577,0
6509,1618478104394,492,0
6510,1618478104489,556,0
6511,1618478104584,596,0
6512,1618478104677,573,0
6513,1618478104771,531,0
6514,1618478104865,604,0
6515,1618478104959,520,0
6516,1618478105053,511,0
6517,1618478105147,600,0
6518,1618478105241,545,0
6519,1618478105335,491,0
6520,1618478105429,585,0
6521,1618478105523,574,0
6522,1618478105617,489,0
6523,1618478105711,561,0
6524,1618478105805,596,0
6525,1618478105895,495,0
6526,1618478105990,536,0
6527,1618478106085,603,0
6528,1618478106180,512,0
6529,1618478106275,510,0
6530,1618478106370,601,0
6531,1618478106465,537,0
6532,1618478106560,497,0
6533,1618478106655,588,0
6534,1618478106750,567,0
6535,1618478106845,486,0
6536,1618478106940,599,0
6537,1618478107035,588,0
6538,1618478107133,493,0
6539,1618478107227,545,0
6540,1618478107321,601,0
6541,1618478107415,511,0
6542,1618478107509,514,0
6543,1618478107603,604,0
6544,1618478107697,534,0
6545,1618478107791,497,0
6546,1618478107885,588,0
6547,1618478107979,559,0
6548,1618478108073,586,0
6549,1618478108167,574,0
6550,1618478108261,586,0
6551,1618478108349,492,0
6552,1618478108444,544,0
6553,1618478108539,594,0
6554,1618478108634,503,0
6555,1618478108729,518,0
6556,1618478108824,598,0
6557,1618478108919,520,0
6558,1618478109014,495,0
6559,1618478109109,588,0
6560,1618478109204,531,1
6561,1618478109299,480,1
6562,1618478109394,564,1
6563,1618478109489,565,1
6564,1618478109584,472,1
6565,1618478109678,532,1
6566,1618478109772,567,1
6567,1618478109866,498,1
6568,1618478109960,507,1
6569,1618478110054,620,1
6570,1618478110148,466,1
6571,1618478110242,456,1
6572,1618478110336,593,1
6573,1618478110430,633,1
6574,1618478110524,549,1
6575,1618478110618,569,1
6576,1618478110712,517,1
6577,1618478110802,385,1
6578,1618478110896,431,1
6579,1618478110990,525,1
6580,1618478111084,478,1
6581,1618478111178,553,1
6582,1618478111272,655,1
6583,1618478111366,589,1
6584,1618478111460,576,1
6585,1618478111554,678,1
6586,1618478111648,604,1
6587,1618478111742,535,1
6588,1618478111836,618,1
6589,1618478111930,587,1
6590,1618478112021,509,1
6591,1618478112115,582,1
6592,1618478112209,599,1
6593,1618478112303,499,1
6594,1618478112397,545,1
6595,1618478112491,607,1
6596,1618478112585,496,0
6597,1618478112679,517,0
6598,1618478112773,607,0
6599,1618478112867,537,0
6600,1618478112961,497,0
6601,1618478113055,596,0
6602,1618478113149,566,0
6603,1618478113241,491,0
6604,1618478113335,570,0
6605,1618478113429,584,0
6606,1618478113523,495,0
6607,1618478113617,544,0
6608,1618478113711,521,0
6609,1618478113805,506,0
6610,1618478113899,521,0
6611,1618478113993,606,0
6612,1618478114087,534,0
6613,1618478114181,500,0
6614,1618478114275,595,0
6615,1618478114369,561,0
6616,1618478114460,495,0
6617,1618478114555,577,0
6618,1618478114650,588,0
6619,1618478114745,493,0
6620,1618478114840,566,0
6621,1618478114935,603,0
6622,1618478115030,508,0
6623,1618478115125,522,0
6624,1618478115220,604,0
6625,1618478115315,521,0
6626,1618478115410,503,0
6627,1618478115505,603,0
6628,1618478115600,555,0
6629,1618478115697,495,0
6630,1618478115790,580,0
6631,1618478115883,579,0
6632,1618478115976,590,0
6633,1618478116069,557,0
6634,1618478116162,596,0
6635,1618478116255,498,0
6636,1618478116348,528,0
6637,1618478116441,603,0
6638,1618478116534,522,0
6639,1618478116627,505,0
6640,1618478116720,601,0
6641,1618478116813,549,0
6642,1618478116911,493,0
