12331,1610679581176,346,0
12332,1610679581271,348,0
12333,1610679581366,327,0
12334,1610679581461,320,0
12335,1610679581556,320,0
12336,1610679581651,327,0
12337,1610679581740,349,0
12338,1610679581834,347,0
12339,1610679581928,309,0
12340,1610679582022,312,0
12341,1610679582116,336,0
12342,1610679582210,346,0
12343,1610679582304,339,0
12344,1610679582398,332,0
12345,1610679582492,317,0
12346,1610679582586,318,0
12347,1610679582680,348,0
12348,1610679582774,351,0
12349,1610679582868,322,0
12350,1610679582959,317,0
12351,1610679583053,321,0
12352,1610679583147,330,0
12353,1610679583241,343,0
12354,1610679583335,340,0
12355,1610679583429,307,0
12356,1610679583523,312,0
12357,1610679583617,343,0
12358,1610679583711,342,0
12359,1610679583805,333,0
12360,1610679583899,330,0
12361,1610679583993,319,0
12362,1610679584087,319,0
12363,1610679584177,347,0
12364,1610679584271,348,0
12365,1610679584365,322,0
12366,1610679584459,316,0
12367,1610679584553,324,0
12368,1610679584647,334,0
12369,1610679584741,347,0
12370,1610679584835,341,0
12371,1610679584929,309,0
12372,1610679585023,313,0
12373,1610679585117,339,0
12374,1610679585211,344,0
12375,1610679585305,330,1
12376,1610679585405,327,1
12377,1610679585499,318,1
12378,1610679585593,318,1
12379,1610679585687,347,1
12380,1610679585781,347,1
12381,1610679585875,311,1
12382,1610679585969,309,1
12383,1610679586063,315,1
12384,1610679586157,314,1
12385,1610679586251,317,1
12386,1610679586345,303,1
12387,1610679586439,256,1
12388,1610679586533,363,1
12389,1610679586632,519,1
12390,1610679586726,595,1
12391,1610679586820,817,1
12392,1610679586914,678,1
12393,1610679587008,699,1
12394,1610679587102,508,1
12395,1610679587196,255,1
12396,1610679587290,404,1
12397,1610679587384,286,1
12398,1610679587478,250,1
12399,1610679587572,289,1
12400,1610679587666,311,1
12401,1610679587760,328,0
12402,1610679587855,327,0
12403,1610679587949,312,0
12404,1610679588043,312,0
12405,1610679588137,341,0
12406,1610679588231,347,0
12407,1610679588325,323,0
12408,1610679588419,324,0
12409,1610679588513,317,0
12410,1610679588607,326,0
12411,1610679588701,346,0
12412,1610679588795,348,0
12413,1610679588889,316,0
12414,1610679588983,311,0
12415,1610679589082,335,0
12416,1610679589176,337,0
12417,1610679589270,339,0
12418,1610679589364,336,0
12419,1610679589458,314,0
12420,1610679589552,313,0
12421,1610679589646,348,0
12422,1610679589740,349,0
12423,1610679589834,323,0
12424,1610679589928,320,0
12425,1610679590022,321,0
12426,1610679590116,326,0
12427,1610679590210,348,0
12428,1610679590308,348,0
12429,1610679590402,313,0
12430,1610679590496,312,0
12431,1610679590590,336,0
12432,1610679590684,342,0
12433,1610679590778,342,0
12434,1610679590872,333,0
12435,1610679590966,312,0
12436,1610679591060,317,0
12437,1610679591154,348,0
12438,1610679591248,350,0
12439,1610679591342,321,0
12440,1610679591436,320,0
12441,1610679591528,322,0
12442,1610679591621,325,0
12443,1610679591714,346,0
12444,1610679591807,348,0
12445,1610679591900,313,0
12446,1610679591993,312,0
12447,1610679592086,340,0
12448,1610679592179,338,0
12449,1610679592272,336,0
12450,1610679592365,335,0
12451,1610679592458,317,0
12452,1610679592551,317,0
12453,1610679592644,346,0
12454,1610679592741,347,0
12455,1610679592836,323,0
12456,1610679592931,318,0
12457,1610679593026,321,0
12458,1610679593121,329,0
12459,1610679593216,350,0
12460,1610679593311,348,0
12461,1610679593406,315,0
12462,1610679593501,314,0
12463,1610679593596,342,0
12464,1610679593691,344,0
12465,1610679593786,337,0
12466,1610679593881,333,0
12467,1610679593977,315,0
12468,1610679594090,314,0
12469,1610679594203,348,0
12470,1610679594316,349,0
12471,1610679594429,326,0
12472,1610679594542,322,0
12473,1610679594655,321,0
12474,1610679594768,328,0
12475,1610679594881,351,0
12476,1610679594994,345,0
12477,1610679595107,316,0
12478,1610679595220,309,0
12479,1610679595333,341,0
12480,1610679595450,343,0
12481,1610679595527,338,0
12482,1610679595604,335,0
12483,1610679595681,316,0
12484,1610679595758,316,0
12485,1610679595835,346,0
12486,1610679595912,347,0
12487,1610679595989,327,0
12488,1610679596066,320,0
12489,1610679596143,322,0
12490,1610679596220,330,0
12491,1610679596297,345,0
12492,1610679596374,343,0
12493,1610679596446,313,0
12494,1610679596557,312,0
12495,1610679596668,338,0
12496,1610679596779,341,0
12497,1610679596890,339,0
12498,1610679597001,335,0
12499,1610679597112,315,0
12500,1610679597223,314,1
12501,1610679597334,344,1
12502,1610679597445,345,1
12503,1610679597556,316,1
12504,1610679597667,282,1
12505,1610679597778,278,1
12506,1610679597893,283,1
12507,1610679597984,383,1
12508,1610679598075,538,1
12509,1610679598166,579,1
12510,1610679598257,522,1
12511,1610679598348,454,1
12512,1610679598439,268,1
12513,1610679598530,297,1
12514,1610679598621,313,1
12515,1610679598712,303,1
12516,1610679598803,310,1
12517,1610679598894,342,1
12518,1610679598985,347,1
12519,1610679599080,324,1
12520,1610679599171,323,1
12521,1610679599262,318,0
12522,1610679599353,329,0
12523,1610679599444,351,0
12524,1610679599535,349,0
12525,1610679599626,316,0
12526,1610679599717,316,0
12527,1610679599808,332,0
12528,1610679599899,337,0
12529,1610679599990,347,0
12530,1610679600081,343,0
12531,1610679600172,311,0
12532,1610679600261,309,0
12533,1610679600345,344,0
12534,1610679600429,352,0
12535,1610679600513,329,0
12536,1610679600597,327,0
12537,1610679600681,316,0
12538,1610679600765,320,0
12539,1610679600849,345,0
12540,1610679600933,347,0
12541,1610679601017,317,0
12542,1610679601101,318,0
12543,1610679601185,326,0
12544,1610679601269,328,0
12545,1610679601355,347,0
12546,1610679601449,343,0
12547,1610679601543,313,0
12548,1610679601637,310,0
12549,1610679601731,337,0
12550,1610679601825,343,0
12551,1610679601919,336,0
12552,1610679602013,326,0
12553,1610679602107,315,0
12554,1610679602201,316,0
12555,1610679602295,354,0
12556,1610679602389,348,0
12557,1610679602483,323,0
12558,1610679602575,324,0
12559,1610679602684,324,0
12560,1610679602793,322,0
12561,1610679602902,347,0
12562,1610679603011,348,0
