1655,1616112815734,475,0
1656,1616112815828,436,0
1657,1616112815922,473,0
1658,1616112816016,497,0
1659,1616112816110,410,0
1660,1616112816204,451,0
1661,1616112816298,507,0
1662,1616112816392,426,0
1663,1616112816486,427,0
1664,1616112816578,510,0
1665,1616112816672,452,0
1666,1616112816766,408,0
1667,1616112816860,496,0
1668,1616112816954,409,0
1669,1616112817048,408,0
1670,1616112817142,479,0
1671,1616112817236,494,0
1672,1616112817330,406,0
1673,1616112817424,456,0
1674,1616112817518,509,0
1675,1616112817612,421,0
1676,1616112817706,431,0
1677,1616112817796,505,0
1678,1616112817890,445,0
1679,1616112817984,410,0
1680,1616112818078,403,0
1681,1616112818172,469,0
1682,1616112818266,403,0
1683,1616112818360,481,0
1684,1616112818454,493,0
1685,1616112818548,411,0
1686,1616112818642,459,0
1687,1616112818736,502,0
1688,1616112818830,416,0
1689,1616112818924,436,0
1690,1616112819013,509,0
1691,1616112819107,439,0
1692,1616112819201,429,0
1693,1616112819295,499,0
1694,1616112819389,462,0
1695,1616112819483,404,0
1696,1616112819577,484,0
1697,1616112819671,485,0
1698,1616112819765,402,0
1699,1616112819859,466,0
1700,1616112819953,502,0
1701,1616112820047,414,0
1702,1616112820141,438,0
1703,1616112820233,509,0
1704,1616112820456,454,0
1705,1616112820679,422,0
1706,1616112820902,505,0
1707,1616112821125,458,0
1708,1616112821348,409,0
1709,1616112821571,489,0
1710,1616112821794,481,0
1711,1616112822017,404,0
1712,1616112822240,471,0
1713,1616112822463,501,0
1714,1616112822686,414,0
1715,1616112822909,446,0
1716,1616112823135,290,0
1717,1616112823229,435,0
1718,1616112823323,424,0
1719,1616112823417,507,0
1720,1616112823511,449,0
1721,1616112823605,408,0
1722,1616112823699,494,0
1723,1616112823793,475,0
1724,1616112823887,403,0
1725,1616112823981,475,1
1726,1616112824075,491,1
1727,1616112824169,402,1
1728,1616112824263,501,1
1729,1616112824354,499,1
1730,1616112824449,412,1
1731,1616112824544,415,1
1732,1616112824639,479,1
1733,1616112824734,408,1
1734,1616112824829,361,1
1735,1616112824924,434,1
1736,1616112825019,409,1
1737,1616112825114,348,1
1738,1616112825209,434,1
1739,1616112825304,449,1
1740,1616112825399,465,1
1741,1616112825494,436,1
1742,1616112825590,504,1
1743,1616112825685,433,1
1744,1616112825780,458,1
1745,1616112825875,531,1
1746,1616112825970,454,1
1747,1616112826065,421,1
1748,1616112826160,505,1
1749,1616112826255,467,1
1750,1616112826350,404,1
1751,1616112826445,485,0
1752,1616112826540,472,0
1753,1616112826635,413,0
1754,1616112826730,466,0
1755,1616112826824,505,0
1756,1616112826918,419,0
1757,1616112827012,439,0
1758,1616112827106,510,0
1759,1616112827200,436,0
1760,1616112827294,420,0
1761,1616112827388,502,0
1762,1616112827482,461,0
1763,1616112827576,405,0
1764,1616112827670,443,0
1765,1616112827764,481,0
1766,1616112827858,405,0
1767,1616112827952,469,0
1768,1616112828044,501,0
1769,1616112828137,413,0
1770,1616112828230,445,0
1771,1616112828323,511,0
1772,1616112828416,435,0
1773,1616112828509,422,0
1774,1616112828602,508,0
1775,1616112828695,455,0
1776,1616112828788,419,0
1777,1616112828881,493,0
1778,1616112828974,475,0
1779,1616112829067,402,0
1780,1616112829160,473,0
1781,1616112829259,499,0
1782,1616112829353,409,0
1783,1616112829447,448,0
1784,1616112829541,509,0
1785,1616112829635,428,0
1786,1616112829729,425,0
1787,1616112829823,508,0
1788,1616112829917,405,0
1789,1616112830011,410,0
1790,1616112830105,496,0
1791,1616112830199,473,0
1792,1616112830293,406,0
1793,1616112830387,479,0
1794,1616112830479,497,0
1795,1616112830573,409,0
1796,1616112830667,453,0
1797,1616112830761,505,0
1798,1616112830855,423,0
1799,1616112830949,431,0
1800,1616112831043,411,0
1801,1616112831137,446,0
1802,1616112831231,413,0
1803,1616112831325,499,0
1804,1616112831419,469,0
1805,1616112831513,406,0
1806,1616112831607,479,0
1807,1616112831696,489,0
1808,1616112831790,405,0
1809,1616112831884,458,0
1810,1616112831978,505,0
1811,1616112832072,420,0
1812,1616112832166,451,0
1813,1616112832260,506,0
1814,1616112832354,440,0
1815,1616112832448,417,0
1816,1616112832542,501,0
1817,1616112832636,464,0
1818,1616112832730,405,0
1819,1616112832824,489,0
1820,1616112832917,487,0
1821,1616112833011,406,0
1822,1616112833105,465,0
1823,1616112833199,505,0
1824,1616112833293,481,0
1825,1616112833387,438,0
1826,1616112833481,509,0
1827,1616112833575,434,0
1828,1616112833669,416,0
1829,1616112833763,507,0
1830,1616112833857,459,0
1831,1616112833951,407,0
1832,1616112834045,488,0
1833,1616112834135,482,0
1834,1616112834229,406,0
1835,1616112834323,470,0
1836,1616112834417,498,0
1837,1616112834511,409,0
1838,1616112834605,444,0
1839,1616112834699,510,0
1840,1616112834793,426,1
1841,1616112834887,419,1
1842,1616112834981,504,1
1843,1616112835075,448,1
1844,1616112835169,402,1
1845,1616112835263,494,1
1846,1616112835354,476,1
1847,1616112835448,393,1
1848,1616112835542,489,1
1849,1616112835636,470,1
1850,1616112835730,377,1
1851,1616112835824,417,1
1852,1616112835918,480,1
1853,1616112836012,403,1
1854,1616112836106,425,1
1855,1616112836200,502,1
1856,1616112836294,444,0
1857,1616112836388,408,0
1858,1616112836482,496,0
1859,1616112836572,474,0
1860,1616112836666,496,0
1861,1616112836760,478,0
1862,1616112836854,491,0
1863,1616112836948,409,0
1864,1616112837042,454,0
1865,1616112837136,507,0
1866,1616112837230,425,0
1867,1616112837324,430,0
1868,1616112837418,510,0
1869,1616112837512,444,0
1870,1616112837606,414,0
1871,1616112837700,504,0
1872,1616112837793,452,0
1873,1616112837887,403,0
1874,1616112837981,488,0
1875,1616112838075,490,0
1876,1616112838169,407,0
1877,1616112838263,462,0
1878,1616112838357,509,0
1879,1616112838451,418,0
1880,1616112838545,435,0
1881,1616112838639,510,0
1882,1616112838733,436,0
1883,1616112838827,419,0
1884,1616112838921,426,0
1885,1616112839009,460,0
1886,1616112839103,407,0
1887,1616112839197,482,0
1888,1616112839291,488,0
1889,1616112839385,408,0
1890,1616112839479,465,0
1891,1616112839573,504,0
1892,1616112839667,419,0
1893,1616112839761,439,0
1894,1616112839855,506,0
1895,1616112839949,438,0
1896,1616112840043,407,0
1897,1616112840137,503,0
1898,1616112840228,463,0
1899,1616112840322,409,0
1900,1616112840416,487,0
1901,1616112840510,485,0
1902,1616112840604,406,0
1903,1616112840698,466,0
1904,1616112840792,501,0
1905,1616112840886,413,0
1906,1616112840980,445,0
1907,1616112841074,507,0
1908,1616112841168,407,0
1909,1616112841262,424,0
1910,1616112841356,506,0
1911,1616112841448,457,0
1912,1616112841542,409,0
1913,1616112841636,491,0
1914,1616112841730,479,0
