8121,1618476749728,683,0
8122,1618476749823,631,0
8123,1618476749918,578,0
8124,1618476750013,667,0
8125,1618476750107,662,0
8126,1618476750201,574,0
8127,1618476750295,641,0
8128,1618476750389,678,0
8129,1618476750483,584,0
8130,1618476750577,620,0
8131,1618476750671,687,0
8132,1618476750765,637,0
8133,1618476750859,594,0
8134,1618476750953,684,0
8135,1618476751047,625,0
8136,1618476751141,577,0
8137,1618476751235,667,0
8138,1618476751325,654,0
8139,1618476751419,568,0
8140,1618476751513,646,0
8141,1618476751607,673,0
8142,1618476751701,579,0
8143,1618476751795,621,0
8144,1618476751889,667,0
8145,1618476751983,597,0
8146,1618476752077,598,0
8147,1618476752171,686,0
8148,1618476752265,620,0
8149,1618476752359,580,0
8150,1618476752453,675,0
8151,1618476752543,649,0
8152,1618476752637,575,0
8153,1618476752731,651,0
8154,1618476752825,670,0
8155,1618476752919,574,0
8156,1618476753013,678,0
8157,1618476753107,684,0
8158,1618476753201,589,0
8159,1618476753295,593,0
8160,1618476753389,680,1
8161,1618476753483,611,1
8162,1618476753577,575,1
8163,1618476753671,669,1
8164,1618476753765,628,1
8165,1618476753859,557,1
8166,1618476753953,629,1
8167,1618476754047,635,1
8168,1618476754141,642,1
8169,1618476754235,593,1
8170,1618476754329,682,1
8171,1618476754423,588,1
8172,1618476754517,558,1
8173,1618476754611,674,1
8174,1618476754705,690,1
8175,1618476754799,656,1
8176,1618476754893,717,1
8177,1618476754983,623,1
8178,1618476755077,527,1
8179,1618476755171,586,1
8180,1618476755265,520,1
8181,1618476755359,481,1
8182,1618476755453,620,1
8183,1618476755547,676,1
8184,1618476755641,641,1
8185,1618476755735,668,1
8186,1618476755829,761,1
8187,1618476755923,679,1
8188,1618476756017,651,1
8189,1618476756111,731,1
8190,1618476756201,671,1
8191,1618476756295,607,1
8192,1618476756389,638,1
8193,1618476756483,677,1
8194,1618476756577,588,1
8195,1618476756671,653,1
8196,1618476756765,685,0
8197,1618476756859,592,0
8198,1618476756953,628,0
8199,1618476757047,691,0
8200,1618476757141,605,0
8201,1618476757235,601,0
8202,1618476757329,688,0
8203,1618476757424,632,0
8204,1618476757518,583,0
8205,1618476757612,675,0
8206,1618476757706,660,0
8207,1618476757800,576,0
8208,1618476757894,651,0
8209,1618476757988,675,0
8210,1618476758082,583,0
8211,1618476758176,626,0
8212,1618476758270,686,0
8213,1618476758364,597,0
8214,1618476758458,602,0
8215,1618476758552,687,0
8216,1618476758642,572,0
8217,1618476758736,584,0
8218,1618476758830,678,0
8219,1618476758924,648,0
8220,1618476759018,575,0
8221,1618476759112,659,0
8222,1618476759206,670,0
8223,1618476759300,576,0
8224,1618476759394,631,0
8225,1618476759488,683,0
8226,1618476759582,595,0
8227,1618476759676,605,0
8228,1618476759770,585,0
8229,1618476759860,609,0
8230,1618476759954,586,0
8231,1618476760048,681,0
8232,1618476760142,642,0
8233,1618476760236,575,0
8234,1618476760330,661,0
8235,1618476760424,668,0
8236,1618476760518,575,0
8237,1618476760612,635,0
8238,1618476760706,680,0
8239,1618476760800,587,0
8240,1618476760894,623,0
8241,1618476760988,685,0
8242,1618476761080,609,0
8243,1618476761175,586,0
8244,1618476761270,685,0
8245,1618476761365,635,0
8246,1618476761460,576,0
8247,1618476761555,668,0
8248,1618476761650,659,0
8249,1618476761745,576,0
8250,1618476761840,641,0
8251,1618476761935,678,0
8252,1618476762030,659,0
8253,1618476762125,616,0
8254,1618476762220,685,0
8255,1618476762315,606,0
8256,1618476762409,596,0
8257,1618476762503,682,0
8258,1618476762597,629,0
8259,1618476762691,578,0
8260,1618476762785,669,0
8261,1618476762879,658,0
8262,1618476762973,572,0
8263,1618476763067,649,0
8264,1618476763161,683,0
8265,1618476763255,581,0
8266,1618476763349,620,0
8267,1618476763443,684,0
8268,1618476763531,600,0
8269,1618476763625,596,0
8270,1618476763719,684,0
8271,1618476763813,626,0
8272,1618476763907,583,0
8273,1618476764001,673,0
8274,1618476764095,648,0
8275,1618476764189,572,0
8276,1618476764283,684,0
8277,1618476764377,670,0
8278,1618476764471,576,0
8279,1618476764565,626,0
8280,1618476764659,690,0
8281,1618476764751,597,0
8282,1618476764845,599,0
8283,1618476764939,684,0
8284,1618476765033,619,0
8285,1618476765127,583,0
8286,1618476765221,675,0
8287,1618476765315,646,0
8288,1618476765409,671,0
8289,1618476765503,657,0
8290,1618476765597,665,0
8291,1618476765691,575,0
8292,1618476765785,629,0
8293,1618476765879,684,0
8294,1618476765971,595,0
8295,1618476766066,607,0
8296,1618476766161,686,0
8297,1618476766256,611,0
8298,1618476766351,588,0
8299,1618476766446,679,0
8300,1618476766541,628,0
8301,1618476766636,578,0
8302,1618476766731,663,0
8303,1618476766826,667,0
8304,1618476766921,574,0
8305,1618476767016,639,0
8306,1618476767111,679,0
8307,1618476767203,589,0
8308,1618476767297,615,0
8309,1618476767391,688,0
8310,1618476767485,609,0
8311,1618476767579,590,0
8312,1618476767673,591,0
8313,1618476767767,631,0
8314,1618476767861,577,0
8315,1618476767955,665,0
8316,1618476768049,660,0
8317,1618476768143,576,0
8318,1618476768237,647,0
8319,1618476768331,678,0
8320,1618476768420,582,0
8321,1618476768514,616,0
8322,1618476768608,690,0
8323,1618476768702,603,0
8324,1618476768796,574,0
8325,1618476768890,686,0
8326,1618476768984,633,0
8327,1618476769078,582,0
8328,1618476769172,676,0
8329,1618476769266,657,0
8330,1618476769360,581,0
8331,1618476769454,659,0
8332,1618476769548,681,0
8333,1618476769640,584,0
8334,1618476769734,631,0
8335,1618476769828,698,1
8336,1618476769922,590,1
8337,1618476770016,625,1
8338,1618476770110,723,1
8339,1618476770204,667,1
8340,1618476770298,648,1
8341,1618476770392,757,1
8342,1618476770486,719,1
8343,1618476770580,623,1
8344,1618476770674,630,1
8345,1618476770768,569,1
8346,1618476770859,481,1
8347,1618476770953,599,1
8348,1618476771047,607,1
8349,1618476771141,678,1
8350,1618476771235,583,1
8351,1618476771329,679,1
8352,1618476771423,603,1
8353,1618476771517,559,1
8354,1618476771611,661,1
8355,1618476771705,634,1
8356,1618476771799,568,0
8357,1618476771893,654,0
8358,1618476771987,665,0
8359,1618476772075,575,0
8360,1618476772169,645,0
8361,1618476772263,686,0
8362,1618476772357,588,0
8363,1618476772451,607,0
8364,1618476772545,687,0
8365,1618476772639,610,0
8366,1618476772733,587,0
8367,1618476772827,681,0
8368,1618476772921,640,0
8369,1618476773015,575,0
8370,1618476773109,664,0
8371,1618476773203,662,0
8372,1618476773294,674,0
8373,1618476773388,639,0
8374,1618476773482,680,0
8375,1618476773576,585,0
8376,1618476773670,612,0
8377,1618476773764,687,0
8378,1618476773858,607,0
8379,1618476773952,591,0
8380,1618476774046,680,0
8381,1618476774140,631,0
8382,1618476774234,575,0
8383,1618476774328,669,0
8384,1618476774422,686,0
8385,1618476774516,578,0
8386,1618476774610,642,0
8387,1618476774704,674,0
8388,1618476774798,585,0
8389,1618476774892,618,0
8390,1618476774986,685,0
8391,1618476775080,601,0
8392,1618476775174,592,0
8393,1618476775268,680,0
8394,1618476775362,627,0
8395,1618476775456,579,0
8396,1618476775550,678,0
8397,1618476775644,652,0
8398,1618476775739,574,0
8399,1618476775832,649,0
8400,1618476775925,678,0
8401,1618476776018,579,0
8402,1618476776111,626,0
8403,1618476776204,683,0
8404,1618476776297,600,0
8405,1618476776390,596,0
8406,1618476776483,681,0
8407,1618476776576,622,0
8408,1618476776669,647,0
8409,1618476776762,679,0
8410,1618476776855,652,0
8411,1618476776950,575,0
8412,1618476777044,653,0
8413,1618476777138,670,0
8414,1618476777232,579,0
8415,1618476777326,628,0
8416,1618476777420,683,0
8417,1618476777514,593,0
8418,1618476777608,602,0
8419,1618476777702,688,0
8420,1618476777796,605,0
8421,1618476777890,584,0
8422,1618476777984,677,0
8423,1618476778078,643,0
8424,1618476778171,573,0
