3570,1618476315921,235,0
3571,1618476316015,233,0
3572,1618476316109,243,0
3573,1618476316203,264,0
3574,1618476316297,256,0
3575,1618476316389,224,0
3576,1618476316483,225,0
3577,1618476316577,248,0
3578,1618476316671,255,0
3579,1618476316765,251,0
3580,1618476316859,245,0
3581,1618476316953,227,0
3582,1618476317047,232,0
3583,1618476317141,262,0
3584,1618476317235,263,0
3585,1618476317329,234,0
3586,1618476317423,231,0
3587,1618476317517,240,0
3588,1618476317605,243,0
3589,1618476317699,262,0
3590,1618476317793,259,0
3591,1618476317887,226,0
3592,1618476317981,231,0
3593,1618476318075,253,0
3594,1618476318169,256,0
3595,1618476318263,245,0
3596,1618476318357,244,0
3597,1618476318451,230,0
3598,1618476318545,234,0
3599,1618476318639,263,0
3600,1618476318733,262,0
3601,1618476318824,232,0
3602,1618476318918,228,0
3603,1618476319012,241,0
3604,1618476319106,245,0
3605,1618476319200,260,0
3606,1618476319294,249,0
3607,1618476319388,227,0
3608,1618476319482,231,0
3609,1618476319576,258,0
3610,1618476319670,260,0
3611,1618476319764,246,0
3612,1618476319858,239,0
3613,1618476319952,231,0
3614,1618476320043,234,0
3615,1618476320137,263,0
3616,1618476320231,262,0
3617,1618476320325,229,0
3618,1618476320419,229,0
3619,1618476320513,247,0
3620,1618476320607,252,0
3621,1618476320701,253,0
3622,1618476320795,254,0
3623,1618476320889,224,0
3624,1618476320983,229,0
3625,1618476321077,261,0
3626,1618476321171,265,0
3627,1618476321263,241,0
3628,1618476321357,236,0
3629,1618476321451,237,0
3630,1618476321545,239,0
3631,1618476321639,260,0
3632,1618476321733,261,0
3633,1618476321827,223,0
3634,1618476321921,228,0
3635,1618476322015,249,0
3636,1618476322109,257,0
3637,1618476322203,248,0
3638,1618476322297,246,0
3639,1618476322391,225,0
3640,1618476322479,237,0
3641,1618476322573,261,0
3642,1618476322667,260,0
3643,1618476322761,234,0
3644,1618476322855,231,0
3645,1618476322949,237,0
3646,1618476323043,243,0
3647,1618476323137,255,0
3648,1618476323231,254,0
3649,1618476323325,223,0
3650,1618476323419,225,1
3651,1618476323513,251,1
3652,1618476323607,255,1
3653,1618476323699,241,1
3654,1618476323793,238,1
3655,1618476323887,224,1
3656,1618476323981,233,1
3657,1618476324075,255,1
3658,1618476324169,255,1
3659,1618476324263,220,1
3660,1618476324357,217,1
3661,1618476324451,223,1
3662,1618476324545,229,1
3663,1618476324639,231,1
3664,1618476324733,234,1
3665,1618476324827,194,1
3666,1618476324921,197,1
3667,1618476325015,217,1
3668,1618476325109,211,1
3669,1618476325203,201,1
3670,1618476325297,212,1
3671,1618476325391,216,1
3672,1618476325485,216,1
3673,1618476325579,240,1
3674,1618476325673,240,1
3675,1618476325767,216,1
3676,1618476325861,245,1
3677,1618476325955,283,1
3678,1618476326049,305,1
3679,1618476326138,322,1
3680,1618476326232,321,1
3681,1618476326326,282,1
3682,1618476326420,268,1
3683,1618476326514,283,1
3684,1618476326608,273,1
3685,1618476326702,244,1
3686,1618476326796,226,1
3687,1618476326890,207,1
3688,1618476326984,199,1
3689,1618476327078,218,1
3690,1618476327172,216,1
3691,1618476327266,172,1
3692,1618476327358,172,1
3693,1618476327452,175,1
3694,1618476327546,170,1
3695,1618476327640,181,1
3696,1618476327734,168,1
3697,1618476327828,155,1
3698,1618476327922,162,1
3699,1618476328016,207,1
3700,1618476328110,232,1
3701,1618476328204,216,1
3702,1618476328298,241,1
3703,1618476328392,278,1
3704,1618476328486,327,1
3705,1618476328578,376,1
3706,1618476328672,382,1
3707,1618476328766,350,1
3708,1618476328860,311,1
3709,1618476328954,298,1
3710,1618476329048,309,1
3711,1618476329142,323,1
3712,1618476329236,315,1
3713,1618476329330,282,1
3714,1618476329424,276,1
3715,1618476329518,307,1
3716,1618476329612,312,1
3717,1618476329706,290,1
3718,1618476329803,295,1
3719,1618476329897,293,1
3720,1618476329991,305,1
3721,1618476330085,317,1
3722,1618476330179,316,1
3723,1618476330273,278,1
3724,1618476330367,275,1
3725,1618476330461,293,1
3726,1618476330555,297,1
3727,1618476330649,290,1
3728,1618476330743,282,1
3729,1618476330837,259,1
3730,1618476330931,259,1
3731,1618476331023,290,0
3732,1618476331117,287,0
3733,1618476331211,255,0
3734,1618476331305,255,0
3735,1618476331399,254,0
3736,1618476331493,256,0
3737,1618476331587,278,0
3738,1618476331681,271,0
3739,1618476331775,239,0
3740,1618476331869,238,0
3741,1618476331963,264,0
3742,1618476332057,262,0
3743,1618476332151,258,0
3744,1618476332242,255,0
3745,1618476332336,235,0
3746,1618476332430,235,0
3747,1618476332524,262,0
3748,1618476332618,268,0
3749,1618476332712,240,0
3750,1618476332806,236,0
3751,1618476332900,237,0
3752,1618476332994,242,0
3753,1618476333088,260,0
3754,1618476333182,255,0
3755,1618476333276,222,0
3756,1618476333370,222,0
3757,1618476333458,250,0
3758,1618476333552,253,0
3759,1618476333646,239,0
3760,1618476333740,234,1
3761,1618476333834,211,1
3762,1618476333928,207,1
3763,1618476334022,232,1
3764,1618476334116,224,1
3765,1618476334210,191,1
3766,1618476334304,178,1
3767,1618476334398,167,1
3768,1618476334492,172,1
3769,1618476334586,204,1
3770,1618476334679,224,1
3771,1618476334773,262,1
3772,1618476334867,336,1
3773,1618476334961,402,1
3774,1618476335055,388,1
3775,1618476335149,267,1
3776,1618476335243,148,1
3777,1618476335337,123,1
3778,1618476335431,236,1
3779,1618476335525,383,1
3780,1618476335619,458,1
3781,1618476335713,485,1
3782,1618476335807,533,1
3783,1618476335895,535,1
3784,1618476335989,500,1
3785,1618476336083,495,1
3786,1618476336177,508,1
3787,1618476336271,519,1
3788,1618476336365,565,1
3789,1618476336459,628,1
3790,1618476336553,666,1
3791,1618476336647,707,1
3792,1618476336741,710,1
3793,1618476336835,674,1
3794,1618476336929,660,1
3795,1618476337023,652,1
3796,1618476337116,591,1
3797,1618476337210,517,1
3798,1618476337304,479,1
3799,1618476337398,446,1
3800,1618476337492,414,1
3801,1618476337586,397,1
3802,1618476337680,375,1
3803,1618476337774,330,1
3804,1618476337868,337,1
3805,1618476337962,345,1
3806,1618476338056,317,1
3807,1618476338150,281,1
3808,1618476338244,237,1
3809,1618476338333,178,1
3810,1618476338427,153,1
3811,1618476338521,171,1
3812,1618476338615,173,1
3813,1618476338709,154,1
3814,1618476338803,151,1
3815,1618476338897,149,1
3816,1618476338991,157,1
3817,1618476339085,186,1
3818,1618476339179,200,1
3819,1618476339273,171,1
3820,1618476339367,175,1
3821,1618476339461,193,1
3822,1618476339554,204,1
3823,1618476339648,217,1
3824,1618476339742,215,1
3825,1618476339836,186,1
3826,1618476339930,190,0
3827,1618476340024,223,0
3828,1618476340118,231,0
3829,1618476340212,213,0
3830,1618476340306,214,0
3831,1618476340400,207,0
3832,1618476340494,214,0
3833,1618476340588,241,0
3834,1618476340682,246,0
3835,1618476340772,218,0
3836,1618476340866,217,0
3837,1618476340960,226,0
3838,1618476341054,228,0
3839,1618476341148,247,0
3840,1618476341242,243,0
3841,1618476341336,215,0
3842,1618476341430,215,0
3843,1618476341524,243,0
3844,1618476341618,249,0
3845,1618476341712,238,0
3846,1618476341806,229,0
3847,1618476341900,222,0
3848,1618476341995,218,0
3849,1618476342089,254,0
3850,1618476342183,259,0
3851,1618476342277,227,0
3852,1618476342371,229,0
3853,1618476342465,228,0
3854,1618476342559,229,0
3855,1618476342653,254,0
3856,1618476342747,253,0
3857,1618476342841,224,0
3858,1618476342935,223,0
3859,1618476343029,242,0
3860,1618476343123,248,0
3861,1618476343214,251,0
3862,1618476343309,244,0
3863,1618476343404,221,0
3864,1618476343499,221,0
3865,1618476343594,249,0
3866,1618476343689,261,0
3867,1618476343784,235,0
3868,1618476343879,236,0
3869,1618476343974,228,0
3870,1618476344069,230,0
3871,1618476344164,257,0
3872,1618476344259,258,0
3873,1618476344354,228,0
3874,1618476344453,224,0
3875,1618476344546,235,0
3876,1618476344639,245,0
3877,1618476344732,249,0
3878,1618476344825,250,0
3879,1618476344918,218,0
3880,1618476345011,220,0
3881,1618476345104,249,0
3882,1618476345197,249,0
3883,1618476345290,244,0
3884,1618476345383,239,0
3885,1618476345476,220,0
3886,1618476345569,224,0
3887,1618476345667,256,0
3888,1618476345761,256,0
3889,1618476345855,230,0
3890,1618476345949,229,0
3891,1618476346043,228,0
3892,1618476346137,231,0
3893,1618476346231,253,0
3894,1618476346325,256,0
3895,1618476346419,221,0
3896,1618476346513,216,0
3897,1618476346607,242,0
3898,1618476346701,242,0
3899,1618476346795,247,0
3900,1618476346888,245,0
3901,1618476346982,224,0
3902,1618476347076,215,0
3903,1618476347170,252,0
3904,1618476347264,254,0
3905,1618476347358,240,0
3906,1618476347452,229,0
3907,1618476347546,223,0
3908,1618476347640,229,0
3909,1618476347734,255,0
3910,1618476347828,254,0
