6109,1618476554441,345,0
6110,1618476554532,393,0
6111,1618476554626,344,0
6112,1618476554720,390,0
6113,1618476554814,404,0
6114,1618476554908,351,0
6115,1618476555002,378,0
6116,1618476555096,415,0
6117,1618476555190,360,0
6118,1618476555284,363,0
6119,1618476555378,412,0
6120,1618476555472,374,0
6121,1618476555566,360,0
6122,1618476555660,407,0
6123,1618476555750,387,0
6124,1618476555844,348,0
6125,1618476555938,397,0
6126,1618476556032,400,0
6127,1618476556126,349,0
6128,1618476556220,382,0
6129,1618476556314,412,0
6130,1618476556408,357,0
6131,1618476556502,367,0
6132,1618476556596,413,0
6133,1618476556690,379,0
6134,1618476556784,354,0
6135,1618476556878,411,0
6136,1618476556968,383,0
6137,1618476557062,344,0
6138,1618476557156,399,0
6139,1618476557250,400,0
6140,1618476557344,349,0
6141,1618476557438,387,0
6142,1618476557532,410,0
6143,1618476557626,354,0
6144,1618476557720,370,0
6145,1618476557814,395,0
6146,1618476557908,364,0
6147,1618476558002,356,0
6148,1618476558096,412,0
6149,1618476558187,379,0
6150,1618476558281,351,0
6151,1618476558375,401,0
6152,1618476558469,398,0
6153,1618476558563,345,0
6154,1618476558657,389,0
6155,1618476558751,406,0
6156,1618476558845,352,0
6157,1618476558939,409,0
6158,1618476559033,415,0
6159,1618476559127,369,0
6160,1618476559221,362,0
6161,1618476559315,412,0
6162,1618476559405,381,0
6163,1618476559499,348,0
6164,1618476559593,406,0
6165,1618476559687,391,0
6166,1618476559781,348,0
6167,1618476559875,392,0
6168,1618476559969,408,0
6169,1618476560063,415,0
6170,1618476560157,374,0
6171,1618476560251,412,0
6172,1618476560345,360,0
6173,1618476560439,360,0
6174,1618476560533,412,0
6175,1618476560632,373,0
6176,1618476560726,348,0
6177,1618476560820,404,0
6178,1618476560914,385,0
6179,1618476561008,346,0
6180,1618476561102,395,0
6181,1618476561196,393,0
6182,1618476561290,346,0
6183,1618476561384,379,0
6184,1618476561478,410,0
6185,1618476561572,355,1
6186,1618476561666,361,1
6187,1618476561760,405,1
6188,1618476561850,368,1
6189,1618476561945,350,1
6190,1618476562040,401,1
6191,1618476562135,377,1
6192,1618476562230,342,1
6193,1618476562325,360,1
6194,1618476562420,371,1
6195,1618476562515,312,1
6196,1618476562610,329,1
6197,1618476562705,378,1
6198,1618476562800,325,1
6199,1618476562895,318,1
6200,1618476562990,351,1
6201,1618476563085,329,1
6202,1618476563179,348,1
6203,1618476563273,428,1
6204,1618476563367,416,1
6205,1618476563461,379,1
6206,1618476563555,391,1
6207,1618476563649,377,1
6208,1618476563743,316,1
6209,1618476563837,338,1
6210,1618476563931,325,1
6211,1618476564025,236,1
6212,1618476564119,316,1
6213,1618476564213,423,1
6214,1618476564306,419,1
6215,1618476564401,444,1
6216,1618476564496,494,1
6217,1618476564591,426,1
6218,1618476564686,409,1
6219,1618476564781,446,1
6220,1618476564876,423,1
6221,1618476564971,370,1
6222,1618476565066,407,1
6223,1618476565161,420,1
6224,1618476565256,365,1
6225,1618476565351,384,1
6226,1618476565446,422,0
6227,1618476565539,366,0
6228,1618476565633,364,0
6229,1618476565727,351,0
6230,1618476565821,376,0
6231,1618476565915,353,0
6232,1618476566009,405,0
6233,1618476566103,391,0
6234,1618476566197,349,0
6235,1618476566291,395,0
6236,1618476566385,405,0
6237,1618476566479,348,0
6238,1618476566573,380,0
6239,1618476566667,415,0
6240,1618476566757,362,0
6241,1618476566852,378,0
6242,1618476566947,415,0
6243,1618476567042,373,0
6244,1618476567137,352,0
6245,1618476567232,407,0
6246,1618476567327,388,0
6247,1618476567422,347,0
6248,1618476567517,398,0
6249,1618476567612,403,0
6250,1618476567707,354,0
6251,1618476567802,381,0
6252,1618476567897,412,0
6253,1618476567992,389,0
6254,1618476568086,368,0
6255,1618476568180,419,0
6256,1618476568274,369,0
6257,1618476568368,354,0
6258,1618476568462,410,0
6259,1618476568556,382,0
6260,1618476568650,350,0
6261,1618476568744,397,0
6262,1618476568838,404,0
6263,1618476568932,347,0
6264,1618476569026,383,0
6265,1618476569120,407,0
6266,1618476569212,357,0
6267,1618476569307,369,0
6268,1618476569402,417,0
6269,1618476569497,369,0
6270,1618476569592,354,0
6271,1618476569687,411,0
6272,1618476569782,380,0
6273,1618476569877,353,0
6274,1618476569972,398,0
6275,1618476570067,397,0
6276,1618476570162,349,0
6277,1618476570257,411,0
6278,1618476570352,405,0
6279,1618476570443,352,0
6280,1618476570537,373,0
6281,1618476570631,418,0
6282,1618476570725,366,0
6283,1618476570819,358,0
6284,1618476570913,409,0
6285,1618476571007,377,0
6286,1618476571101,347,0
6287,1618476571195,400,0
6288,1618476571289,389,0
6289,1618476571383,405,0
6290,1618476571477,390,0
6291,1618476571571,404,0
6292,1618476571662,352,0
6293,1618476571756,376,0
6294,1618476571850,415,0
6295,1618476571944,361,0
6296,1618476572038,361,0
6297,1618476572132,409,0
6298,1618476572226,382,0
6299,1618476572320,353,0
6300,1618476572414,405,0
6301,1618476572508,380,0
6302,1618476572602,351,0
6303,1618476572696,393,0
6304,1618476572790,402,0
6305,1618476572883,352,0
6306,1618476572977,380,0
6307,1618476573071,409,0
6308,1618476573165,359,0
6309,1618476573259,363,0
6310,1618476573353,415,0
6311,1618476573447,374,0
6312,1618476573541,354,0
6313,1618476573635,364,0
6314,1618476573729,395,0
6315,1618476573823,349,0
6316,1618476573917,393,0
6317,1618476574011,397,0
6318,1618476574102,353,0
6319,1618476574198,382,0
6320,1618476574294,408,0
6321,1618476574390,357,0
6322,1618476574486,368,0
6323,1618476574582,413,0
6324,1618476574678,370,0
6325,1618476574774,347,0
6326,1618476574870,409,0
6327,1618476574966,387,0
6328,1618476575062,348,0
6329,1618476575158,399,0
6330,1618476575254,401,0
6331,1618476575354,348,0
6332,1618476575446,384,0
6333,1618476575538,408,0
6334,1618476575630,354,0
6335,1618476575722,372,0
6336,1618476575814,413,0
6337,1618476575906,349,0
6338,1618476575998,356,0
6339,1618476576090,408,0
6340,1618476576182,380,0
6341,1618476576274,352,0
6342,1618476576366,402,0
6343,1618476576458,398,0
6344,1618476576554,346,0
6345,1618476576648,388,0
6346,1618476576742,410,0
6347,1618476576836,354,0
6348,1618476576930,374,0
6349,1618476577024,366,0
6350,1618476577118,369,1
6351,1618476577212,365,1
6352,1618476577306,416,1
6353,1618476577400,391,1
6354,1618476577494,373,1
6355,1618476577588,444,1
6356,1618476577682,461,1
6357,1618476577776,421,1
6358,1618476577871,399,1
6359,1618476577966,297,1
6360,1618476578061,346,1
6361,1618476578156,420,1
6362,1618476578251,405,1
6363,1618476578346,295,1
6364,1618476578441,353,1
6365,1618476578536,383,1
6366,1618476578631,362,1
6367,1618476578726,346,1
6368,1618476578821,405,1
6369,1618476578916,386,1
6370,1618476579009,341,1
6371,1618476579103,395,0
6372,1618476579197,406,0
6373,1618476579291,401,0
6374,1618476579385,380,0
6375,1618476579479,409,0
6376,1618476579573,361,0
6377,1618476579667,364,0
6378,1618476579761,408,0
6379,1618476579855,374,0
6380,1618476579949,353,0
6381,1618476580043,408,0
6382,1618476580137,388,0
6383,1618476580227,347,0
6384,1618476580322,394,0
6385,1618476580417,415,0
6386,1618476580512,347,0
6387,1618476580607,381,0
6388,1618476580702,409,0
6389,1618476580797,359,0
6390,1618476580892,366,0
6391,1618476580987,409,0
6392,1618476581082,369,0
6393,1618476581177,354,0
6394,1618476581272,408,0
6395,1618476581367,385,0
6396,1618476581463,353,0
6397,1618476581557,411,0
6398,1618476581651,401,0
6399,1618476581745,346,0
6400,1618476581839,381,0
6401,1618476581933,407,0
6402,1618476582027,359,0
6403,1618476582121,370,0
6404,1618476582215,416,0
6405,1618476582309,369,0
6406,1618476582403,352,0
6407,1618476582497,409,0
6408,1618476582591,382,0
6409,1618476582681,398,0
6410,1618476582775,400,0
6411,1618476582869,397,0
6412,1618476582963,347,0
6413,1618476583057,391,0
6414,1618476583151,414,0
6415,1618476583245,352,0
6416,1618476583339,371,0
6417,1618476583433,410,0
6418,1618476583527,366,0
6419,1618476583621,360,0
6420,1618476583715,412,0
6421,1618476583809,367,0
6422,1618476583897,354,0
6423,1618476583991,403,0
6424,1618476584085,396,0
6425,1618476584179,343,0
6426,1618476584273,392,0
6427,1618476584367,404,0
6428,1618476584461,354,0
6429,1618476584555,375,0
6430,1618476584649,413,0
6431,1618476584743,362,0
6432,1618476584837,360,0
6433,1618476584931,352,0
6434,1618476585025,379,0
6435,1618476585118,351,0
6436,1618476585212,409,0
6437,1618476585306,390,0
