7865,1618476719506,543,0
7866,1618476719600,491,0
7867,1618476719694,585,0
7868,1618476719788,577,0
7869,1618476719882,490,0
7870,1618476719976,557,0
7871,1618476720070,597,0
7872,1618476720164,502,0
7873,1618476720258,535,0
7874,1618476720352,601,0
7875,1618476720446,552,0
7876,1618476720540,506,0
7877,1618476720634,599,0
7878,1618476720722,542,0
7879,1618476720816,495,0
7880,1618476720910,584,0
7881,1618476721004,570,0
7882,1618476721098,490,0
7883,1618476721192,565,0
7884,1618476721286,589,0
7885,1618476721380,498,0
7886,1618476721474,538,0
7887,1618476721568,587,0
7888,1618476721662,513,0
7889,1618476721756,513,0
7890,1618476721850,600,0
7891,1618476721942,536,0
7892,1618476722036,493,0
7893,1618476722130,590,0
7894,1618476722224,567,0
7895,1618476722318,486,0
7896,1618476722412,569,0
7897,1618476722506,584,0
7898,1618476722600,491,0
7899,1618476722694,596,0
7900,1618476722788,601,0
7901,1618476722882,506,0
7902,1618476722976,513,0
7903,1618476723070,597,0
7904,1618476723162,533,0
7905,1618476723256,494,0
7906,1618476723350,586,0
7907,1618476723444,547,0
7908,1618476723538,480,0
7909,1618476723632,563,0
7910,1618476723726,570,1
7911,1618476723820,582,1
7912,1618476723914,529,1
7913,1618476724008,565,1
7914,1618476724102,476,1
7915,1618476724196,495,1
7916,1618476724290,575,1
7917,1618476724380,506,1
7918,1618476724474,437,1
7919,1618476724568,504,1
7920,1618476724662,583,1
7921,1618476724756,591,1
7922,1618476724850,666,1
7923,1618476724944,573,1
7924,1618476725038,462,1
7925,1618476725132,505,1
7926,1618476725226,504,1
7927,1618476725320,377,1
7928,1618476725414,382,1
7929,1618476725508,593,1
7930,1618476725599,525,1
7931,1618476725693,583,1
7932,1618476725787,665,1
7933,1618476725881,613,1
7934,1618476725975,570,1
7935,1618476726069,602,1
7936,1618476726163,630,1
7937,1618476726257,535,1
7938,1618476726351,590,1
7939,1618476726445,618,1
7940,1618476726539,521,1
7941,1618476726633,551,1
7942,1618476726727,616,1
7943,1618476726820,526,1
7944,1618476726914,524,1
7945,1618476727008,605,1
7946,1618476727102,550,0
7947,1618476727196,501,0
7948,1618476727290,591,0
7949,1618476727384,575,0
7950,1618476727478,491,0
7951,1618476727572,567,0
7952,1618476727666,596,0
7953,1618476727760,500,0
7954,1618476727854,541,0
7955,1618476727948,599,0
7956,1618476728038,518,0
7957,1618476728131,523,0
7958,1618476728224,603,0
7959,1618476728317,495,0
7960,1618476728410,499,0
7961,1618476728503,593,0
7962,1618476728596,564,0
7963,1618476728689,496,0
7964,1618476728782,576,0
7965,1618476728875,586,0
7966,1618476728968,491,0
7967,1618476729061,549,0
7968,1618476729154,600,0
7969,1618476729253,509,0
7970,1618476729347,522,0
7971,1618476729441,495,0
7972,1618476729535,530,0
7973,1618476729629,501,0
7974,1618476729723,594,0
7975,1618476729817,558,0
7976,1618476729911,489,0
7977,1618476730005,577,0
7978,1618476730099,582,0
7979,1618476730193,495,0
7980,1618476730287,552,0
7981,1618476730381,597,0
7982,1618476730476,498,0
7983,1618476730569,539,0
7984,1618476730662,603,0
7985,1618476730755,521,0
7986,1618476730848,505,0
7987,1618476730941,599,0
7988,1618476731034,554,0
7989,1618476731127,492,0
7990,1618476731220,582,0
7991,1618476731313,575,0
7992,1618476731406,492,0
7993,1618476731499,555,0
7994,1618476731592,597,0
7995,1618476731691,576,0
7996,1618476731785,532,0
7997,1618476731879,599,0
7998,1618476731973,520,0
7999,1618476732067,508,0
8000,1618476732161,601,0
8001,1618476732255,545,0
8002,1618476732349,492,0
8003,1618476732443,585,0
8004,1618476732537,571,0
8005,1618476732631,491,0
8006,1618476732725,560,0
8007,1618476732819,598,0
8008,1618476732910,497,0
8009,1618476733004,537,0
8010,1618476733098,603,0
8011,1618476733192,516,0
8012,1618476733286,508,0
8013,1618476733380,600,0
8014,1618476733474,542,0
8015,1618476733568,496,0
8016,1618476733662,591,0
8017,1618476733756,566,0
8018,1618476733850,490,0
8019,1618476733944,600,0
8020,1618476734038,588,0
8021,1618476734130,496,0
8022,1618476734224,541,0
8023,1618476734318,603,0
8024,1618476734412,511,0
8025,1618476734506,517,0
8026,1618476734600,602,0
8027,1618476734694,536,0
8028,1618476734788,498,0
8029,1618476734882,591,0
8030,1618476734976,564,0
8031,1618476735070,588,0
8032,1618476735164,573,0
8033,1618476735258,583,0
8034,1618476735349,495,0
8035,1618476735443,544,0
8036,1618476735537,597,0
8037,1618476735631,506,0
8038,1618476735725,527,0
8039,1618476735819,607,0
8040,1618476735913,531,0
8041,1618476736007,501,0
8042,1618476736101,595,0
8043,1618476736195,543,0
8044,1618476736289,492,0
8045,1618476736383,581,0
8046,1618476736477,579,0
8047,1618476736567,493,0
8048,1618476736661,556,0
8049,1618476736755,595,0
8050,1618476736849,503,0
8051,1618476736943,531,0
8052,1618476737037,603,0
8053,1618476737131,526,0
8054,1618476737225,506,0
8055,1618476737319,507,0
8056,1618476737413,550,0
8057,1618476737507,497,0
8058,1618476737601,580,0
8059,1618476737695,573,0
8060,1618476737786,490,0
8061,1618476737880,562,0
8062,1618476737974,597,0
8063,1618476738068,498,0
8064,1618476738162,530,0
8065,1618476738256,607,0
8066,1618476738350,519,0
8067,1618476738444,491,0
8068,1618476738538,602,0
8069,1618476738632,545,0
8070,1618476738726,496,0
8071,1618476738820,587,0
8072,1618476738914,570,0
8073,1618476739006,492,0
8074,1618476739100,567,0
8075,1618476739194,591,0
8076,1618476739288,494,0
8077,1618476739382,539,0
8078,1618476739476,602,0
8079,1618476739570,494,0
8080,1618476739664,519,0
8081,1618476739758,604,0
8082,1618476739852,539,0
8083,1618476739946,496,0
8084,1618476740040,590,0
8085,1618476740134,565,0
8086,1618476740225,488,0
8087,1618476740319,571,0
8088,1618476740413,586,0
8089,1618476740507,496,0
8090,1618476740601,546,1
8091,1618476740695,518,1
8092,1618476740789,507,1
8093,1618476740883,525,1
8094,1618476740977,608,1
8095,1618476741071,535,1
8096,1618476741165,508,1
8097,1618476741259,602,1
8098,1618476741353,572,1
8099,1618476741451,512,1
8100,1618476741546,622,1
8101,1618476741641,640,1
8102,1618476741736,587,1
8103,1618476741831,645,1
8104,1618476741926,638,1
8105,1618476742021,461,1
8106,1618476742116,420,1
8107,1618476742211,570,1
8108,1618476742306,578,1
8109,1618476742401,569,1
8110,1618476742496,504,1
8111,1618476742591,504,1
8112,1618476742685,474,1
8113,1618476742779,566,1
8114,1618476742873,567,1
8115,1618476742967,581,1
8116,1618476743061,550,1
8117,1618476743155,587,1
8118,1618476743249,502,1
8119,1618476743343,526,1
8120,1618476743437,599,1
8121,1618476743531,524,0
8122,1618476743625,504,0
8123,1618476743719,596,0
8124,1618476743813,549,0
8125,1618476743903,494,0
8126,1618476743997,583,0
8127,1618476744091,604,0
8128,1618476744185,492,0
8129,1618476744279,561,0
8130,1618476744373,590,0
8131,1618476744467,500,0
8132,1618476744561,535,0
8133,1618476744655,601,0
8134,1618476744749,518,0
8135,1618476744843,510,0
8136,1618476744937,597,0
8137,1618476745031,545,0
8138,1618476745123,490,0
8139,1618476745217,595,0
8140,1618476745311,573,0
8141,1618476745405,492,0
8142,1618476745499,562,0
8143,1618476745593,592,0
8144,1618476745687,496,0
8145,1618476745781,538,0
8146,1618476745875,600,0
8147,1618476745969,518,0
8148,1618476746063,512,0
8149,1618476746157,597,0
8150,1618476746251,539,0
8151,1618476746341,564,0
8152,1618476746435,594,0
8153,1618476746529,564,0
8154,1618476746623,487,0
8155,1618476746717,569,0
8156,1618476746811,585,0
8157,1618476746905,494,0
8158,1618476746999,545,0
8159,1618476747093,599,0
8160,1618476747187,507,0
8161,1618476747281,521,0
8162,1618476747375,600,0
8163,1618476747469,520,0
8164,1618476747564,500,0
8165,1618476747659,593,0
