7311,1618476667450,523,0
7312,1618476667544,475,0
7313,1618476667638,475,0
7314,1618476667732,522,0
7315,1618476667826,483,0
7316,1618476667920,467,0
7317,1618476668014,522,0
7318,1618476668108,497,0
7319,1618476668197,462,0
7320,1618476668292,512,0
7321,1618476668387,503,0
7322,1618476668482,520,0
7323,1618476668577,502,0
7324,1618476668672,512,0
7325,1618476668767,465,0
7326,1618476668862,495,0
7327,1618476668957,520,0
7328,1618476669052,465,0
7329,1618476669147,484,0
7330,1618476669242,522,0
7331,1618476669337,474,0
7332,1618476669434,475,0
7333,1618476669528,529,0
7334,1618476669622,516,0
7335,1618476669716,462,0
7336,1618476669810,519,0
7337,1618476669904,495,0
7338,1618476669998,461,0
7339,1618476670092,513,0
7340,1618476670186,503,0
7341,1618476670280,458,0
7342,1618476670374,504,0
7343,1618476670468,513,0
7344,1618476670562,463,0
7345,1618476670652,490,0
7346,1618476670747,481,0
7347,1618476670842,467,0
7348,1618476670937,485,0
7349,1618476671032,518,0
7350,1618476671127,477,0
7351,1618476671222,473,0
7352,1618476671317,522,0
7353,1618476671412,485,0
7354,1618476671507,462,0
7355,1618476671602,515,0
7356,1618476671697,491,0
7357,1618476671792,458,0
7358,1618476671885,461,0
7359,1618476671979,505,0
7360,1618476672073,462,0
7361,1618476672167,504,0
7362,1618476672261,514,0
7363,1618476672355,463,0
7364,1618476672449,489,0
7365,1618476672543,525,1
7366,1618476672637,471,1
7367,1618476672731,484,1
7368,1618476672825,524,1
7369,1618476672919,485,1
7370,1618476673013,508,1
7371,1618476673107,563,1
7372,1618476673201,526,1
7373,1618476673295,544,1
7374,1618476673389,553,1
7375,1618476673483,560,1
7376,1618476673577,634,1
7377,1618476673671,715,1
7378,1618476673765,600,1
7379,1618476673859,462,1
7380,1618476673953,443,1
7381,1618476674047,455,1
7382,1618476674141,477,1
7383,1618476674235,454,1
7384,1618476674324,571,1
7385,1618476674418,618,1
7386,1618476674512,832,1
7387,1618476674606,871,1
7388,1618476674700,743,1
7389,1618476674794,687,1
7390,1618476674888,649,1
7391,1618476674982,591,1
7392,1618476675076,539,1
7393,1618476675170,565,1
7394,1618476675264,550,1
7395,1618476675358,473,1
7396,1618476675452,515,1
7397,1618476675542,510,1
7398,1618476675636,456,1
7399,1618476675730,498,1
7400,1618476675824,509,1
7401,1618476675918,459,0
7402,1618476676012,485,0
7403,1618476676106,516,0
7404,1618476676200,467,0
7405,1618476676294,480,0
7406,1618476676388,494,0
7407,1618476676482,472,0
7408,1618476676576,465,0
7409,1618476676670,518,0
7410,1618476676762,485,0
7411,1618476676856,465,0
7412,1618476676950,519,0
7413,1618476677044,494,0
7414,1618476677138,461,0
7415,1618476677232,511,0
7416,1618476677326,508,0
7417,1618476677420,455,0
7418,1618476677514,466,0
7419,1618476677608,515,0
7420,1618476677702,465,0
7421,1618476677796,492,0
7422,1618476677890,521,0
7423,1618476677979,469,0
7424,1618476678073,478,0
7425,1618476678167,522,0
7426,1618476678261,476,0
7427,1618476678355,469,0
7428,1618476678449,530,0
7429,1618476678543,488,0
7430,1618476678637,465,0
7431,1618476678731,514,0
7432,1618476678825,492,0
7433,1618476678919,462,0
7434,1618476679013,509,0
7435,1618476679107,510,0
7436,1618476679198,464,0
7437,1618476679292,503,0
7438,1618476679386,514,0
7439,1618476679480,461,0
7440,1618476679574,489,0
7441,1618476679668,520,0
7442,1618476679762,496,0
7443,1618476679856,477,0
7444,1618476679950,520,0
7445,1618476680044,474,0
7446,1618476680138,468,0
7447,1618476680232,522,0
7448,1618476680326,488,0
7449,1618476680418,463,0
7450,1618476680512,517,0
7451,1618476680606,504,0
7452,1618476680700,458,0
7453,1618476680794,511,0
7454,1618476680888,523,0
7455,1618476680982,460,0
7456,1618476681076,500,0
7457,1618476681170,514,0
7458,1618476681264,465,0
7459,1618476681358,489,0
7460,1618476681452,520,0
7461,1618476681546,471,0
7462,1618476681635,481,0
7463,1618476681729,520,0
7464,1618476681823,480,0
7465,1618476681917,471,0
7466,1618476682011,509,0
7467,1618476682105,487,0
7468,1618476682199,466,0
7469,1618476682293,512,0
7470,1618476682387,499,0
7471,1618476682481,459,0
7472,1618476682575,506,0
7473,1618476682669,504,0
7474,1618476682763,463,0
7475,1618476682856,503,0
7476,1618476682950,515,0
7477,1618476683044,461,0
7478,1618476683138,473,0
7479,1618476683232,522,0
7480,1618476683326,470,0
7481,1618476683420,479,0
7482,1618476683514,525,0
7483,1618476683608,474,0
7484,1618476683702,470,0
7485,1618476683796,520,0
7486,1618476683890,487,0
7487,1618476683984,463,0
7488,1618476684075,516,0
7489,1618476684169,497,0
7490,1618476684263,462,0
7491,1618476684357,506,0
7492,1618476684451,508,0
7493,1618476684545,461,0
7494,1618476684639,497,0
7495,1618476684733,522,0
7496,1618476684827,464,0
7497,1618476684921,484,0
7498,1618476685015,519,0
7499,1618476685109,471,0
7500,1618476685203,475,0
7501,1618476685296,525,0
7502,1618476685390,489,0
7503,1618476685484,469,0
7504,1618476685578,521,0
7505,1618476685672,489,0
7506,1618476685766,460,0
7507,1618476685860,512,0
7508,1618476685954,498,0
7509,1618476686048,459,0
7510,1618476686142,502,1
7511,1618476686236,508,1
7512,1618476686330,460,1
7513,1618476686424,494,1
7514,1618476686513,513,1
7515,1618476686607,462,1
7516,1618476686701,485,1
7517,1618476686795,525,1
7518,1618476686889,505,1
7519,1618476686983,552,1
7520,1618476687077,673,1
7521,1618476687171,746,1
7522,1618476687265,751,1
7523,1618476687359,565,1
7524,1618476687453,438,1
7525,1618476687547,396,1
7526,1618476687641,491,1
7527,1618476687732,688,1
7528,1618476687826,539,1
7529,1618476687920,565,1
7530,1618476688014,551,1
7531,1618476688108,471,1
7532,1618476688202,495,1
7533,1618476688296,517,1
7534,1618476688390,466,1
7535,1618476688484,483,1
7536,1618476688578,526,0
7537,1618476688672,475,0
7538,1618476688766,486,0
7539,1618476688860,524,0
7540,1618476688951,488,0
7541,1618476689045,466,0
7542,1618476689139,520,0
7543,1618476689233,497,0
7544,1618476689327,462,0
7545,1618476689421,515,0
7546,1618476689515,505,0
7547,1618476689609,461,0
7548,1618476689703,503,0
7549,1618476689797,515,0
7550,1618476689891,462,0
7551,1618476689985,492,0
7552,1618476690079,525,0
7553,1618476690169,468,0
7554,1618476690263,481,0
7555,1618476690357,525,0
7556,1618476690451,481,0
7557,1618476690545,472,0
7558,1618476690639,523,0
7559,1618476690733,487,0
7560,1618476690827,462,0
7561,1618476690921,516,0
7562,1618476691015,475,0
7563,1618476691109,467,0
7564,1618476691203,513,0
7565,1618476691297,510,0
7566,1618476691386,460,0
7567,1618476691480,499,0
7568,1618476691574,520,0
7569,1618476691668,464,0
7570,1618476691762,487,0
7571,1618476691856,521,0
7572,1618476691950,468,0
7573,1618476692044,481,0
7574,1618476692138,509,0
7575,1618476692232,481,0
7576,1618476692326,469,0
7577,1618476692420,524,0
7578,1618476692514,490,0
7579,1618476692614,467,0
7580,1618476692708,516,0
7581,1618476692802,500,0
7582,1618476692896,463,0
7583,1618476692990,508,0
7584,1618476693084,512,0
