7338,1618478177511,676,0
7339,1618478177605,617,0
7340,1618478177699,570,0
7341,1618478177793,660,0
7342,1618478177887,649,0
7343,1618478177981,566,0
7344,1618478178075,642,0
7345,1618478178169,668,0
7346,1618478178263,574,0
7347,1618478178357,612,0
7348,1618478178451,662,0
7349,1618478178545,592,0
7350,1618478178639,594,0
7351,1618478178733,678,0
7352,1618478178827,611,0
7353,1618478178921,572,0
7354,1618478179015,666,0
7355,1618478179109,647,0
7356,1618478179203,566,0
7357,1618478179292,647,0
7358,1618478179386,668,0
7359,1618478179480,570,0
7360,1618478179574,674,0
7361,1618478179668,680,0
7362,1618478179762,588,0
7363,1618478179856,595,0
7364,1618478179950,680,0
7365,1618478180044,612,0
7366,1618478180138,576,0
7367,1618478180232,671,0
7368,1618478180326,633,0
7369,1618478180420,564,0
7370,1618478180512,652,1
7371,1618478180606,663,1
7372,1618478180700,675,1
7373,1618478180794,627,1
7374,1618478180888,678,1
7375,1618478180982,588,1
7376,1618478181076,607,1
7377,1618478181170,683,1
7378,1618478181264,614,1
7379,1618478181358,591,1
7380,1618478181452,686,1
7381,1618478181546,649,1
7382,1618478181640,599,1
7383,1618478181730,706,1
7384,1618478181824,715,1
7385,1618478181918,650,1
7386,1618478182012,719,1
7387,1618478182106,692,1
7388,1618478182200,498,1
7389,1618478182294,477,1
7390,1618478182388,629,1
7391,1618478182482,613,1
7392,1618478182576,670,1
7393,1618478182670,668,1
7394,1618478182764,585,1
7395,1618478182858,528,1
7396,1618478182949,581,1
7397,1618478183043,638,1
7398,1618478183137,556,1
7399,1618478183231,630,1
7400,1618478183325,659,1
7401,1618478183419,572,0
7402,1618478183513,606,0
7403,1618478183607,679,0
7404,1618478183701,593,0
7405,1618478183795,586,0
7406,1618478183889,674,0
7407,1618478183983,620,0
7408,1618478184077,575,0
7409,1618478184167,664,0
7410,1618478184261,651,0
7411,1618478184355,561,0
7412,1618478184449,639,0
7413,1618478184543,667,0
7414,1618478184637,574,0
7415,1618478184731,620,0
7416,1618478184825,677,0
7417,1618478184919,594,0
7418,1618478185013,595,0
7419,1618478185107,676,0
7420,1618478185201,569,0
7421,1618478185295,574,0
7422,1618478185389,668,0
7423,1618478185484,639,0
7424,1618478185579,565,0
7425,1618478185674,651,0
7426,1618478185769,664,0
7427,1618478185864,569,0
7428,1618478185959,623,0
7429,1618478186054,675,0
7430,1618478186149,584,0
7431,1618478186244,594,0
7432,1618478186339,575,0
7433,1618478186434,603,0
7434,1618478186529,578,0
7435,1618478186623,671,0
7436,1618478186717,635,0
7437,1618478186811,567,0
7438,1618478186905,654,0
7439,1618478186999,657,0
7440,1618478187093,568,0
7441,1618478187187,630,0
7442,1618478187281,674,0
7443,1618478187375,579,0
7444,1618478187469,615,0
7445,1618478187563,676,0
7446,1618478187657,600,0
7447,1618478187751,582,0
7448,1618478187839,677,0
7449,1618478187933,629,0
7450,1618478188027,569,0
7451,1618478188121,659,0
7452,1618478188215,652,0
7453,1618478188309,566,0
7454,1618478188403,636,0
7455,1618478188497,673,0
7456,1618478188591,648,0
7457,1618478188685,607,0
7458,1618478188779,677,0
7459,1618478188873,596,0
7460,1618478188967,584,0
7461,1618478189058,672,0
7462,1618478189152,622,0
7463,1618478189246,568,0
7464,1618478189340,658,0
7465,1618478189434,648,0
7466,1618478189528,567,0
7467,1618478189622,640,0
7468,1618478189716,672,0
7469,1618478189810,574,0
7470,1618478189904,614,0
7471,1618478189998,680,0
7472,1618478190092,593,0
7473,1618478190186,590,0
7474,1618478190286,677,0
7475,1618478190380,614,0
7476,1618478190474,574,0
7477,1618478190568,668,0
7478,1618478190662,645,0
7479,1618478190756,567,0
7480,1618478190850,676,0
7481,1618478190944,662,0
7482,1618478191038,566,0
7483,1618478191132,620,0
7484,1618478191226,681,0
7485,1618478191320,585,0
7486,1618478191414,596,0
7487,1618478191507,680,0
7488,1618478191601,613,0
7489,1618478191695,575,0
7490,1618478191789,671,0
7491,1618478191883,638,0
7492,1618478191977,664,0
7493,1618478192071,652,0
7494,1618478192165,659,0
7495,1618478192259,570,0
7496,1618478192353,623,0
7497,1618478192447,674,0
7498,1618478192541,583,0
7499,1618478192635,602,0
7500,1618478192731,678,0
7501,1618478192825,603,0
7502,1618478192919,576,0
7503,1618478193013,670,0
7504,1618478193107,616,0
7505,1618478193201,567,0
7506,1618478193295,653,0
7507,1618478193389,656,0
7508,1618478193483,568,0
7509,1618478193577,633,0
7510,1618478193671,672,0
7511,1618478193765,582,0
7512,1618478193859,606,0
7513,1618478193948,676,0
7514,1618478194042,601,0
7515,1618478194136,581,0
7516,1618478194230,582,0
7517,1618478194324,623,0
7518,1618478194418,565,0
7519,1618478194512,656,0
7520,1618478194606,648,0
7521,1618478194700,564,0
7522,1618478194794,634,0
7523,1618478194888,665,0
7524,1618478194982,568,0
7525,1618478195076,605,0
7526,1618478195168,672,0
7527,1618478195262,585,0
7528,1618478195356,557,0
7529,1618478195450,667,0
7530,1618478195544,609,0
7531,1618478195638,550,0
7532,1618478195732,647,0
7533,1618478195826,617,0
7534,1618478195920,538,0
7535,1618478196014,624,1
7536,1618478196108,643,1
7537,1618478196202,523,1
7538,1618478196296,526,1
7539,1618478196385,648,1
7540,1618478196480,658,1
7541,1618478196575,686,1
7542,1618478196670,738,1
7543,1618478196765,593,1
7544,1618478196860,544,1
7545,1618478196955,602,1
7546,1618478197050,530,1
7547,1618478197145,432,1
7548,1618478197240,573,1
7549,1618478197335,667,1
7550,1618478197430,595,1
7551,1618478197525,692,1
7552,1618478197622,676,1
7553,1618478197716,672,1
7554,1618478197810,673,1
7555,1618478197904,738,1
7556,1618478197998,657,1
7557,1618478198092,610,1
7558,1618478198186,692,1
7559,1618478198280,657,1
7560,1618478198374,581,1
7561,1618478198468,666,0
7562,1618478198562,671,0
7563,1618478198656,579,0
7564,1618478198750,648,0
7565,1618478198841,685,0
7566,1618478198935,586,0
7567,1618478199029,601,0
7568,1618478199123,687,0
7569,1618478199217,605,0
7570,1618478199311,583,0
7571,1618478199405,676,0
7572,1618478199499,634,0
7573,1618478199593,570,0
7574,1618478199687,658,0
7575,1618478199781,657,0
7576,1618478199875,670,0
7577,1618478199969,634,0
7578,1618478200057,672,0
7579,1618478200151,580,0
7580,1618478200245,602,0
7581,1618478200339,679,0
7582,1618478200433,598,0
7583,1618478200527,582,0
7584,1618478200621,675,0
7585,1618478200715,625,0
7586,1618478200809,570,0
7587,1618478200903,661,0
7588,1618478200997,679,0
7589,1618478201091,569,0
7590,1618478201185,634,0
7591,1618478201278,667,0
7592,1618478201372,577,0
7593,1618478201466,607,0
7594,1618478201560,680,0
7595,1618478201654,597,0
7596,1618478201748,583,0
7597,1618478201842,678,0
7598,1618478201936,623,0
7599,1618478202030,572,0
7600,1618478202124,672,0
7601,1618478202218,652,0
7602,1618478202312,566,0
7603,1618478202406,642,0
7604,1618478202498,667,0
7605,1618478202592,572,0
7606,1618478202686,613,0
7607,1618478202780,677,0
7608,1618478202874,594,0
7609,1618478202968,588,0
7610,1618478203062,674,0
7611,1618478203156,618,0
7612,1618478203250,640,0
7613,1618478203344,669,0
7614,1618478203438,646,0
