7407,1618478188777,476,0
7408,1618478188871,484,0
7409,1618478188960,503,0
7410,1618478189055,473,0
7411,1618478189150,500,0
7412,1618478189245,505,0
7413,1618478189340,488,0
7414,1618478189435,475,0
7415,1618478189530,502,0
7416,1618478189625,486,0
7417,1618478189720,471,0
7418,1618478189815,502,0
7419,1618478189910,493,0
7420,1618478190005,470,0
7421,1618478190100,496,0
7422,1618478190197,497,0
7423,1618478190291,502,0
7424,1618478190385,490,0
7425,1618478190479,500,0
7426,1618478190573,474,0
7427,1618478190667,481,0
7428,1618478190761,505,0
7429,1618478190855,479,0
7430,1618478190949,479,0
7431,1618478191043,502,0
7432,1618478191137,481,0
7433,1618478191231,474,0
7434,1618478191325,501,0
7435,1618478191414,481,0
7436,1618478191508,472,0
7437,1618478191602,499,0
7438,1618478191696,494,0
7439,1618478191790,469,0
7440,1618478191884,490,0
7441,1618478191978,496,0
7442,1618478192072,468,0
7443,1618478192166,486,0
7444,1618478192260,499,0
7445,1618478192354,470,0
7446,1618478192448,478,0
7447,1618478192542,470,0
7448,1618478192633,473,0
7449,1618478192727,474,0
7450,1618478192821,496,0
7451,1618478192915,477,0
7452,1618478193009,464,0
7453,1618478193103,491,0
7454,1618478193197,476,0
7455,1618478193291,458,1
7456,1618478193385,485,1
7457,1618478193479,476,1
7458,1618478193573,451,1
7459,1618478193667,463,1
7460,1618478193761,487,1
7461,1618478193859,471,1
7462,1618478193953,458,1
7463,1618478194047,498,1
7464,1618478194141,430,1
7465,1618478194235,452,1
7466,1618478194329,537,1
7467,1618478194423,581,1
7468,1618478194517,565,1
7469,1618478194611,559,1
7470,1618478194705,491,1
7471,1618478194799,459,1
7472,1618478194893,455,1
7473,1618478194987,393,1
7474,1618478195082,351,1
7475,1618478195176,376,1
7476,1618478195270,447,1
7477,1618478195364,446,1
7478,1618478195458,501,1
7479,1618478195552,550,1
7480,1618478195646,536,1
7481,1618478195740,570,1
7482,1618478195834,589,1
7483,1618478195928,578,1
7484,1618478196022,547,1
7485,1618478196116,554,1
7486,1618478196210,516,1
7487,1618478196306,505,1
7488,1618478196400,527,1
7489,1618478196494,500,1
7490,1618478196588,489,1
7491,1618478196682,509,1
7492,1618478196776,498,1
7493,1618478196870,483,1
7494,1618478196964,508,1
7495,1618478197058,497,1
7496,1618478197152,475,0
7497,1618478197246,498,0
7498,1618478197340,502,0
7499,1618478197434,476,0
7500,1618478197524,491,0
7501,1618478197619,507,0
7502,1618478197714,477,0
7503,1618478197809,483,0
7504,1618478197904,502,0
7505,1618478197999,476,0
7506,1618478198094,474,0
7507,1618478198189,475,0
7508,1618478198284,486,0
7509,1618478198379,473,0
7510,1618478198474,500,0
7511,1618478198569,492,0
7512,1618478198664,473,0
7513,1618478198762,496,0
7514,1618478198856,495,0
7515,1618478198950,474,0
7516,1618478199044,495,0
7517,1618478199138,500,0
7518,1618478199232,472,0
7519,1618478199326,478,0
7520,1618478199420,500,0
7521,1618478199514,476,0
7522,1618478199608,482,0
7523,1618478199702,504,0
7524,1618478199796,479,0
7525,1618478199890,473,0
7526,1618478199978,503,0
7527,1618478200073,483,0
7528,1618478200168,475,0
7529,1618478200263,501,0
7530,1618478200358,485,0
7531,1618478200453,490,0
7532,1618478200548,496,0
7533,1618478200643,494,0
7534,1618478200738,469,0
7535,1618478200833,491,0
7536,1618478200928,498,0
7537,1618478201023,472,0
7538,1618478201118,485,0
7539,1618478201207,502,0
7540,1618478201301,475,0
7541,1618478201395,484,0
7542,1618478201489,505,0
7543,1618478201583,507,0
7544,1618478201677,476,0
7545,1618478201771,501,0
7546,1618478201865,486,0
7547,1618478201959,475,0
7548,1618478202053,500,0
7549,1618478202147,495,0
7550,1618478202241,473,0
7551,1618478202335,499,0
7552,1618478202423,499,0
7553,1618478202517,473,0
7554,1618478202611,495,0
7555,1618478202705,496,0
7556,1618478202799,475,0
7557,1618478202893,489,0
7558,1618478202987,502,0
7559,1618478203081,475,0
7560,1618478203175,481,0
7561,1618478203269,503,0
7562,1618478203363,483,0
7563,1618478203457,481,0
7564,1618478203551,504,0
7565,1618478203641,483,0
7566,1618478203735,475,0
7567,1618478203829,480,0
7568,1618478203923,493,0
7569,1618478204017,472,0
7570,1618478204111,498,0
7571,1618478204205,498,0
7572,1618478204299,471,0
7573,1618478204393,490,0
7574,1618478204487,501,0
7575,1618478204581,469,0
7576,1618478204675,489,0
7577,1618478204769,502,0
7578,1618478204861,475,0
7579,1618478204955,468,0
7580,1618478205049,508,0
7581,1618478205143,481,0
7582,1618478205237,480,0
7583,1618478205331,505,0
7584,1618478205425,484,0
7585,1618478205519,478,0
7586,1618478205613,502,0
7587,1618478205707,490,0
7588,1618478205801,474,0
7589,1618478205895,495,0
7590,1618478205989,496,0
7591,1618478206081,481,0
7592,1618478206175,495,0
7593,1618478206269,502,0
7594,1618478206363,473,0
7595,1618478206457,491,0
7596,1618478206551,502,0
7597,1618478206645,472,0
7598,1618478206739,483,0
7599,1618478206833,505,0
7600,1618478206927,484,0
7601,1618478207021,472,0
7602,1618478207115,504,0
7603,1618478207209,498,0
7604,1618478207297,476,0
7605,1618478207391,497,0
7606,1618478207485,492,0
7607,1618478207579,474,0
7608,1618478207673,499,0
7609,1618478207767,495,0
7610,1618478207861,474,0
7611,1618478207955,495,0
7612,1618478208049,497,0
7613,1618478208143,470,0
7614,1618478208237,489,0
7615,1618478208331,499,0
7616,1618478208425,477,0
7617,1618478208516,485,0
7618,1618478208610,508,0
7619,1618478208704,482,0
7620,1618478208798,476,0
7621,1618478208892,500,0
7622,1618478208986,487,0
7623,1618478209080,474,0
7624,1618478209174,495,0
7625,1618478209268,490,0
7626,1618478209362,471,0
7627,1618478209456,485,0
7628,1618478209550,498,0
7629,1618478209644,472,0
7630,1618478209735,491,0
7631,1618478209829,508,0
7632,1618478209923,474,0
7633,1618478210017,486,0
7634,1618478210111,504,0
7635,1618478210205,475,0
7636,1618478210299,482,0
7637,1618478210393,505,0
7638,1618478210487,479,0
7639,1618478210581,473,0
7640,1618478210675,501,0
7641,1618478210769,490,0
7642,1618478210863,476,0
7643,1618478210954,501,0
7644,1618478211048,493,0
7645,1618478211142,474,0
7646,1618478211236,495,0
7647,1618478211330,503,0
7648,1618478211424,472,0
7649,1618478211518,496,0
7650,1618478211612,508,1
7651,1618478211706,486,1
7652,1618478211800,496,1
7653,1618478211894,512,1
7654,1618478211988,497,1
7655,1618478212082,505,1
7656,1618478212173,542,1
7657,1618478212267,547,1
7658,1618478212361,559,1
7659,1618478212455,587,1
7660,1618478212549,552,1
7661,1618478212643,490,1
7662,1618478212737,467,1
7663,1618478212831,366,1
7664,1618478212925,400,1
7665,1618478213019,457,1
7666,1618478213113,519,1
7667,1618478213207,554,1
7668,1618478213301,559,1
7669,1618478213392,442,1
7670,1618478213486,471,1
7671,1618478213580,456,1
7672,1618478213674,499,1
7673,1618478213768,461,1
7674,1618478213862,463,1
7675,1618478213956,487,1
7676,1618478214050,473,0
7677,1618478214144,465,0
7678,1618478214238,494,0
7679,1618478214332,483,0
7680,1618478214426,465,0
7681,1618478214520,494,0
7682,1618478214611,492,0
7683,1618478214705,459,0
7684,1618478214799,488,0
7685,1618478214893,495,0
7686,1618478214987,468,0
7687,1618478215081,487,0
7688,1618478215175,500,0
7689,1618478215269,468,0
7690,1618478215363,482,0
7691,1618478215457,503,0
7692,1618478215551,475,0
7693,1618478215645,476,0
7694,1618478215739,506,0
7695,1618478215828,484,0
7696,1618478215922,476,0
7697,1618478216016,502,0
7698,1618478216110,490,0
7699,1618478216204,468,0
7700,1618478216298,495,0
7701,1618478216392,491,0
7702,1618478216486,463,0
7703,1618478216580,492,0
7704,1618478216674,499,0
7705,1618478216768,471,0
7706,1618478216862,487,0
7707,1618478216956,500,0
7708,1618478217047,479,0
7709,1618478217141,479,0
7710,1618478217235,502,0
7711,1618478217329,468,0
7712,1618478217423,475,0
7713,1618478217517,499,0
7714,1618478217611,487,0
7715,1618478217705,470,0
7716,1618478217799,500,0
7717,1618478217893,490,0
7718,1618478217987,468,0
7719,1618478218081,499,0
7720,1618478218175,494,0
7721,1618478218267,471,0
7722,1618478218361,492,0
7723,1618478218455,486,0
7724,1618478218549,470,0
7725,1618478218643,486,0
7726,1618478218737,499,0
7727,1618478218831,475,0
7728,1618478218925,477,0
7729,1618478219019,501,0
7730,1618478219113,478,0
7731,1618478219207,473,0
7732,1618478219301,503,0
7733,1618478219395,482,0
7734,1618478219485,472,0
7735,1618478219579,501,0
7736,1618478219673,489,0
7737,1618478219767,471,0
7738,1618478219861,496,0
