8828,1618476809962,486,0
8829,1618476810056,505,0
8830,1618476810150,479,0
8831,1618476810244,501,0
8832,1618476810338,504,0
8833,1618476810432,489,0
8834,1618476810526,473,0
8835,1618476810620,501,0
8836,1618476810714,487,0
8837,1618476810808,471,0
8838,1618476810902,500,0
8839,1618476810996,494,0
8840,1618476811086,472,0
8841,1618476811180,497,0
8842,1618476811274,497,0
8843,1618476811368,501,0
8844,1618476811462,493,0
8845,1618476811556,502,0
8846,1618476811650,473,0
8847,1618476811744,482,0
8848,1618476811838,505,0
8849,1618476811932,474,0
8850,1618476812026,478,0
8851,1618476812120,501,0
8852,1618476812214,480,0
8853,1618476812306,474,0
8854,1618476812400,500,0
8855,1618476812494,480,0
8856,1618476812588,470,0
8857,1618476812682,498,0
8858,1618476812776,491,0
8859,1618476812870,465,0
8860,1618476812964,494,0
8861,1618476813058,493,0
8862,1618476813152,467,0
8863,1618476813246,483,0
8864,1618476813340,500,0
8865,1618476813434,470,0
8866,1618476813523,480,0
8867,1618476813617,468,0
8868,1618476813711,470,0
8869,1618476813805,470,0
8870,1618476813899,491,1
8871,1618476813993,470,1
8872,1618476814087,461,1
8873,1618476814181,485,1
8874,1618476814275,467,1
8875,1618476814369,449,1
8876,1618476814463,486,1
8877,1618476814557,479,1
8878,1618476814651,454,1
8879,1618476814743,396,1
8880,1618476814837,417,1
8881,1618476814931,522,1
8882,1618476815025,596,1
8883,1618476815119,543,1
8884,1618476815213,453,1
8885,1618476815307,451,1
8886,1618476815401,445,1
8887,1618476815495,375,1
8888,1618476815589,374,1
8889,1618476815683,401,1
8890,1618476815777,463,1
8891,1618476815871,476,1
8892,1618476815961,548,1
8893,1618476816055,550,1
8894,1618476816149,555,1
8895,1618476816243,590,1
8896,1618476816337,574,1
8897,1618476816431,529,1
8898,1618476816525,534,1
8899,1618476816619,530,1
8900,1618476816713,497,1
8901,1618476816807,509,1
8902,1618476816901,517,1
8903,1618476816995,516,1
8904,1618476817089,495,1
8905,1618476817181,511,1
8906,1618476817275,487,1
8907,1618476817369,485,1
8908,1618476817463,507,1
8909,1618476817557,486,1
8910,1618476817651,478,1
8911,1618476817745,498,0
8912,1618476817839,492,0
8913,1618476817933,477,0
8914,1618476818027,503,0
8915,1618476818121,495,0
8916,1618476818215,470,0
8917,1618476818309,497,0
8918,1618476818398,499,0
8919,1618476818492,476,0
8920,1618476818586,488,0
8921,1618476818680,507,0
8922,1618476818774,474,0
8923,1618476818868,483,0
8924,1618476818962,505,0
8925,1618476819056,478,0
8926,1618476819150,473,0
8927,1618476819244,473,0
8928,1618476819338,486,0
8929,1618476819432,478,0
8930,1618476819526,500,0
8931,1618476819618,491,0
8932,1618476819712,471,0
8933,1618476819806,497,0
8934,1618476819900,494,0
8935,1618476819994,475,0
8936,1618476820088,491,0
8937,1618476820182,501,0
8938,1618476820276,475,0
8939,1618476820370,475,0
8940,1618476820464,504,0
8941,1618476820558,475,0
8942,1618476820652,481,0
8943,1618476820746,501,0
8944,1618476820837,478,0
8945,1618476820931,475,0
8946,1618476821025,502,0
8947,1618476821119,482,0
8948,1618476821213,473,0
8949,1618476821307,498,0
8950,1618476821401,488,0
8951,1618476821495,491,0
8952,1618476821589,496,0
8953,1618476821683,495,0
8954,1618476821777,472,0
8955,1618476821871,496,0
8956,1618476821965,496,0
8957,1618476822054,474,0
8958,1618476822148,488,0
8959,1618476822242,501,0
8960,1618476822336,477,0
8961,1618476822430,483,0
8962,1618476822524,506,0
8963,1618476822618,502,0
8964,1618476822712,477,0
8965,1618476822806,502,0
8966,1618476822900,485,0
8967,1618476822994,473,0
8968,1618476823088,501,0
8969,1618476823182,490,0
8970,1618476823274,469,0
8971,1618476823368,505,0
8972,1618476823462,496,0
8973,1618476823556,472,0
8974,1618476823650,493,0
8975,1618476823744,495,0
8976,1618476823838,472,0
8977,1618476823932,485,0
8978,1618476824026,505,0
8979,1618476824120,475,0
8980,1618476824214,484,0
8981,1618476824308,502,0
8982,1618476824402,481,0
8983,1618476824491,482,0
8984,1618476824585,502,0
8985,1618476824679,486,0
8986,1618476824773,471,0
8987,1618476824867,481,0
8988,1618476824961,492,0
8989,1618476825055,471,0
8990,1618476825149,497,0
8991,1618476825243,497,0
8992,1618476825337,470,0
8993,1618476825431,493,0
8994,1618476825525,503,0
8995,1618476825619,471,0
8996,1618476825711,487,0
8997,1618476825805,500,0
8998,1618476825899,477,0
8999,1618476825993,469,0
9000,1618476826087,505,0
9001,1618476826181,480,0
9002,1618476826275,483,0
9003,1618476826369,498,0
9004,1618476826463,488,0
9005,1618476826557,476,0
9006,1618476826651,502,0
9007,1618476826745,489,0
9008,1618476826839,475,0
9009,1618476826930,496,0
9010,1618476827024,493,0
9011,1618476827118,482,0
9012,1618476827212,496,0
9013,1618476827306,501,0
9014,1618476827400,474,0
9015,1618476827494,492,0
9016,1618476827588,502,0
9017,1618476827682,475,0
9018,1618476827776,481,0
9019,1618476827870,505,0
9020,1618476827964,482,0
9021,1618476828058,474,0
9022,1618476828158,504,0
9023,1618476828253,502,0
9024,1618476828348,473,0
9025,1618476828443,502,0
9026,1618476828538,491,0
9027,1618476828633,474,0
9028,1618476828728,501,0
9029,1618476828823,498,0
9030,1618476828918,474,0
9031,1618476829013,492,0
9032,1618476829108,496,0
9033,1618476829203,475,0
9034,1618476829298,488,0
9035,1618476829390,502,0
9036,1618476829484,481,0
9037,1618476829578,486,0
9038,1618476829672,507,0
9039,1618476829766,483,0
9040,1618476829860,476,0
9041,1618476829954,504,0
9042,1618476830048,489,0
9043,1618476830142,476,0
9044,1618476830236,500,0
9045,1618476830330,492,0
9046,1618476830424,473,0
9047,1618476830518,485,0
9048,1618476830610,496,0
9049,1618476830704,471,0
9050,1618476830798,493,0
9051,1618476830892,502,0
9052,1618476830986,476,0
9053,1618476831080,489,0
9054,1618476831174,503,0
9055,1618476831268,475,0
9056,1618476831362,481,0
9057,1618476831456,502,0
9058,1618476831550,480,0
9059,1618476831644,474,0
9060,1618476831738,504,1
9061,1618476831829,493,1
9062,1618476831924,479,1
9063,1618476832019,505,1
9064,1618476832114,499,1
9065,1618476832209,485,1
9066,1618476832304,514,1
9067,1618476832399,529,1
9068,1618476832494,550,1
9069,1618476832589,580,1
9070,1618476832684,575,1
9071,1618476832779,495,1
9072,1618476832874,370,1
9073,1618476832969,416,1
9074,1618476833062,518,1
9075,1618476833156,544,1
9076,1618476833250,405,1
9077,1618476833344,444,1
9078,1618476833438,451,1
9079,1618476833532,488,1
9080,1618476833626,481,1
9081,1618476833720,464,1
9082,1618476833814,497,1
9083,1618476833908,488,1
9084,1618476834002,470,1
9085,1618476834096,491,1
9086,1618476834190,495,0
9087,1618476834283,469,0
9088,1618476834377,488,0
9089,1618476834471,501,0
9090,1618476834565,475,0
9091,1618476834659,485,0
9092,1618476834753,505,0
9093,1618476834847,479,0
9094,1618476834941,479,0
9095,1618476835035,501,0
9096,1618476835129,480,0
9097,1618476835223,475,0
9098,1618476835317,504,0
9099,1618476835411,484,0
9100,1618476835499,471,0
9101,1618476835593,499,0
9102,1618476835687,492,0
9103,1618476835781,467,0
9104,1618476835875,491,0
9105,1618476835969,497,0
9106,1618476836063,469,0
9107,1618476836157,492,0
9108,1618476836251,504,0
9109,1618476836345,473,0
9110,1618476836439,485,0
9111,1618476836533,502,0
9112,1618476836627,479,0
9113,1618476836720,483,0
9114,1618476836814,505,0
9115,1618476836908,485,0
9116,1618476837002,473,0
9117,1618476837096,504,0
9118,1618476837190,493,0
9119,1618476837284,474,0
9120,1618476837378,495,0
9121,1618476837472,497,0
9122,1618476837566,471,0
9123,1618476837660,492,0
9124,1618476837754,499,0
9125,1618476837848,476,0
9126,1618476837938,490,0
9127,1618476838032,503,0
9128,1618476838126,480,0
9129,1618476838220,482,0
9130,1618476838314,503,0
9131,1618476838408,472,0
9132,1618476838502,475,0
9133,1618476838596,505,0
9134,1618476838690,480,0
9135,1618476838784,473,0
9136,1618476838878,502,0
9137,1618476838972,494,0
9138,1618476839066,470,0
9139,1618476839156,498,0
9140,1618476839250,497,0
9141,1618476839344,470,0
9142,1618476839438,494,0
9143,1618476839532,488,0
9144,1618476839626,472,0
9145,1618476839720,486,0
9146,1618476839814,501,0
9147,1618476839908,480,0
9148,1618476840002,480,0
9149,1618476840096,506,0
9150,1618476840190,477,0
9151,1618476840284,474,0
9152,1618476840377,502,0
9153,1618476840471,486,0
9154,1618476840565,473,0
9155,1618476840659,501,0
9156,1618476840753,491,0
