3334,1616035358021,-475,0
3335,1616035358113,-504,0
3336,1616035358205,-444,0
3337,1616035358297,-472,0
3338,1616035358389,-510,0
3339,1616035358481,-452,0
3340,1616035358573,-454,0
3341,1616035358671,-501,0
3342,1616035358766,-471,0
3343,1616035358861,-446,0
3344,1616035358956,-504,0
3345,1616035359051,-485,0
3346,1616035359146,-457,0
3347,1616035359241,-492,0
3348,1616035359336,-498,0
3349,1616035359431,-442,0
3350,1616035359526,-474,0
3351,1616035359621,-506,0
3352,1616035359716,-453,0
3353,1616035359811,-458,0
3354,1616035359906,-511,0
3355,1616035360000,-468,0
3356,1616035360094,-448,0
3357,1616035360188,-495,0
3358,1616035360282,-442,0
3359,1616035360376,-441,0
3360,1616035360470,-487,0
3361,1616035360564,-492,0
3362,1616035360658,-441,0
3363,1616035360752,-477,0
3364,1616035360846,-507,0
3365,1616035360940,-446,0
3366,1616035361034,-461,0
3367,1616035361126,-506,0
3368,1616035361220,-463,0
3369,1616035361314,-447,0
3370,1616035361408,-439,0
3371,1616035361502,-479,0
3372,1616035361596,-443,0
3373,1616035361690,-487,0
3374,1616035361784,-494,0
3375,1616035361878,-443,0
3376,1616035361972,-481,0
3377,1616035362066,-505,0
3378,1616035362160,-449,0
3379,1616035362254,-468,0
3380,1616035362343,-507,0
3381,1616035362436,-458,0
3382,1616035362529,-460,0
3383,1616035362622,-508,0
3384,1616035362715,-475,0
3385,1616035362808,-443,0
3386,1616035362901,-496,0
3387,1616035362994,-489,0
3388,1616035363087,-445,0
3389,1616035363180,-476,0
3390,1616035363273,-503,0
3391,1616035363366,-451,0
3392,1616035363459,-472,0
3393,1616035363547,-510,0
3394,1616035363642,-483,0
3395,1616035363737,-457,1
3396,1616035363832,-509,1
3397,1616035363927,-481,1
3398,1616035364022,-458,1
3399,1616035364117,-525,1
3400,1616035364212,-516,1
3401,1616035364307,-490,1
3402,1616035364402,-504,1
3403,1616035364497,-303,1
3404,1616035364592,-441,1
3405,1616035364687,-65,1
3406,1616035364782,-71,1
3407,1616035364876,89,1
3408,1616035364970,-98,1
3409,1616035365064,-297,1
3410,1616035365158,-402,1
3411,1616035365252,-442,1
3412,1616035365346,-524,1
3413,1616035365440,-516,1
3414,1616035365534,-465,1
3415,1616035365628,-498,1
3416,1616035365722,-511,1
3417,1616035365816,-453,1
3418,1616035365910,-514,1
3419,1616035366000,-512,1
3420,1616035366094,-456,1
3421,1616035366188,-465,0
3422,1616035366282,-511,0
3423,1616035366376,-473,0
3424,1616035366470,-452,0
3425,1616035366564,-504,0
3426,1616035366658,-480,0
3427,1616035366752,-444,0
3428,1616035366846,-496,0
3429,1616035366940,-495,0
3430,1616035367034,-507,0
3431,1616035367128,-475,0
3432,1616035367222,-499,0
3433,1616035367316,-457,0
3434,1616035367410,-465,0
3435,1616035367504,-508,0
3436,1616035367598,-463,0
3437,1616035367692,-451,0
3438,1616035367786,-509,0
3439,1616035367880,-476,0
3440,1616035367974,-444,0
3441,1616035368068,-497,0
3442,1616035368162,-481,0
3443,1616035368256,-440,0
3444,1616035368350,-483,0
3445,1616035368439,-503,0
3446,1616035368533,-448,0
3447,1616035368627,-463,0
3448,1616035368721,-508,0
3449,1616035368815,-458,0
3450,1616035368909,-452,0
3451,1616035369003,-504,0
3452,1616035369097,-479,0
3453,1616035369191,-443,0
3454,1616035369285,-466,0
3455,1616035369379,-491,0
3456,1616035369473,-446,0
3457,1616035369567,-487,0
3458,1616035369655,-502,0
3459,1616035369749,-445,0
3460,1616035369843,-473,0
3461,1616035369937,-509,0
3462,1616035370031,-461,0
3463,1616035370125,-449,0
3464,1616035370219,-507,0
3465,1616035370313,-473,0
3466,1616035370407,-451,0
3467,1616035370501,-497,0
3468,1616035370595,-487,0
3469,1616035370689,-442,0
3470,1616035370783,-488,0
3471,1616035370877,-503,0
3472,1616035370971,-445,0
3473,1616035371065,-476,0
3474,1616035371159,-506,0
3475,1616035371253,-453,0
3476,1616035371347,-460,0
3477,1616035371441,-507,0
3478,1616035371535,-443,0
3479,1616035371629,-448,0
3480,1616035371723,-504,0
3481,1616035371817,-485,0
3482,1616035371911,-442,0
3483,1616035372005,-491,0
3484,1616035372093,-496,0
3485,1616035372187,-441,0
3486,1616035372281,-479,0
3487,1616035372375,-507,0
3488,1616035372469,-451,0
3489,1616035372563,-466,0
3490,1616035372657,-452,0
3491,1616035372751,-467,0
3492,1616035372845,-451,0
3493,1616035372939,-505,0
3494,1616035373033,-479,0
3495,1616035373127,-443,0
3496,1616035373221,-497,0
3497,1616035373317,-498,0
3498,1616035373411,-447,0
3499,1616035373505,-477,0
3500,1616035373599,-505,0
3501,1616035373693,-450,0
3502,1616035373787,-477,0
3503,1616035373881,-507,0
3504,1616035373975,-467,0
3505,1616035374069,-453,0
3506,1616035374163,-508,0
3507,1616035374257,-476,0
3508,1616035374351,-449,0
3509,1616035374445,-498,0
3510,1616035374533,-494,0
3511,1616035374627,-441,0
3512,1616035374721,-486,0
3513,1616035374815,-505,0
3514,1616035374909,-498,0
3515,1616035375003,-468,0
3516,1616035375097,-511,0
3517,1616035375191,-461,0
3518,1616035375285,-462,0
3519,1616035375379,-508,0
3520,1616035375473,-470,0
3521,1616035375567,-448,0
3522,1616035375661,-501,0
3523,1616035375749,-491,0
3524,1616035375844,-447,0
3525,1616035375939,-489,0
3526,1616035376034,-513,0
3527,1616035376129,-451,0
3528,1616035376224,-475,0
3529,1616035376319,-512,0
3530,1616035376414,-461,0
3531,1616035376509,-461,0
3532,1616035376604,-515,0
3533,1616035376699,-478,0
3534,1616035376794,-451,0
3535,1616035376889,-507,0
3536,1616035376989,-492,0
3537,1616035377080,-454,0
3538,1616035377171,-518,0
3539,1616035377262,-511,0
3540,1616035377353,-457,0
3541,1616035377444,-490,0
3542,1616035377535,-524,0
3543,1616035377626,-474,0
3544,1616035377717,-481,0
3545,1616035377808,-537,0
3546,1616035377899,-496,0
3547,1616035377990,-483,0
3548,1616035378081,-537,0
3549,1616035378171,-526,0
3550,1616035378265,-541,1
3551,1616035378359,-539,1
3552,1616035378453,-548,1
3553,1616035378547,-508,1
3554,1616035378641,-548,1
3555,1616035378735,-601,1
3556,1616035378829,-563,1
3557,1616035378923,-588,1
3558,1616035379017,-637,1
3559,1616035379111,-590,1
3560,1616035379205,-563,1
3561,1616035379299,-592,1
3562,1616035379392,-536,1
3563,1616035379505,-473,1
3564,1616035379618,-498,1
3565,1616035379731,-476,1
3566,1616035379844,-401,1
3567,1616035379957,-420,1
3568,1616035380070,-424,1
3569,1616035380183,-362,1
3570,1616035380296,-382,1
3571,1616035380409,-430,1
3572,1616035380522,-382,1
3573,1616035380635,-384,1
3574,1616035380748,-404,1
3575,1616035380865,-441,1
3576,1616035380958,-426,1
3577,1616035381051,-478,1
3578,1616035381144,-481,1
3579,1616035381237,-442,1
3580,1616035381330,-481,1
3581,1616035381423,-505,0
3582,1616035381516,-445,0
3583,1616035381609,-465,0
3584,1616035381702,-510,0
3585,1616035381795,-457,0
3586,1616035381888,-440,0
3587,1616035381981,-503,0
3588,1616035382074,-476,0
3589,1616035382168,-448,0
3590,1616035382262,-496,0
3591,1616035382356,-489,0
3592,1616035382450,-446,0
3593,1616035382544,-481,0
3594,1616035382638,-502,0
3595,1616035382732,-448,0
3596,1616035382826,-469,0
3597,1616035382920,-505,0
3598,1616035383014,-443,0
3599,1616035383108,-456,0
3600,1616035383202,-506,0
3601,1616035383294,-473,0
3602,1616035383385,-452,0
3603,1616035383476,-505,0
3604,1616035383567,-488,0
3605,1616035383658,-441,0
3606,1616035383749,-488,0
3607,1616035383840,-502,0
3608,1616035383931,-446,0
3609,1616035384022,-472,0
3610,1616035384113,-459,0
3611,1616035384204,-456,0
3612,1616035384295,-458,0
3613,1616035384386,-507,0
3614,1616035384474,-459,0
3615,1616035384559,-443,0
