7865,1618476719506,393,0
7866,1618476719600,346,0
7867,1618476719694,397,0
7868,1618476719788,400,0
7869,1618476719882,348,0
7870,1618476719976,380,0
7871,1618476720070,411,0
7872,1618476720164,356,0
7873,1618476720258,367,0
7874,1618476720352,412,0
7875,1618476720446,376,0
7876,1618476720540,352,0
7877,1618476720634,409,0
7878,1618476720722,380,0
7879,1618476720816,346,0
7880,1618476720910,397,0
7881,1618476721004,400,0
7882,1618476721098,349,0
7883,1618476721192,384,0
7884,1618476721286,409,0
7885,1618476721380,352,0
7886,1618476721474,373,0
7887,1618476721568,398,0
7888,1618476721662,363,0
7889,1618476721756,356,0
7890,1618476721850,410,0
7891,1618476721942,379,0
7892,1618476722036,350,0
7893,1618476722130,400,0
7894,1618476722224,399,0
7895,1618476722318,343,0
7896,1618476722412,386,0
7897,1618476722506,411,0
7898,1618476722600,351,0
7899,1618476722694,408,0
7900,1618476722788,411,0
7901,1618476722882,364,0
7902,1618476722976,361,0
7903,1618476723070,415,0
7904,1618476723162,378,0
7905,1618476723256,345,0
7906,1618476723350,402,0
7907,1618476723444,388,0
7908,1618476723538,341,0
7909,1618476723632,385,0
7910,1618476723726,401,1
7911,1618476723820,403,1
7912,1618476723914,363,1
7913,1618476724008,395,1
7914,1618476724102,322,1
7915,1618476724196,305,1
7916,1618476724290,335,1
7917,1618476724380,343,1
7918,1618476724474,328,1
7919,1618476724568,393,1
7920,1618476724662,427,1
7921,1618476724756,385,1
7922,1618476724850,395,1
7923,1618476724944,360,1
7924,1618476725038,306,1
7925,1618476725132,310,1
7926,1618476725226,312,1
7927,1618476725320,274,1
7928,1618476725414,278,1
7929,1618476725508,443,1
7930,1618476725599,424,1
7931,1618476725693,454,1
7932,1618476725787,489,1
7933,1618476725881,462,1
7934,1618476725975,416,1
7935,1618476726069,430,1
7936,1618476726163,443,1
7937,1618476726257,386,1
7938,1618476726351,401,1
7939,1618476726445,423,1
7940,1618476726539,369,1
7941,1618476726633,377,1
7942,1618476726727,423,1
7943,1618476726820,377,1
7944,1618476726914,361,1
7945,1618476727008,409,1
7946,1618476727102,387,0
7947,1618476727196,359,0
7948,1618476727290,400,0
7949,1618476727384,397,0
7950,1618476727478,351,0
7951,1618476727572,384,0
7952,1618476727666,408,0
7953,1618476727760,356,0
7954,1618476727854,369,0
7955,1618476727948,414,0
7956,1618476728038,369,0
7957,1618476728131,359,0
7958,1618476728224,410,0
7959,1618476728317,350,0
7960,1618476728410,346,0
7961,1618476728503,404,0
7962,1618476728596,391,0
7963,1618476728689,347,0
7964,1618476728782,388,0
7965,1618476728875,407,0
7966,1618476728968,354,0
7967,1618476729061,374,0
7968,1618476729154,415,0
7969,1618476729253,362,0
7970,1618476729347,360,0
7971,1618476729441,349,0
7972,1618476729535,376,0
7973,1618476729629,353,0
7974,1618476729723,404,0
7975,1618476729817,391,0
7976,1618476729911,349,0
7977,1618476730005,395,0
7978,1618476730099,404,0
7979,1618476730193,348,0
7980,1618476730287,380,0
7981,1618476730381,413,0
7982,1618476730476,361,0
7983,1618476730569,378,0
7984,1618476730662,412,0
7985,1618476730755,374,0
7986,1618476730848,352,0
7987,1618476730941,407,0
7988,1618476731034,388,0
7989,1618476731127,347,0
7990,1618476731220,399,0
7991,1618476731313,403,0
7992,1618476731406,351,0
7993,1618476731499,378,0
7994,1618476731592,414,0
7995,1618476731691,390,0
7996,1618476731785,369,0
7997,1618476731879,411,0
7998,1618476731973,369,0
7999,1618476732067,353,0
8000,1618476732161,409,0
8001,1618476732255,384,0
8002,1618476732349,345,0
8003,1618476732443,396,0
8004,1618476732537,400,0
8005,1618476732631,349,0
8006,1618476732725,382,0
8007,1618476732819,405,0
8008,1618476732910,359,0
8009,1618476733004,367,0
8010,1618476733098,415,0
8011,1618476733192,368,0
8012,1618476733286,353,0
8013,1618476733380,416,0
8014,1618476733474,382,0
8015,1618476733568,350,0
8016,1618476733662,400,0
8017,1618476733756,404,0
8018,1618476733850,345,0
8019,1618476733944,412,0
8020,1618476734038,404,0
8021,1618476734130,353,0
8022,1618476734224,373,0
8023,1618476734318,415,0
8024,1618476734412,364,0
8025,1618476734506,359,0
8026,1618476734600,409,0
8027,1618476734694,376,0
8028,1618476734788,348,0
8029,1618476734882,402,0
8030,1618476734976,391,0
8031,1618476735070,405,0
8032,1618476735164,391,0
8033,1618476735258,404,0
8034,1618476735349,351,0
8035,1618476735443,376,0
8036,1618476735537,412,0
8037,1618476735631,361,0
8038,1618476735725,358,0
8039,1618476735819,411,0
8040,1618476735913,379,0
8041,1618476736007,350,0
8042,1618476736101,405,0
8043,1618476736195,381,0
8044,1618476736289,348,0
8045,1618476736383,392,0
8046,1618476736477,404,0
8047,1618476736567,350,0
8048,1618476736661,381,0
8049,1618476736755,410,0
8050,1618476736849,362,0
8051,1618476736943,362,0
8052,1618476737037,416,0
8053,1618476737131,371,0
8054,1618476737225,351,0
8055,1618476737319,361,0
8056,1618476737413,388,0
8057,1618476737507,344,0
8058,1618476737601,396,0
8059,1618476737695,399,0
8060,1618476737786,350,0
8061,1618476737880,381,0
8062,1618476737974,408,0
8063,1618476738068,358,0
8064,1618476738162,367,0
8065,1618476738256,412,0
8066,1618476738350,369,0
8067,1618476738444,347,0
8068,1618476738538,409,0
8069,1618476738632,388,0
8070,1618476738726,349,0
8071,1618476738820,399,0
8072,1618476738914,399,0
8073,1618476739006,347,0
8074,1618476739100,385,0
8075,1618476739194,408,0
8076,1618476739288,355,0
8077,1618476739382,374,0
8078,1618476739476,412,0
8079,1618476739570,350,0
8080,1618476739664,356,0
8081,1618476739758,410,0
8082,1618476739852,381,0
8083,1618476739946,351,0
8084,1618476740040,402,0
8085,1618476740134,396,0
8086,1618476740225,347,0
8087,1618476740319,388,0
8088,1618476740413,410,0
8089,1618476740507,350,0
8090,1618476740601,373,0
8091,1618476740695,359,0
8092,1618476740789,365,0
8093,1618476740883,362,0
8094,1618476740977,413,0
8095,1618476741071,379,1
8096,1618476741165,351,1
8097,1618476741259,407,1
8098,1618476741353,399,1
8099,1618476741451,356,1
8100,1618476741546,415,1
8101,1618476741641,433,1
8102,1618476741736,410,1
8103,1618476741831,461,1
8104,1618476741926,456,1
8105,1618476742021,282,1
8106,1618476742116,345,1
8107,1618476742211,411,1
8108,1618476742306,405,1
8109,1618476742401,326,1
8110,1618476742496,375,1
8111,1618476742591,341,1
8112,1618476742685,316,1
8113,1618476742779,384,1
8114,1618476742873,400,1
8115,1618476742967,396,1
8116,1618476743061,375,1
8117,1618476743155,409,1
8118,1618476743249,360,1
8119,1618476743343,365,1
8120,1618476743437,406,1
8121,1618476743531,372,0
8122,1618476743625,351,0
8123,1618476743719,407,0
8124,1618476743813,385,0
8125,1618476743903,348,0
8126,1618476743997,396,0
8127,1618476744091,415,0
8128,1618476744185,351,0
8129,1618476744279,383,0
8130,1618476744373,412,0
8131,1618476744467,361,0
8132,1618476744561,368,0
8133,1618476744655,409,0
8134,1618476744749,367,0
8135,1618476744843,351,0
8136,1618476744937,409,0
8137,1618476745031,383,0
8138,1618476745123,356,0
8139,1618476745217,411,0
8140,1618476745311,399,0
8141,1618476745405,350,0
8142,1618476745499,383,0
8143,1618476745593,408,0
8144,1618476745687,354,0
8145,1618476745781,374,0
8146,1618476745875,415,0
8147,1618476745969,367,0
8148,1618476746063,354,0
8149,1618476746157,410,0
8150,1618476746251,384,0
8151,1618476746341,398,0
8152,1618476746435,401,0
8153,1618476746529,399,0
8154,1618476746623,349,0
8155,1618476746717,390,0
8156,1618476746811,411,0
8157,1618476746905,353,0
8158,1618476746999,371,0
8159,1618476747093,408,0
8160,1618476747187,363,0
8161,1618476747281,360,0
8162,1618476747375,408,0
8163,1618476747469,366,0
8164,1618476747564,352,0
8165,1618476747659,402,0
