0,36447261,554,0
1,36447359,554,0
2,36447439,462,0
3,36447525,443,0
4,36447609,492,0
5,36447709,302,0
6,36447790,201,0
7,36447876,185,0
8,36447957,118,0
9,36448040,70,0
10,36448135,141,0
11,36448230,149,0
12,36448319,103,0
13,36448411,122,0
14,36448504,155,0
15,36448587,134,0
16,36448681,161,0
17,36448779,188,0
18,36448877,181,0
19,36448966,168,0
20,36449064,201,0
21,36449154,202,0
22,36449240,164,0
23,36449324,204,0
24,36449405,206,0
25,36449498,202,0
26,36449583,250,0
27,36449675,302,0
28,36449761,259,0
29,36449857,246,0
30,36449956,301,0
31,36450046,274,0
32,36450132,241,0
33,36450217,291,0
34,36450316,292,0
35,36450415,241,0
36,36450508,278,0
37,36450603,301,0
38,36450688,244,0
39,36450787,264,0
40,36450884,300,0
41,36450983,254,0
42,36451079,252,0
43,36451164,305,0
44,36451250,270,0
45,36451342,242,0
46,36451433,298,0
47,36451529,283,0
48,36451615,250,0
49,36451705,299,0
50,36451800,272,0
51,36451900,240,0
52,36451988,292,0
53,36452087,288,0
54,36452171,239,0
55,36452265,283,0
56,36452356,302,0
57,36452443,240,0
58,36452542,270,0
59,36452639,265,0
60,36452739,253,0
61,36452829,253,0
62,36452909,305,0
63,36452999,266,0
64,36453096,244,0
65,36453192,297,0
66,36453275,279,0
67,36453356,239,0
68,36453444,285,0
69,36453539,297,0
70,36453634,241,0
71,36453728,246,0
72,36453809,305,0
73,36453902,251,0
74,36453999,260,0
75,36454099,305,0
76,36454189,262,0
77,36454280,248,0
78,36454375,298,0
79,36454468,275,0
80,36454558,239,0
81,36454642,290,0
82,36454729,291,0
83,36454820,236,0
84,36454901,275,0
85,36454985,299,0
86,36455072,247,0
87,36455160,260,0
88,36455251,307,0
89,36455343,255,0
90,36455440,251,0
91,36455534,303,0
92,36455624,268,0
93,36455716,242,0
94,36455814,295,0
95,36455897,247,0
96,36455988,238,0
97,36456069,281,0
98,36456169,300,0
99,36456262,242,0
100,36456347,268,0
101,36456431,305,0
102,36456523,253,0
103,36456614,257,0
104,36456694,304,0
105,36456781,267,0
106,36456866,244,0
107,36456948,270,0
108,36457029,284,0
109,36457114,240,0
110,36457204,287,0
111,36457291,291,0
112,36457378,240,0
113,36457463,273,0
114,36457552,302,0
115,36457640,248,0
116,36457723,261,0
117,36457809,308,0
118,36457903,262,0
119,36457998,286,0
120,36458080,305,0
121,36458180,276,0
122,36458262,239,0
123,36458347,292,0
124,36458427,286,0
125,36458517,238,0
126,36458609,277,0
127,36458707,298,0
128,36458803,245,0
129,36458886,263,0
130,36458967,305,0
131,36459051,302,0
132,36459147,249,0
133,36459240,301,0
134,36459327,271,0
135,36459412,243,0
136,36459503,294,0
137,36459602,284,0
138,36459684,239,0
139,36459764,282,0
140,36459850,300,0
141,36459931,245,0
142,36460026,268,0
143,36460115,300,0
144,36460211,257,0
145,36460307,255,0
146,36460391,307,0
147,36460471,268,0
148,36460568,246,0
149,36460662,295,0
150,36460747,282,0
151,36460830,238,0
152,36460911,285,0
153,36461010,298,0
154,36461105,292,0
155,36461195,267,0
156,36461277,308,0
157,36461376,248,0
158,36461460,256,0
159,36461542,308,0
160,36461628,263,0
161,36461723,251,0
162,36461821,303,0
163,36461918,276,0
164,36462006,240,0
165,36462094,291,0
166,36462180,275,0
167,36462269,240,0
168,36462351,279,0
169,36462443,301,0
170,36462543,250,0
171,36462638,265,0
172,36462728,308,0
173,36462822,260,0
174,36462905,253,0
175,36462990,306,0
176,36463080,276,0
177,36463170,244,0
178,36463255,259,0
179,36463345,293,0
180,36463425,245,0
181,36463508,295,0
182,36463604,311,0
183,36463696,259,0
184,36463792,281,0
185,36463892,323,0
186,36463990,272,0
187,36464080,271,0
188,36464175,322,0
189,36464271,289,0
190,36464360,260,0
191,36464450,322,0
192,36464547,304,0
193,36464628,265,0
194,36464719,310,0
195,36464804,324,0
196,36464888,273,0
197,36464968,305,0
198,36465064,338,0
199,36465147,289,0
200,36465243,298,0
201,36465329,348,0
202,36465429,288,0
203,36465527,296,0
204,36465610,353,0
205,36465710,336,0
206,36465795,300,0
207,36465888,355,0
208,36465976,361,0
209,36466071,313,0
210,36466158,348,0
211,36466240,380,0
212,36466322,330,0
213,36466414,342,1
214,36466508,336,1
215,36466605,339,1
216,36466704,326,1
217,36466790,382,1
218,36466876,348,1
219,36466958,311,1
220,36467056,365,1
221,36467152,354,1
222,36467244,307,1
223,36467342,343,1
224,36467438,358,1
225,36467525,298,1
226,36467625,327,1
227,36467718,355,1
228,36467813,298,1
229,36467910,298,1
230,36467993,341,1
231,36468084,306,1
232,36468172,279,1
233,36468259,332,1
234,36468342,310,1
235,36468429,273,1
236,36468528,314,1
237,36468610,324,1
238,36468700,324,1
239,36468795,308,1
240,36468881,347,1
241,36468962,296,1
242,36469057,317,1
243,36469151,375,1
244,36469248,338,1
245,36469343,334,1
246,36469426,390,1
247,36469519,360,1
248,36469601,328,1
249,36469683,379,1
250,36469777,386,1
251,36469867,322,1
252,36469963,360,1
253,36470043,383,1
254,36470124,329,1
255,36470211,346,1
256,36470296,377,1
257,36470396,314,1
258,36470478,297,1
259,36470567,329,1
260,36470654,278,1
261,36470753,237,1
262,36470849,282,1
263,36470930,261,1
264,36471011,216,1
265,36471102,263,1
266,36471191,276,1
267,36471279,230,1
268,36471376,266,1
269,36471472,304,1
270,36471552,261,1
271,36471642,277,1
272,36471724,331,1
273,36471806,299,1
274,36471894,325,1
275,36471990,353,1
276,36472080,341,1
277,36472173,320,1
278,36472269,383,1
279,36472350,396,1
280,36472444,357,1
281,36472542,403,1
282,36472624,439,1
283,36472711,390,1
284,36472799,424,1
285,36472898,466,1
286,36472991,429,1
287,36473083,424,1
288,36473177,478,1
289,36473258,452,1
290,36473344,422,1
291,36473426,476,1
292,36473507,463,1
293,36473605,416,1
294,36473689,461,1
295,36473772,469,1
296,36473872,411,1
297,36473970,417,1
298,36474050,482,1
299,36474146,427,1
300,36474233,439,1
301,36474331,485,1
302,36474422,441,1
303,36474504,424,1
304,36474600,475,1
305,36474682,444,1
306,36474779,401,1
307,36474871,444,1
308,36474952,432,1
309,36475047,375,1
310,36475130,403,1
311,36475217,414,1
312,36475315,352,1
313,36475400,367,1
314,36475487,393,1
315,36475570,339,1
316,36475659,329,1
317,36475745,368,1
318,36475832,324,1
319,36475923,292,1
320,36476006,340,1
321,36476089,293,1
322,36476174,264,1
323,36476266,305,1
324,36476359,303,1
325,36476453,239,1
326,36476537,264,1
327,36476619,286,1
328,36476715,219,1
329,36476798,231,1
330,36476879,267,1
331,36476961,215,1
332,36477055,197,1
333,36477147,228,1
334,36477239,210,1
335,36477339,168,1
336,36477433,216,1
337,36477531,196,1
338,36477627,149,1
339,36477719,189,1
340,36477803,204,1
341,36477892,148,1
342,36477985,169,1
343,36478075,204,1
344,36478173,154,1
345,36478263,195,1
346,36478357,204,1
347,36478456,166,1
348,36478540,136,1
349,36478639,203,1
350,36478725,173,1
351,36478825,141,1
352,36478915,193,1
353,36479014,178,1
354,36479114,143,1
355,36479207,178,1
356,36479304,201,1
357,36479397,200,1
358,36479483,169,1
359,36479577,207,1
360,36479671,152,1
361,36479755,158,1
362,36479844,199,1
363,36479934,166,1
364,36480015,145,1
365,36480106,198,1
366,36480201,172,1
367,36480281,134,1
368,36480374,187,1
369,36480454,176,1
370,36480549,134,1
371,36480642,171,1
372,36480730,193,1
373,36480824,138,1
374,36480919,158,1
375,36481010,195,1
376,36481097,146,1
377,36481182,145,1
378,36481275,195,1
379,36481360,158,1
380,36481447,136,1
381,36481531,144,1
382,36481621,168,1
383,36481715,132,1
384,36481797,180,1
385,36481897,183,1
386,36481980,132,1
387,36482069,168,1
388,36482168,193,1
389,36482263,130,1
390,36482349,155,1
391,36482436,196,1
392,36482525,146,1
393,36482615,129,1
394,36482698,196,1
395,36482787,154,1
396,36482882,135,1
397,36482964,193,1
398,36483055,163,1
399,36483140,133,1
400,36483239,181,1
401,36483333,178,1
402,36483428,127,1
403,36483513,165,1
404,36483606,190,1
405,36483697,193,1
406,36483796,156,1
407,36483884,189,1
408,36483975,142,1
409,36484070,144,1
410,36484169,194,1
411,36484260,156,1
412,36484343,135,1
413,36484425,195,1
414,36484518,164,1
415,36484601,131,1
416,36484700,180,1
417,36484790,172,1
418,36484888,132,1
419,36484970,169,1
420,36485066,190,1
421,36485150,132,1
422,36485232,162,1
423,36485319,193,1
424,36485400,142,1
425,36485495,148,1
426,36485587,192,1
427,36485671,152,1
428,36485765,138,1
429,36485858,139,1
430,36485944,162,1
431,36486030,132,1
432,36486125,185,1
433,36486224,173,1
434,36486306,131,1
435,36486392,175,1
436,36486481,182,1
437,36486570,134,1
438,36486659,161,1
439,36486739,194,1
440,36486835,137,1
441,36486933,129,1
442,36487014,194,1
443,36487102,146,1
444,36487202,144,1
445,36487299,193,1
446,36487399,159,1
447,36487497,143,1
448,36487588,197,1
449,36487669,166,1
450,36487753,126,1
451,36487834,181,1
452,36487918,178,1
453,36488018,143,1
454,36488117,166,1
455,36488216,186,1
456,36488302,129,1
457,36488383,155,1
458,36488463,191,1
459,36488548,142,1
460,36488637,141,1
461,36488718,191,1
462,36488798,147,1
463,36488881,130,1
464,36488961,188,1
465,36489052,178,1
466,36489143,124,1
467,36489234,178,1
468,36489332,167,1
469,36489432,122,1
470,36489521,165,1
471,36489614,175,1
472,36489700,121,1
473,36489790,155,1
474,36489890,184,1
475,36489982,125,1
476,36490077,145,1
477,36490164,190,1
478,36490261,143,1
479,36490343,140,1
480,36490436,189,1
481,36490527,156,1
482,36490620,133,1
483,36490713,184,1
484,36490806,167,1
485,36490897,127,1
486,36490984,176,1
487,36491081,180,1
488,36491180,129,1
489,36491266,170,1
490,36491350,189,1
491,36491435,135,1
492,36491531,157,1
493,36491612,194,1
494,36491704,139,1
495,36491787,148,1
496,36491884,194,1
497,36491966,148,1
498,36492065,139,1
499,36492154,194,1
500,36492252,163,1
501,36492339,138,1
502,36492423,185,1
503,36492517,170,1
504,36492615,128,1
505,36492708,176,1
506,36492801,181,1
507,36492887,128,1
508,36492984,167,1
509,36493065,192,1
510,36493148,135,1
511,36493240,156,1
512,36493323,194,1
513,36493417,130,1
514,36493510,143,1
515,36493596,194,1
516,36493677,153,1
517,36493769,136,1
518,36493868,189,1
519,36493961,164,1
520,36494058,128,1
521,36494157,184,1
522,36494254,173,1
523,36494341,129,1
524,36494427,173,1
525,36494519,158,1
526,36494599,128,1
527,36494688,163,1
528,36494769,190,1
529,36494852,138,1
530,36494933,151,1
531,36495023,199,1
532,36495113,146,1
533,36495193,140,1
534,36495285,195,1
535,36495368,157,1
536,36495449,133,1
537,36495536,193,1
538,36495633,168,1
539,36495717,128,1
540,36495797,179,1
541,36495889,177,1
542,36495981,130,1
543,36496068,174,1
544,36496160,186,1
545,36496259,135,1
546,36496344,163,1
547,36496425,191,1
548,36496515,138,1
549,36496606,184,1
550,36496693,194,1
551,36496780,149,1
552,36496871,138,1
553,36496961,197,1
554,36497052,162,1
555,36497151,134,1
556,36497232,189,1
557,36497323,169,1
558,36497407,131,1
559,36497505,182,1
560,36497588,177,1
561,36497673,149,1
562,36497763,169,1
563,36497845,190,1
564,36497929,134,1
565,36498015,164,1
566,36498096,191,1
567,36498179,139,1
568,36498274,149,1
569,36498357,193,1
570,36498438,148,1
571,36498538,141,1
572,36498630,190,1
573,36498714,130,1
574,36498803,131,1
575,36498889,192,1
576,36498982,167,1
577,36499074,127,1
578,36499174,181,1
579,36499255,179,1
580,36499344,129,1
581,36499427,173,1
582,36499510,188,1
583,36499594,132,1
584,36499692,163,1
585,36499787,145,1
586,36499867,140,1
587,36499958,149,1
588,36500058,196,1
589,36500144,149,1
590,36500233,142,1
591,36500316,196,1
592,36500407,158,1
593,36500499,135,1
594,36500587,190,1
595,36500669,167,1
596,36500767,129,1
597,36500855,186,1
598,36500944,178,1
599,36501038,131,1
600,36501137,169,1
601,36501233,183,1
602,36501315,132,1
603,36501396,160,1
604,36501488,190,1
605,36501586,138,1
606,36501680,154,1
607,36501774,193,1
608,36501869,146,1
609,36501951,190,1
610,36502040,196,1
611,36502139,155,1
612,36502228,133,1
613,36502324,188,1
614,36502421,171,1
615,36502514,128,1
616,36502597,180,1
617,36502684,178,1
618,36502772,130,1
619,36502860,170,1
620,36502949,187,1
621,36503030,160,1
622,36503117,161,1
623,36503198,194,1
624,36503291,140,1
625,36503391,152,1
626,36503481,193,1
627,36503571,147,1
628,36503657,141,1
629,36503745,196,1
630,36503834,158,1
631,36503931,134,1
632,36504014,191,1
633,36504112,130,1
634,36504201,129,1
635,36504282,183,1
636,36504382,180,1
637,36504478,130,1
638,36504558,169,1
639,36504658,186,1
640,36504748,129,1
641,36504847,161,1
642,36504945,193,1
643,36505039,137,1
644,36505126,151,1
645,36505217,142,1
646,36505316,145,1
647,36505414,143,1
648,36505495,193,1
649,36505592,159,1
650,36505691,135,1
651,36505787,187,1
652,36505878,171,1
653,36505973,130,1
654,36506061,179,1
655,36506161,180,1
656,36506247,133,1
657,36506341,180,1
658,36506433,185,1
659,36506522,132,1
660,36506620,161,1
661,36506717,192,1
662,36506804,138,1
663,36506896,149,1
664,36506984,191,1
665,36507084,144,1
666,36507183,142,1
667,36507279,194,1
668,36507361,157,1
669,36507446,194,1
670,36507546,190,1
671,36507632,166,1
672,36507732,133,1
673,36507823,179,1
674,36507917,177,1
675,36508003,131,1
676,36508083,169,1
677,36508180,188,1
678,36508264,133,1
679,36508351,162,1
680,36508432,192,1
681,36508519,174,1
682,36508616,149,1
683,36508715,197,1
684,36508806,148,1
685,36508891,140,1
686,36508987,193,1
687,36509075,158,1
688,36509175,135,1
689,36509259,190,1
690,36509352,168,1
691,36509451,132,1
692,36509547,182,1
693,36509629,138,1
694,36509716,126,1
695,36509806,169,1
696,36509890,182,1
697,36509985,134,1
698,36510075,162,1
699,36510160,192,1
700,36510256,144,1
701,36510356,153,1
702,36510442,196,1
703,36510539,147,1
704,36510632,144,1
705,36510726,136,1
706,36510820,162,1
707,36510907,134,1
708,36511005,195,1
709,36511095,171,1
710,36511183,131,1
711,36511278,185,1
712,36511368,185,1
713,36511465,136,1
714,36511553,178,1
715,36511640,191,1
716,36511723,137,1
717,36511806,178,1
718,36511891,200,1
719,36511971,141,1
720,36512057,155,1
721,36512137,204,1
722,36512224,148,1
723,36512306,153,1
724,36512391,218,1
725,36512478,186,1
726,36512575,177,1
727,36512655,250,1
728,36512752,251,1
729,36512832,300,1
730,36512920,309,1
731,36513014,328,1
732,36513111,313,1
733,36513211,391,1
734,36513300,431,1
735,36513399,404,1
736,36513499,452,1
737,36513588,483,1
738,36513686,425,1
739,36513767,432,1
740,36513850,471,1
741,36513943,463,1
742,36514030,432,1
743,36514123,489,1
744,36514207,450,1
745,36514292,411,1
746,36514387,437,1
747,36514479,387,1
748,36514567,318,1
749,36514659,343,1
750,36514742,318,1
751,36514822,250,1
752,36514903,271,1
753,36514985,232,1
754,36515067,224,1
755,36515163,282,1
756,36515249,350,1
757,36515347,326,1
758,36515435,348,1
759,36515515,387,1
760,36515602,345,1
761,36515694,345,1
762,36515785,390,1
763,36515873,337,1
764,36515958,289,1
765,36516043,273,1
766,36516143,309,1
767,36516240,272,1
768,36516339,332,1
769,36516426,335,1
770,36516512,294,1
771,36516597,342,1
772,36516697,365,1
773,36516789,315,1
774,36516888,351,1
775,36516985,386,0
776,36517068,327,0
777,36517148,346,0
778,36517237,371,0
779,36517332,315,0
780,36517425,300,0
781,36517505,348,0
782,36517599,305,0
783,36517683,273,0
784,36517783,326,0
785,36517871,300,0
786,36517971,260,0
787,36518057,311,0
788,36518151,305,0
789,36518248,315,0
790,36518343,291,0
791,36518443,307,0
792,36518532,252,0
793,36518625,281,0
794,36518712,310,0
795,36518810,255,0
796,36518907,264,0
797,36519000,310,0
798,36519095,263,0
799,36519175,257,0
800,36519256,308,0
801,36519338,304,0
802,36519422,246,0
803,36519504,302,0
804,36519588,282,0
805,36519678,243,0
806,36519770,292,0
807,36519864,291,0
808,36519958,243,0
809,36520041,279,0
810,36520128,297,0
811,36520221,245,0
812,36520316,270,0
813,36520411,269,0
814,36520508,250,0
815,36520607,263,0
816,36520696,306,0
817,36520784,258,0
818,36520882,251,0
819,36520975,305,0
820,36521055,270,0
821,36521152,242,0
822,36521247,298,0
823,36521332,279,0
824,36521421,241,0
825,36521513,240,0
826,36521598,292,0
827,36521685,242,0
828,36521785,281,0
829,36521866,301,0
830,36521949,242,0
831,36522047,272,0
832,36522138,306,0
833,36522233,252,0
834,36522313,259,0
835,36522395,303,0
836,36522477,261,0
837,36522566,261,0
838,36522648,303,0
839,36522741,270,0
840,36522837,242,0
841,36522918,299,0
842,36523013,280,0
843,36523097,240,0
844,36523197,289,0
845,36523283,291,0
846,36523369,240,0
847,36523454,277,0
848,36523553,299,0
849,36523645,291,0
850,36523736,267,0
851,36523821,305,0
852,36523911,253,0
853,36523992,254,0
854,36524084,304,0
855,36524170,258,0
856,36524265,248,0
857,36524354,303,0
858,36524442,267,0
859,36524536,241,0
860,36524617,295,0
861,36524712,304,0
862,36524794,243,0
863,36524877,285,0
864,36524973,292,0
865,36525073,240,0
866,36525168,274,0
867,36525256,296,0
868,36525341,243,0
869,36525428,268,0
870,36525524,304,0
871,36525612,253,0
872,36525711,256,0
873,36525797,283,0
874,36525877,263,0
875,36525974,247,0
876,36526073,301,0
877,36526163,273,0
878,36526252,243,0
879,36526343,292,0
880,36526432,283,0
881,36526518,242,0
882,36526605,286,0
883,36526688,293,0
884,36526788,242,0
885,36526870,247,0
886,36526963,300,0
887,36527054,246,0
888,36527151,263,0
889,36527236,303,0
890,36527322,252,0
891,36527421,252,0
892,36527504,302,0
893,36527598,264,0
894,36527690,246,0
895,36527771,299,0
896,36527863,276,0
897,36527960,245,0
898,36528057,290,0
899,36528139,284,0
900,36528228,237,0
901,36528308,282,0
902,36528393,297,0
903,36528484,242,0
904,36528564,274,0
905,36528660,299,0
906,36528745,246,0
907,36528831,263,0
908,36528914,302,0
909,36529002,276,0
910,36529083,254,0
911,36529168,307,0
912,36529265,267,0
913,36529362,244,0
914,36529453,302,0
915,36529545,277,0
916,36529636,241,0
917,36529734,292,0
918,36529826,285,0
919,36529908,238,0
920,36529993,282,0
921,36530080,304,0
922,36530164,243,0
923,36530248,271,0
924,36530333,306,0
925,36530425,247,0
926,36530507,259,0
927,36530594,304,0
928,36530693,256,0
929,36530791,248,0
930,36530879,302,0
931,36530962,270,0
932,36531045,242,0
933,36531127,293,0
934,36531227,277,0
935,36531325,240,0
936,36531405,289,0
937,36531490,287,0
938,36531589,240,0
939,36531685,279,0
