0,36447261,-117,0
1,36447352,-91,0
2,36447439,-117,0
3,36447534,-121,0
4,36447629,-91,0
5,36447729,-111,0
6,36447820,-127,0
7,36447907,-98,0
8,36447990,-103,0
9,36448081,-128,0
10,36448181,-105,0
11,36448281,-98,0
12,36448372,-129,0
13,36448470,-109,0
14,36448570,-94,0
15,36448657,-124,0
16,36448742,-104,0
17,36448834,-96,0
18,36448932,-121,0
19,36449024,-121,0
20,36449120,-95,0
21,36449220,-116,0
22,36449312,-127,0
23,36449411,-97,0
24,36449493,-110,0
25,36449585,-127,0
26,36449667,-98,0
27,36449751,-99,0
28,36449848,-117,0
29,36449934,-96,0
30,36450026,-87,0
31,36450114,-116,0
32,36450199,-102,0
33,36450295,-84,1
34,36450393,-114,1
35,36450488,-107,1
36,36450582,-80,1
37,36450678,-105,1
38,36450772,-108,1
39,36450856,-77,1
40,36450951,-113,1
41,36451038,-109,1
42,36451133,-76,1
43,36451222,-85,1
44,36451321,-109,1
45,36451403,-77,1
46,36451501,-73,1
47,36451588,-100,1
48,36451671,-79,1
49,36451753,-66,1
50,36451851,-94,1
51,36451936,-84,1
52,36452021,-93,1
53,36452118,-93,1
54,36452201,-91,1
55,36452300,-64,1
56,36452399,-90,1
57,36452484,-97,1
58,36452584,-68,1
59,36452681,-88,1
60,36452767,-106,1
61,36452850,-76,1
62,36452937,-80,1
63,36453027,-102,1
64,36453121,-76,1
65,36453216,-60,1
66,36453313,-83,1
67,36453408,-61,1
68,36453488,-36,1
69,36453582,-61,1
70,36453682,-49,1
71,36453774,-21,1
72,36453868,-47,1
73,36453949,-41,1
74,36454031,-9,1
75,36454129,-10,1
76,36454209,-44,1
77,36454302,-16,1
78,36454400,-29,1
79,36454486,-52,1
80,36454576,-30,1
81,36454676,-35,1
82,36454765,-68,1
83,36454861,-54,1
84,36454943,-48,1
85,36455024,-84,1
86,36455111,-77,1
87,36455193,-67,1
88,36455290,-95,1
89,36455381,-94,1
90,36455462,-68,1
91,36455542,-90,1
92,36455630,-96,1
93,36455728,-63,1
94,36455810,-75,1
95,36455901,-95,1
96,36455995,-64,1
97,36456083,-65,1
98,36456173,-88,1
99,36456258,-73,1
100,36456358,-53,1
101,36456457,-53,1
102,36456557,-67,1
103,36456639,-83,1
104,36456733,-75,1
105,36456832,-52,1
106,36456915,-45,1
107,36457001,-56,1
108,36457096,-74,1
109,36457176,-73,1
110,36457260,-57,1
111,36457341,-41,1
112,36457424,-42,1
113,36457518,-66,1
114,36457612,-73,1
115,36457696,-60,1
116,36457778,-43,1
117,36457875,-39,1
118,36457964,-55,1
119,36458056,-72,1
120,36458147,-67,1
121,36458243,-45,1
122,36458339,-38,1
123,36458425,-52,1
124,36458518,-69,1
125,36458601,-74,1
126,36458691,-57,1
127,36458785,-41,1
128,36458880,-46,1
129,36458965,-64,1
130,36459056,-76,1
131,36459143,-61,1
132,36459243,-42,1
133,36459335,-38,1
134,36459428,-55,1
135,36459523,-77,1
136,36459611,-67,1
137,36459701,-49,1
138,36459796,-39,1
139,36459887,-50,1
140,36459979,-68,1
141,36460075,-72,1
142,36460170,-58,1
143,36460268,-38,1
144,36460368,-45,1
145,36460464,-67,1
146,36460559,-74,1
147,36460654,-62,1
148,36460737,-43,1
149,36460820,-38,1
150,36460903,-59,1
151,36460989,-72,1
152,36461089,-68,1
153,36461180,-45,1
154,36461271,-38,1
155,36461354,-55,1
156,36461443,-69,1
157,36461542,-72,1
158,36461636,-54,1
159,36461726,-40,1
160,36461826,-46,1
161,36461924,-69,1
162,36462014,-74,1
163,36462109,-61,1
164,36462196,-45,1
165,36462295,-46,1
166,36462387,-66,1
167,36462483,-77,1
168,36462581,-70,1
169,36462678,-47,1
170,36462766,-43,1
171,36462846,-62,1
172,36462929,-78,1
173,36463028,-78,1
174,36463128,-60,1
175,36463212,-45,1
176,36463308,-56,1
177,36463405,-79,1
178,36463491,-81,1
179,36463574,-68,1
180,36463670,-50,1
181,36463762,-55,1
182,36463856,-76,1
183,36463949,-91,1
184,36464044,-77,1
185,36464135,-55,1
186,36464222,-51,1
187,36464322,-74,1
188,36464419,-86,1
189,36464506,-85,1
190,36464590,-66,1
191,36464680,-58,1
192,36464762,-72,1
193,36464845,-93,1
194,36464926,-98,1
195,36465025,-79,1
196,36465120,-66,1
197,36465209,-74,1
198,36465305,-92,1
199,36465398,-100,1
200,36465491,-81,1
201,36465573,-58,1
202,36465659,-43,1
203,36465758,-65,1
204,36465852,-60,1
205,36465940,-44,1
206,36466031,-25,1
207,36466131,-14,1
208,36466221,-28,1
209,36466312,-44,1
210,36466407,-48,1
211,36466497,-30,1
212,36466581,-23,1
213,36466667,-42,1
214,36466755,-65,1
215,36466847,-74,1
216,36466941,-66,1
217,36467039,-50,1
218,36467133,-62,1
219,36467222,-90,1
220,36467303,-104,1
221,36467391,-89,1
222,36467483,-71,1
223,36467564,-68,1
224,36467651,-85,1
225,36467738,-99,1
226,36467818,-93,1
227,36467918,-68,1
228,36468013,-63,1
229,36468108,-79,1
230,36468205,-95,1
231,36468302,-92,1
232,36468390,-71,1
233,36468485,-62,1
234,36468579,-74,1
235,36468674,-98,1
236,36468771,-105,1
237,36468871,-87,1
238,36468956,-74,1
239,36469036,-76,1
240,36469129,-99,1
241,36469213,-106,1
242,36469298,-98,1
243,36469397,-76,1
244,36469493,-81,1
245,36469584,-103,1
246,36469674,-115,1
247,36469759,-112,1
248,36469844,-92,1
249,36469939,-88,1
250,36470039,-104,0
251,36470128,-125,0
252,36470225,-124,0
253,36470313,-101,0
254,36470411,-91,0
255,36470505,-105,0
256,36470603,-124,0
257,36470694,-128,0
258,36470786,-113,0
259,36470868,-93,0
260,36470950,-102,0
261,36471045,-124,0
262,36471134,-128,0
263,36471218,-118,0
264,36471310,-99,0
265,36471393,-100,0
266,36471481,-116,0
267,36471569,-131,0
268,36471651,-122,0
269,36471750,-101,0
270,36471838,-92,0
271,36471926,-113,0
272,36472016,-129,0
273,36472108,-121,0
274,36472192,-107,0
275,36472279,-95,0
276,36472369,-110,0
277,36472457,-127,0
278,36472557,-127,0
279,36472637,-108,0
280,36472719,-98,0
281,36472801,-102,0
282,36472890,-122,0
283,36472981,-134,0
284,36473069,-117,0
285,36473166,-99,0
286,36473255,-99,0
287,36473350,-123,0
288,36473444,-133,0
289,36473531,-121,0
290,36473630,-102,0
291,36473716,-97,0
292,36473802,-114,0
293,36473892,-130,0
294,36473983,-123,0
295,36474082,-102,0
296,36474166,-94,0
297,36474258,-111,0
298,36474343,-127,0
299,36474440,-130,0
300,36474536,-112,0
301,36474635,-95,0
302,36474734,-105,0
303,36474825,-123,0
304,36474918,-129,0
305,36475003,-114,0
306,36475086,-92,0
307,36475170,-101,0
308,36475259,-120,0
309,36475356,-130,0
310,36475437,-120,0
311,36475521,-101,0
312,36475610,-96,0
313,36475698,-117,0
314,36475784,-133,0
315,36475864,-123,0
316,36475959,-105,0
317,36476055,-95,0
318,36476151,-111,0
319,36476237,-130,0
320,36476331,-128,0
321,36476411,-105,0
322,36476508,-95,0
323,36476591,-108,0
324,36476676,-124,0
325,36476767,-128,0
326,36476858,-116,0
327,36476951,-96,0
328,36477041,-99,0
329,36477135,-122,0
330,36477223,-129,0
331,36477314,-120,0
332,36477404,-96,0
333,36477499,-94,0
334,36477583,-116,0
335,36477673,-126,0
336,36477759,-122,0
337,36477846,-99,0
338,36477926,-98,0
339,36478011,-114,0
340,36478095,-125,0
341,36478176,-123,0
