0,36447261,236,0
1,36447360,236,0
2,36447448,143,0
3,36447529,123,0
4,36447615,174,0
5,36447704,-18,0
6,36447789,-118,0
7,36447876,-131,0
8,36447975,-198,0
9,36448067,-246,0
10,36448153,-178,0
11,36448242,-169,0
12,36448326,-213,0
13,36448421,-195,0
14,36448515,-166,0
15,36448604,-187,0
16,36448697,-158,0
17,36448782,-131,0
18,36448872,-137,0
19,36448971,-152,0
20,36449054,-117,0
21,36449148,-117,0
22,36449245,-155,0
23,36449336,-117,0
24,36449419,-112,0
25,36449503,-118,0
26,36449591,-71,0
27,36449683,-16,0
28,36449770,-62,0
29,36449869,-74,0
30,36449959,-19,0
31,36450047,-47,0
32,36450137,-78,0
33,36450235,-27,0
34,36450317,-30,0
35,36450399,-79,0
36,36450499,-41,0
37,36450596,-21,0
38,36450676,-75,0
39,36450774,-55,0
40,36450866,-21,0
41,36450960,-66,0
42,36451048,-67,0
43,36451134,-15,0
44,36451224,-50,0
45,36451317,-76,0
46,36451415,-22,0
47,36451498,-35,0
48,36451596,-68,0
49,36451684,-21,0
50,36451774,-47,0
51,36451858,-79,0
52,36451943,-27,0
53,36452031,-31,0
54,36452114,-78,0
55,36452213,-37,0
56,36452295,-18,0
57,36452376,-78,0
58,36452473,-51,0
59,36452554,-54,0
60,36452634,-66,0
61,36452728,-67,0
62,36452809,-15,0
63,36452908,-54,0
64,36453000,-77,0
65,36453082,-23,0
66,36453165,-39,0
67,36453248,-81,0
68,36453332,-36,0
69,36453413,-24,0
70,36453508,-78,0
71,36453589,-75,0
72,36453672,-16,0
73,36453752,-69,0
74,36453834,-59,0
75,36453919,-13,0
76,36454004,-56,0
77,36454095,-71,0
78,36454180,-20,0
79,36454262,-45,0
80,36454350,-80,0
81,36454450,-29,0
82,36454531,-28,0
83,36454612,-82,0
84,36454704,-44,0
85,36454786,-19,0
86,36454882,-72,0
87,36454981,-60,0
88,36455068,-12,0
89,36455153,-64,0
90,36455252,-69,0
91,36455334,-17,0
92,36455417,-51,0
93,36455506,-79,0
94,36455599,-27,0
95,36455699,-72,0
96,36455779,-81,0
97,36455878,-39,0
98,36455966,-22,0
99,36456052,-76,0
100,36456142,-50,0
101,36456226,-16,0
102,36456321,-67,0
103,36456417,-63,0
104,36456500,-16,0
105,36456585,-53,0
106,36456674,-73,0
107,36456771,-50,0
108,36456866,-38,0
109,36456951,-80,0
110,36457040,-32,0
111,36457135,-27,0
112,36457233,-79,0
113,36457313,-48,0
114,36457397,-17,0
115,36457491,-72,0
116,36457574,-60,0
117,36457665,-12,0
118,36457757,-58,0
119,36457845,-33,0
120,36457934,-16,0
121,36458022,-43,0
122,36458107,-79,0
123,36458207,-27,0
124,36458306,-31,0
125,36458390,-80,0
126,36458470,-41,0
127,36458562,-20,0
128,36458649,-75,0
129,36458749,-56,0
130,36458836,-15,0
131,36458932,-18,0
132,36459027,-69,0
133,36459127,-16,0
134,36459218,-48,0
135,36459309,-77,0
136,36459396,-26,0
137,36459488,-36,0
138,36459581,-80,0
139,36459665,-37,0
140,36459751,-20,0
141,36459839,-74,0
142,36459932,-52,0
143,36460027,-19,0
144,36460109,-63,0
145,36460204,-63,0
146,36460286,-12,0
147,36460372,-52,0
148,36460461,-75,0
149,36460543,-22,0
150,36460625,-38,0
151,36460706,-82,0
152,36460799,-34,0
153,36460883,-21,0
154,36460972,-26,0
155,36461069,-49,1
156,36461160,-11,1
157,36461259,-71,1
158,36461359,-64,1
159,36461452,-12,1
160,36461535,-59,1
161,36461619,-77,1
162,36461715,-25,1
163,36461808,-55,1
164,36461908,-92,1
165,36461989,-77,1
166,36462070,-99,1
167,36462150,-134,1
168,36462235,-93,1
169,36462334,-64,1
170,36462418,-97,1
171,36462516,-76,1
172,36462598,-20,1
173,36462687,-61,1
174,36462782,-66,1
175,36462879,-14,1
176,36462961,-46,1
177,36463055,-84,1
178,36463148,-75,1
179,36463241,-51,1
180,36463333,-106,1
181,36463426,-72,1
182,36463517,-62,1
183,36463610,-121,1
184,36463706,-107,1
185,36463804,-77,1
186,36463901,-134,1
187,36463989,-140,1
188,36464086,-94,1
189,36464185,-134,1
190,36464283,-166,1
191,36464378,-108,1
192,36464473,-131,1
193,36464573,-167,1
194,36464657,-124,1
195,36464756,-114,1
196,36464852,-162,1
197,36464937,-130,1
198,36465028,-96,1
199,36465122,-149,1
200,36465219,-140,1
201,36465308,-96,1
202,36465399,-157,1
203,36465479,-153,1
204,36465567,-100,1
205,36465657,-120,1
206,36465742,-158,1
207,36465842,-109,1
208,36465928,-110,1
209,36466010,-159,1
210,36466095,-126,1
211,36466186,-96,1
212,36466278,-150,1
213,36466376,-134,1
214,36466465,-142,1
215,36466564,-139,1
216,36466663,-151,1
217,36466760,-94,1
218,36466857,-126,1
219,36466953,-158,1
220,36467033,-103,1
221,36467113,-111,1
222,36467194,-158,1
223,36467288,-115,1
224,36467376,-99,1
225,36467468,-158,1
226,36467556,-123,1
227,36467646,-95,1
228,36467728,-147,1
229,36467826,-145,1
230,36467908,-99,1
231,36467994,-131,1
232,36468087,-155,1
233,36468187,-102,1
234,36468267,-123,1
235,36468360,-155,1
236,36468444,-114,1
237,36468527,-108,1
238,36468612,-105,1
239,36468694,-128,1
240,36468781,-97,1
241,36468871,-153,1
242,36468958,-141,1
243,36469046,-91,1
244,36469129,-136,1
245,36469218,-150,1
246,36469298,-94,1
247,36469395,-125,1
248,36469492,-160,1
249,36469573,-104,1
250,36469664,-94,1
251,36469757,-158,1
252,36469856,-121,1
253,36469949,-98,1
254,36470042,-151,1
255,36470132,-131,1
256,36470226,-95,1
257,36470315,-141,1
258,36470414,-145,1
259,36470495,-96,1
260,36470589,-129,1
261,36470675,-153,1
262,36470766,-99,1
263,36470861,-113,1
264,36470941,-157,1
265,36471039,-112,1
266,36471138,-103,1
267,36471235,-158,1
268,36471327,-126,1
269,36471427,-96,1
270,36471521,-144,1
271,36471611,-139,1
272,36471709,-95,1
273,36471804,-134,1
274,36471886,-119,1
275,36471969,-98,1
276,36472058,-123,1
277,36472148,-158,1
278,36472248,-103,1
279,36472339,-103,1
280,36472433,-158,1
281,36472519,-123,1
282,36472614,-101,1
283,36472701,-159,1
284,36472794,-134,1
285,36472881,-96,1
286,36472971,-139,1
287,36473068,-148,1
288,36473150,-95,1
289,36473231,-128,1
290,36473319,-154,1
291,36473406,-100,1
292,36473504,-115,1
293,36473587,-158,1
294,36473687,-113,1
295,36473770,-101,1
296,36473869,-157,1
297,36473961,-157,1
298,36474049,-96,1
299,36474137,-150,1
300,36474222,-138,1
301,36474310,-94,1
302,36474409,-142,1
303,36474508,-156,1
304,36474597,-104,1
305,36474693,-129,1
306,36474782,-165,1
307,36474869,-114,1
308,36474958,-122,1
309,36475056,-172,1
310,36475146,-133,1
311,36475227,-112,1
312,36475313,-168,1
313,36475407,-146,1
314,36475487,-106,1
315,36475583,-156,1
316,36475663,-158,1
317,36475750,-105,1
318,36475845,-144,1
319,36475926,-167,1
320,36476011,-113,1
321,36476095,-147,1
322,36476183,-170,1
323,36476280,-119,1
324,36476363,-113,1
325,36476444,-163,1
326,36476534,-125,1
327,36476624,-99,1
328,36476713,-147,1
329,36476808,-129,1
330,36476897,-80,1
331,36476987,-121,1
332,36477084,-126,1
333,36477180,-89,1
334,36477277,-103,1
335,36477373,-128,1
336,36477456,-74,1
337,36477538,-82,1
338,36477636,-127,1
339,36477728,-79,1
340,36477808,-59,1
341,36477902,-111,1
342,36477996,-68,1
343,36478093,-39,1
344,36478184,-84,1
345,36478276,-31,1
346,36478368,-24,1
347,36478456,-66,1
348,36478548,-83,1
349,36478628,-30,1
350,36478717,-58,1
351,36478806,-94,1
352,36478892,-35,1
353,36478985,-37,1
354,36479083,-84,1
355,36479167,-40,1
356,36479257,-21,1
357,36479351,-12,1
358,36479451,-47,1
359,36479538,-14,1
360,36479620,-60,1
361,36479719,-51,1
362,36479806,-10,1
363,36479900,-45,1
364,36479986,-62,1
365,36480080,-3,1
366,36480178,-32,1
367,36480268,-68,1
368,36480365,-14,1
369,36480461,-23,1
370,36480553,-67,1
371,36480649,-31,1
372,36480742,-5,1
373,36480827,-65,1
374,36480921,-36,1
375,36481013,-14,1
376,36481105,-63,1
377,36481203,-63,1
378,36481286,-22,1
379,36481367,-60,1
380,36481457,-85,1
381,36481551,-84,1
382,36481634,-68,1
383,36481719,-107,1
384,36481817,-59,1
385,36481903,-69,1
386,36481989,-119,1
387,36482077,-81,1
388,36482157,-59,1
389,36482249,-113,1
390,36482334,-91,1
391,36482431,-49,1
392,36482512,-96,1
393,36482603,-108,1
394,36482701,-41,1
395,36482800,-80,1
396,36482900,-95,1
397,36482985,-40,1
398,36483075,-60,1
399,36483161,-95,1
400,36483248,-44,1
401,36483328,-43,1
402,36483415,-92,1
403,36483508,-51,0
404,36483598,-29,0
405,36483690,-22,0
406,36483783,-57,0
407,36483868,-20,0
408,36483955,-70,0
409,36484043,-67,0
410,36484124,-16,0
411,36484224,-56,0
412,36484318,-75,0
413,36484406,-17,0
414,36484506,-45,0
415,36484595,-76,0
416,36484694,-24,0
417,36484786,-37,0
418,36484886,-78,0
419,36484971,-36,0
420,36485071,-19,0
421,36485170,-74,0
422,36485266,-46,0
423,36485349,-14,0
424,36485444,-66,0
425,36485532,-61,0
426,36485624,-12,0
427,36485709,-56,0
428,36485791,-68,0
429,36485883,-68,0
430,36485972,-46,0
431,36486059,-78,0
432,36486147,-24,0
433,36486230,-33,0
434,36486317,-78,0
435,36486411,-33,0
436,36486504,-26,0
437,36486588,-78,0
438,36486687,-45,0
439,36486776,-14,0
440,36486866,-68,0
441,36486946,-81,0
442,36487027,-14,0
443,36487107,-63,0
444,36487192,-64,0
445,36487278,-14,0
446,36487375,-48,0
447,36487459,-71,0
448,36487545,-19,0
449,36487644,-40,0
450,36487727,-79,0
451,36487825,-26,0
452,36487905,-28,0
453,36487998,-61,0
454,36488086,-39,0
455,36488181,-19,0
456,36488271,-76,0
457,36488357,-48,0
458,36488452,-14,0
459,36488549,-64,0
460,36488646,-65,0
461,36488736,-15,0
462,36488830,-58,0
463,36488914,-74,0
464,36489014,-16,0
465,36489098,-25,0
466,36489188,-77,0
467,36489287,-24,0
468,36489385,-35,0
469,36489476,-78,0
470,36489570,-36,0
471,36489665,-24,0
472,36489756,-79,0
473,36489836,-45,0
474,36489926,-16,0
475,36490020,-73,0
476,36490120,-58,0
477,36490215,-16,0
478,36490307,-62,0
479,36490397,-66,0
480,36490493,-16,0
481,36490585,-51,0
482,36490665,-74,0
483,36490750,-24,0
484,36490834,-40,0
485,36490923,-81,0
486,36491023,-31,0
487,36491122,-29,0
488,36491218,-79,0
489,36491298,-39,0
490,36491397,-21,0
491,36491477,-75,0
492,36491570,-52,0
493,36491650,-16,0
494,36491740,-67,0
495,36491837,-59,0
496,36491919,-14,0
497,36492015,-59,0
498,36492097,-70,0
499,36492195,-14,0
500,36492286,-46,0
501,36492384,-69,0
502,36492474,-24,0
503,36492567,-39,0
504,36492650,-79,0
505,36492732,-31,0
506,36492818,-25,0
507,36492910,-80,0
508,36492997,-42,0
509,36493080,-16,0
510,36493169,-73,0
511,36493269,-54,0
512,36493358,-15,0
513,36493448,-80,0
514,36493548,-65,0
515,36493636,-15,0
516,36493732,-57,0
517,36493816,-73,0
518,36493896,-18,0
519,36493986,-45,0
520,36494068,-80,0
521,36494157,-25,0
522,36494239,-33,0
523,36494324,-80,0
524,36494421,-34,0
525,36494511,-50,0
526,36494596,-81,0
527,36494685,-46,0
