0,36447261,-44,0
1,36447354,-44,0
2,36447435,-38,0
3,36447521,-65,0
4,36447616,-99,0
5,36447701,-76,0
6,36447782,-54,0
7,36447876,15,0
8,36447967,190,0
9,36448061,375,0
10,36448152,449,0
11,36448244,453,0
12,36448337,570,0
13,36448417,580,0
14,36448507,480,0
15,36448599,518,0
16,36448686,542,0
17,36448779,440,0
18,36448874,487,0
19,36448969,563,0
20,36449054,488,0
21,36449146,474,0
22,36449227,566,0
23,36449326,479,0
24,36449424,458,0
25,36449505,556,0
26,36449603,544,0
27,36449685,471,0
28,36449780,536,0
29,36449874,566,0
30,36449963,475,0
31,36450047,515,0
32,36450136,573,0
33,36450231,488,0
34,36450323,488,0
35,36450404,574,0
36,36450491,516,0
37,36450577,474,0
38,36450666,557,0
39,36450765,537,0
40,36450864,474,0
41,36450951,548,0
42,36451051,561,0
43,36451133,474,0
44,36451231,519,0
45,36451313,575,0
46,36451407,489,0
47,36451497,498,0
48,36451586,563,0
49,36451678,482,0
50,36451760,520,0
51,36451860,572,0
52,36451952,493,0
53,36452047,500,0
54,36452136,577,0
55,36452220,513,0
56,36452303,479,0
57,36452400,565,0
58,36452499,539,0
59,36452581,536,0
60,36452677,553,0
61,36452772,559,0
62,36452870,476,0
63,36452952,528,0
64,36453052,575,0
65,36453142,489,0
66,36453229,501,0
67,36453327,576,0
68,36453416,508,0
69,36453515,484,0
70,36453608,571,0
71,36453697,564,0
72,36453796,474,0
73,36453881,554,0
74,36453961,552,0
75,36454055,480,0
76,36454155,539,0
77,36454235,566,0
78,36454326,481,0
79,36454414,512,0
80,36454494,580,0
81,36454590,494,0
82,36454674,489,0
83,36454761,576,0
84,36454858,522,0
85,36454957,481,0
86,36455057,564,0
87,36455146,545,0
88,36455228,473,0
89,36455315,545,0
90,36455414,565,0
91,36455503,477,0
92,36455596,521,0
93,36455685,576,0
94,36455765,488,0
95,36455846,562,0
96,36455934,577,0
97,36456032,514,0
98,36456116,480,0
99,36456201,572,0
100,36456291,537,0
101,36456375,474,0
102,36456458,550,0
103,36456541,555,0
104,36456639,473,0
105,36456734,528,0
106,36456832,567,0
107,36456931,539,0
108,36457025,505,0
109,36457111,579,0
110,36457207,507,0
111,36457299,485,0
112,36457390,571,0
113,36457483,526,0
114,36457575,475,0
115,36457658,561,0
116,36457754,545,0
117,36457840,469,0
118,36457927,531,0
119,36458016,500,0
120,36458105,479,0
121,36458192,513,0
122,36458277,577,0
123,36458375,496,0
124,36458466,489,0
125,36458565,571,0
126,36458647,516,0
127,36458746,475,0
128,36458833,563,0
129,36458923,537,0
130,36459006,470,0
131,36459099,475,0
132,36459179,559,0
133,36459277,470,0
134,36459363,512,0
135,36459443,570,0
136,36459527,486,0
137,36459620,489,0
138,36459707,571,0
139,36459787,507,0
140,36459870,474,0
141,36459968,558,0
142,36460057,533,0
143,36460143,464,0
144,36460238,535,0
145,36460325,546,0
146,36460421,463,0
147,36460507,516,0
148,36460594,560,0
149,36460690,473,0
150,36460777,491,0
151,36460871,562,0
152,36460967,493,0
153,36461063,476,0
154,36461163,475,0
155,36461263,528,0
156,36461357,459,0
157,36461443,542,0
158,36461539,540,0
159,36461630,455,0
160,36461712,519,0
161,36461800,555,0
162,36461899,464,0
163,36461997,493,0
164,36462080,554,0
165,36462161,480,0
166,36462251,498,0
167,36462350,552,0
168,36462439,496,0
169,36462533,453,0
170,36462614,536,0
171,36462694,516,0
172,36462786,444,0
173,36462877,514,0
174,36462971,533,0
175,36463061,446,0
176,36463156,485,0
177,36463239,540,0
178,36463337,516,0
179,36463427,460,0
180,36463526,541,0
181,36463612,474,0
182,36463693,438,0
183,36463789,523,0
184,36463877,496,0
185,36463964,425,0
186,36464058,502,0
187,36464146,514,0
188,36464241,424,0
189,36464341,479,0
190,36464426,522,0
191,36464516,434,0
192,36464600,454,0
193,36464686,521,0
194,36464776,452,0
195,36464873,427,0
196,36464972,517,0
197,36465064,474,0
198,36465156,416,0
199,36465247,500,0
200,36465330,495,0
201,36465410,412,0
202,36465493,520,1
203,36465584,509,1
204,36465671,427,1
205,36465758,452,1
206,36465847,515,1
207,36465935,441,1
208,36466030,427,1
209,36466114,514,1
210,36466204,466,1
211,36466296,416,1
212,36466377,499,1
213,36466462,485,1
214,36466561,500,1
215,36466648,482,1
216,36466735,507,1
217,36466827,420,1
218,36466922,461,1
219,36467003,516,1
220,36467102,434,1
221,36467190,435,1
222,36467272,508,1
223,36467370,444,1
224,36467450,409,1
225,36467539,490,1
226,36467629,439,1
227,36467724,387,1
228,36467810,460,1
229,36467904,456,1
230,36467987,371,1
231,36468085,419,1
232,36468183,455,1
233,36468283,361,1
234,36468372,375,1
235,36468453,439,1
236,36468538,359,1
237,36468622,336,1
238,36468706,330,1
239,36468786,361,1
240,36468882,302,1
241,36468966,376,1
242,36469063,362,1
243,36469146,272,1
244,36469245,336,1
245,36469339,355,1
246,36469437,265,1
247,36469517,290,1
248,36469604,345,1
249,36469689,261,1
250,36469771,230,1
251,36469861,328,1
252,36469943,268,1
253,36470034,223,1
254,36470120,305,1
255,36470201,287,1
256,36470286,205,1
257,36470374,281,1
258,36470464,292,1
259,36470560,207,1
260,36470657,257,1
261,36470742,301,1
262,36470838,204,1
263,36470931,230,1
264,36471013,299,1
265,36471099,233,1
266,36471183,202,1
267,36471265,295,1
268,36471353,254,1
269,36471450,196,1
270,36471548,279,1
271,36471634,275,1
272,36471733,197,1
273,36471833,258,1
274,36471915,232,1
275,36472007,205,1
276,36472088,238,1
277,36472170,300,1
278,36472252,227,1
279,36472342,217,1
280,36472442,306,1
281,36472529,245,1
282,36472621,204,1
283,36472711,293,1
284,36472802,276,1
285,36472893,201,1
286,36472982,280,1
287,36473066,291,1
288,36473157,208,1
289,36473242,259,1
290,36473333,310,1
291,36473423,223,1
292,36473507,240,1
293,36473600,320,1
294,36473684,247,1
295,36473784,225,1
296,36473865,316,1
297,36473945,319,1
298,36474030,221,1
299,36474110,308,1
300,36474209,302,1
301,36474293,230,1
302,36474379,288,1
303,36474475,319,1
304,36474558,231,1
305,36474656,273,1
306,36474744,335,1
307,36474831,258,1
308,36474928,256,1
309,36475012,343,1
310,36475112,284,1
311,36475193,244,1
312,36475273,337,1
313,36475355,313,1
314,36475454,249,1
315,36475548,327,1
316,36475648,335,1
317,36475744,256,1
318,36475829,309,1
319,36475919,356,1
320,36476002,269,1
321,36476098,340,1
322,36476178,371,1
323,36476271,294,1
324,36476365,279,1
325,36476462,369,1
326,36476548,323,1
327,36476642,270,1
328,36476733,361,1
329,36476819,348,1
330,36476899,269,1
331,36476991,343,1
332,36477085,372,1
333,36477178,315,1
334,36477274,329,1
335,36477369,382,1
336,36477459,298,1
337,36477552,310,1
338,36477647,393,1
339,36477746,324,1
340,36477835,296,1
341,36477925,388,1
342,36478023,346,1
343,36478109,296,1
344,36478197,378,1
345,36478284,295,1
346,36478364,294,1
347,36478446,354,1
348,36478544,393,1
349,36478626,307,1
350,36478709,341,1
351,36478808,404,1
352,36478897,319,1
353,36478986,319,1
354,36479085,408,1
355,36479183,337,1
356,36479276,307,1
357,36479373,298,1
358,36479473,361,1
359,36479557,296,1
360,36479652,381,1
361,36479743,380,1
362,36479837,293,1
363,36479926,357,1
364,36480012,393,1
365,36480092,304,1
366,36480180,338,1
367,36480268,401,1
368,36480349,324,1
369,36480431,329,1
370,36480531,399,1
371,36480623,343,1
372,36480711,301,1
373,36480793,392,1
374,36480885,364,1
375,36480981,293,1
376,36481064,376,1
377,36481158,378,1
378,36481252,298,1
379,36481342,355,1
380,36481435,397,1
381,36481521,375,1
382,36481613,337,1
383,36481701,410,1
384,36481786,326,1
385,36481880,321,1
386,36481976,407,1
387,36482069,354,1
388,36482153,303,1
389,36482236,395,1
390,36482324,371,1
391,36482407,299,1
392,36482496,377,1
393,36482582,400,1
394,36482682,298,1
395,36482771,362,1
396,36482852,396,1
397,36482943,308,1
398,36483032,339,1
399,36483124,403,1
400,36483211,323,1
401,36483309,318,1
402,36483402,399,1
403,36483498,343,1
404,36483578,301,1
405,36483677,297,1
406,36483757,362,1
407,36483852,297,1
408,36483943,378,1
409,36484040,381,1
410,36484139,296,1
411,36484236,357,1
412,36484324,394,1
413,36484418,304,1
414,36484508,340,1
415,36484606,401,1
416,36484694,320,1
417,36484791,334,1
418,36484877,405,1
419,36484957,337,1
420,36485042,307,1
421,36485123,396,1
422,36485214,357,1
423,36485307,287,1
424,36485406,374,1
425,36485500,368,1
426,36485596,292,1
427,36485693,352,1
428,36485791,384,1
429,36485877,374,1
430,36485962,333,1
431,36486056,395,1
432,36486145,311,1
433,36486241,319,1
434,36486327,395,1
435,36486426,326,1
436,36486509,306,1
437,36486594,393,1
438,36486692,344,1
439,36486781,294,1
440,36486861,380,1
441,36486943,396,1
442,36487027,295,1
443,36487109,371,1
444,36487192,381,1
445,36487273,305,1
446,36487353,351,1
447,36487449,394,1
448,36487534,307,1
449,36487632,328,1
450,36487732,396,1
451,36487813,317,1
452,36487913,307,1
453,36487999,366,1
454,36488081,336,1
455,36488161,296,1
456,36488257,386,1
457,36488339,356,1
458,36488429,287,1
459,36488521,374,1
460,36488603,375,1
461,36488701,294,1
462,36488782,354,1
463,36488868,387,1
464,36488965,297,1
465,36489059,311,1
466,36489144,391,1
467,36489233,314,1
468,36489328,314,1
469,36489417,393,1
470,36489499,326,1
471,36489589,302,1
472,36489675,393,1
473,36489762,348,1
474,36489860,292,1
475,36489942,379,1
476,36490038,361,1
477,36490122,293,1
478,36490206,365,1
479,36490299,376,1
480,36490397,294,1
481,36490484,342,1
482,36490571,395,1
483,36490669,306,1
484,36490757,327,1
485,36490857,393,1
486,36490954,315,1
487,36491036,309,1
488,36491120,395,1
489,36491200,330,1
490,36491289,298,1
491,36491370,386,1
492,36491453,355,1
493,36491541,294,1
494,36491626,374,1
495,36491708,372,1
496,36491805,292,1
497,36491903,355,1
498,36491999,388,1
499,36492099,296,1
500,36492186,337,1
501,36492269,384,1
502,36492368,305,1
503,36492456,322,1
504,36492553,398,1
505,36492650,323,1
506,36492732,312,1
507,36492815,394,1
508,36492900,347,1
509,36493000,296,1
510,36493095,386,1
511,36493189,364,1
512,36493280,291,1
513,36493375,394,1
514,36493460,379,1
515,36493557,293,1
516,36493643,352,1
517,36493725,388,1
518,36493808,298,1
519,36493894,333,1
520,36493985,398,1
521,36494073,310,1
522,36494168,317,1
523,36494256,397,1
524,36494346,329,1
525,36494426,353,1
526,36494519,390,1
527,36494612,351,1
528,36494707,290,1
529,36494804,384,1
530,36494892,367,1
531,36494974,290,1
532,36495057,367,1
533,36495141,383,1
534,36495241,287,1
535,36495326,350,1
536,36495426,392,1
537,36495509,295,1
538,36495609,330,1
539,36495705,396,1
540,36495790,315,1
541,36495877,315,1
542,36495971,395,1
543,36496061,328,1
544,36496155,303,1
545,36496248,395,1
546,36496340,349,1
547,36496433,291,1
548,36496514,377,1
549,36496610,306,1
550,36496690,292,1
551,36496780,362,1
552,36496870,378,1
553,36496956,294,1
554,36497041,347,1
555,36497123,385,1
556,36497215,304,1
557,36497298,325,1
558,36497394,395,1
559,36497477,314,1
560,36497568,312,1
561,36497667,356,1
562,36497747,330,1
563,36497846,300,1
564,36497930,385,1
565,36498024,349,1
566,36498124,295,1
567,36498224,376,1
568,36498307,367,1
569,36498387,289,1
570,36498475,363,1
571,36498562,380,1
572,36498654,291,1
573,36498737,397,1
574,36498827,395,1
575,36498922,301,1
576,36499019,326,1
577,36499102,396,1
578,36499196,319,1
579,36499288,313,1
580,36499369,392,1
581,36499457,334,1
582,36499543,299,1
583,36499637,394,1
584,36499734,355,1
585,36499832,370,1
586,36499923,378,1
587,36500013,366,1
588,36500098,292,1
589,36500180,359,1
590,36500271,381,1
591,36500353,290,1
592,36500447,344,1
593,36500534,392,1
594,36500618,300,1
595,36500709,328,1
596,36500797,395,1
597,36500896,303,1
598,36500991,309,1
599,36501087,396,1
600,36501173,331,1
601,36501273,296,1
602,36501363,390,1
603,36501463,354,1
604,36501551,299,1
605,36501640,378,1
606,36501738,368,1
607,36501828,289,1
608,36501911,363,1
609,36501994,293,1
610,36502082,296,1
611,36502176,347,1
612,36502260,389,1
613,36502355,302,1
614,36502439,330,1
615,36502537,395,1
616,36502637,310,1
617,36502723,311,1
618,36502807,393,1
619,36502893,331,1
620,36502988,297,1
621,36503074,342,1
622,36503164,342,1
623,36503263,291,1
624,36503349,378,1
625,36503449,361,1
626,36503532,289,1
627,36503626,363,1
628,36503715,376,1
629,36503803,292,1
630,36503883,342,1
631,36503969,389,1
632,36504060,303,1
633,36504156,388,1
634,36504244,395,1
635,36504341,315,1
636,36504435,310,1
637,36504535,396,1
638,36504629,331,1
639,36504716,296,1
640,36504812,389,1
641,36504907,347,1
642,36504990,291,1
643,36505082,375,1
644,36505172,368,1
645,36505262,381,1
646,36505355,363,1
647,36505455,377,1
648,36505549,292,1
649,36505632,351,1
650,36505725,393,1
651,36505806,302,1
652,36505895,327,1
653,36505991,391,1
654,36506086,317,1
655,36506178,314,1
656,36506265,397,1
657,36506358,316,1
658,36506455,303,1
659,36506543,389,1
660,36506635,347,1
661,36506727,298,1
662,36506821,379,1
663,36506920,366,1
664,36507000,287,1
665,36507083,367,1
666,36507181,378,1
667,36507269,292,1
668,36507355,346,1
669,36507439,297,1
670,36507528,303,1
671,36507617,324,1
672,36507711,391,1
673,36507798,309,1
674,36507886,308,1
675,36507980,392,1
676,36508070,324,1
677,36508160,294,1
678,36508249,383,1
679,36508336,338,1
680,36508428,287,1
681,36508511,320,1
682,36508611,367,1
683,36508699,291,1
684,36508798,360,1
685,36508882,379,1
686,36508979,295,1
687,36509072,342,1
688,36509169,387,1
689,36509262,308,1
690,36509358,329,1
691,36509454,394,1
692,36509539,314,1
693,36509627,377,1
694,36509711,393,1
695,36509803,331,1
696,36509894,295,1
697,36509977,387,1
698,36510065,350,1
699,36510155,292,1
700,36510254,379,1
701,36510354,362,1
702,36510444,289,1
703,36510530,368,1
704,36510628,389,1
705,36510728,403,1
706,36510811,359,1
707,36510897,401,1
708,36510992,310,1
709,36511091,334,1
710,36511183,405,1
711,36511270,324,1
712,36511362,318,1
713,36511457,408,1
714,36511554,340,1
715,36511647,307,1
716,36511731,402,1
717,36511822,344,1
718,36511911,302,1
719,36512007,388,1
720,36512097,373,1
721,36512182,303,1
722,36512276,372,1
723,36512370,387,1
724,36512452,305,1
725,36512532,352,1
726,36512627,398,1
727,36512711,310,1
728,36512806,339,1
729,36512904,304,1
730,36512997,319,1
731,36513081,324,1
732,36513174,403,1
733,36513272,337,1
734,36513355,312,1
735,36513451,395,1
736,36513543,359,1
737,36513637,302,1
738,36513735,390,1
739,36513831,372,1
740,36513919,298,1
741,36514015,323,1
742,36514098,395,1
743,36514187,317,1
744,36514286,355,1
745,36514368,397,1
746,36514461,306,1
747,36514557,339,1
748,36514641,405,1
749,36514724,330,1
750,36514804,334,1
751,36514890,413,1
752,36514977,346,1
753,36515057,376,1
754,36515154,397,1
755,36515237,358,1
756,36515319,302,1
757,36515402,389,1
758,36515496,372,1
759,36515594,295,1
760,36515680,373,1
761,36515762,390,1
762,36515852,303,1
763,36515934,353,1
764,36516033,397,1
765,36516118,403,1
766,36516205,333,1
767,36516290,400,1
768,36516377,320,1
769,36516460,317,1
770,36516550,399,1
771,36516634,335,1
772,36516727,305,1
773,36516818,393,1
774,36516915,352,1
775,36517008,293,1
776,36517104,378,1
777,36517197,353,1
778,36517289,290,1
779,36517383,364,1
780,36517469,383,1
781,36517562,295,1
782,36517648,343,1
783,36517745,389,1
784,36517833,294,1
785,36517920,320,1
786,36518015,382,1
787,36518112,300,1
788,36518203,291,1
789,36518287,277,1
790,36518372,311,1
791,36518462,269,1
792,36518543,357,1
793,36518642,319,1
794,36518733,252,1
795,36518827,335,1
796,36518910,318,1
797,36518996,234,1
798,36519096,304,1
799,36519191,318,1
800,36519276,229,1
801,36519356,224,1
802,36519454,318,1
803,36519539,221,1
804,36519629,243,1
805,36519727,310,1
806,36519815,232,1
807,36519908,216,1
808,36519993,302,1
809,36520087,237,1
810,36520168,204,1
811,36520257,292,1
812,36520343,257,1
813,36520434,248,1
814,36520530,286,1
815,36520630,284,1
816,36520721,207,1
817,36520801,281,1
818,36520896,307,1
819,36520995,228,1
820,36521092,287,1
821,36521182,338,1
822,36521271,265,1
823,36521364,303,1
824,36521462,388,1
825,36521559,397,1
826,36521640,329,1
827,36521734,429,1
828,36521822,381,1
829,36521921,364,1
830,36522007,470,1
831,36522098,446,1
832,36522181,395,1
833,36522274,487,1
834,36522354,495,1
835,36522448,420,1
836,36522539,492,1
837,36522619,504,1
838,36522708,431,1
839,36522792,470,1
840,36522872,524,1
841,36522958,439,1
842,36523052,450,1
843,36523149,523,1
844,36523233,451,1
845,36523331,433,1
846,36523426,521,1
847,36523526,467,1
848,36523623,424,1
849,36523707,452,1
850,36523801,490,1
851,36523883,429,1
852,36523963,509,1
853,36524044,517,1
854,36524128,442,1
855,36524210,503,1
856,36524308,538,1
857,36524396,452,1
858,36524477,495,1
859,36524572,549,1
860,36524668,471,1
861,36524752,461,1
862,36524837,559,1
863,36524920,487,1
864,36525016,476,1
865,36525101,562,1
866,36525181,513,1
867,36525261,469,1
868,36525344,557,1
869,36525439,531,0
870,36525535,468,0
871,36525622,547,0
872,36525710,550,0
873,36525795,498,0
874,36525893,532,0
875,36525982,562,0
876,36526071,473,0
877,36526169,513,0
878,36526260,576,0
879,36526350,489,0
880,36526449,496,0
881,36526544,577,0
882,36526644,501,0
883,36526727,485,0
884,36526819,572,0
885,36526904,559,0
886,36526996,477,0
887,36527089,566,0
888,36527173,543,0
889,36527272,475,0
890,36527372,551,0
891,36527472,560,0
892,36527567,478,0
893,36527659,529,0
894,36527758,571,0
895,36527845,483,0
896,36527935,515,0
897,36528024,573,0
898,36528109,493,0
899,36528201,496,0
900,36528285,579,0
901,36528365,508,0
902,36528461,482,0
903,36528544,574,0
904,36528624,526,0
905,36528719,475,0
906,36528817,564,0
907,36528902,548,0
908,36528997,475,0
909,36529085,524,0
910,36529176,564,0
911,36529265,475,0
912,36529350,529,0
913,36529444,574,0
914,36529543,487,0
915,36529632,514,0
916,36529715,575,0
917,36529799,500,0
918,36529883,492,0
919,36529964,574,0
920,36530046,515,0
921,36530135,475,0
922,36530222,570,0
923,36530309,527,0
924,36530407,471,0
925,36530495,559,0
926,36530586,548,0
927,36530668,467,0
928,36530748,544,0
929,36530838,564,0
930,36530922,480,0
931,36531004,527,0
932,36531102,573,0
933,36531184,478,0
934,36531269,504,0
935,36531369,577,0
936,36531464,502,0
937,36531548,491,0
938,36531641,573,0
939,36531735,518,0
940,36531827,480,0
941,36531919,568,0
942,36532016,532,0
943,36532107,470,0
944,36532200,555,0
945,36532299,533,0
946,36532383,471,0
947,36532470,541,0
948,36532551,564,0
949,36532636,475,0
950,36532736,522,0
951,36532828,572,0
952,36532925,487,0
953,36533012,509,0
954,36533112,580,0
955,36533197,505,0
956,36533286,489,0
957,36533383,579,0
958,36533465,518,0
959,36533556,478,0
960,36533654,568,0
961,36533749,537,0
962,36533848,471,0
963,36533948,555,0
964,36534029,555,0
965,36534121,474,0
966,36534214,540,0
967,36534314,567,0
968,36534408,478,0
969,36534498,549,0
970,36534586,576,0
971,36534685,490,0
972,36534768,503,0
973,36534860,584,0
974,36534958,506,0
975,36535041,491,0
976,36535139,577,0
977,36535237,523,0
978,36535318,473,0
979,36535416,567,0
980,36535514,545,0
981,36535595,492,0
982,36535684,558,0
983,36535776,556,0
984,36535859,476,0
985,36535939,533,0
986,36536021,567,0
987,36536102,474,0
988,36536194,513,0
989,36536291,573,0
990,36536381,487,0
991,36536474,502,0
992,36536562,577,0
993,36536658,471,0
994,36536749,485,0
995,36536831,572,0
996,36536919,521,0
997,36537007,474,0
998,36537090,564,0
999,36537181,545,0
1000,36537268,475,0
1001,36537361,546,0
1002,36537461,560,0
1003,36537544,473,0
1004,36537624,532,0
1005,36537722,508,0
1006,36537822,482,0
1007,36537904,512,0
1008,36538001,577,0
1009,36538092,495,0
1010,36538176,499,0
1011,36538264,574,0
1012,36538352,511,0
1013,36538434,482,0
1014,36538516,575,0
1015,36538610,530,0
1016,36538698,475,0
1017,36538782,566,0
1018,36538882,547,0
1019,36538963,471,0
1020,36539060,548,0
1021,36539146,564,0
1022,36539236,475,0
1023,36539316,529,0
1024,36539397,574,0
1025,36539482,485,0
1026,36539581,510,0
1027,36539668,580,0
1028,36539753,499,0
1029,36539846,565,0
1030,36539942,578,0
1031,36540034,514,0
1032,36540122,478,0
1033,36540221,569,0
1034,36540309,535,0
1035,36540398,475,0
1036,36540479,561,0
1037,36540561,544,0
1038,36540643,473,0
1039,36540731,539,0
1040,36540824,565,0
1041,36540922,518,0
1042,36541010,523,0
