0,36447261,-1,0
1,36447347,32,0
2,36447445,-25,0
3,36447531,-16,0
4,36447615,32,0
5,36447707,-7,0
6,36447806,-31,0
7,36447889,22,0
8,36447978,6,0
9,36448064,-32,0
10,36448158,20,0
11,36448258,19,0
12,36448355,-31,0
13,36448445,4,0
14,36448538,27,0
15,36448633,-28,0
16,36448727,24,0
17,36448808,30,0
18,36448894,-10,0
19,36448984,-26,0
20,36449074,29,0
21,36449156,-1,0
22,36449250,-30,0
23,36449350,14,0
24,36449441,14,0
25,36449541,-35,0
26,36449632,4,0
27,36449714,26,0
28,36449804,3,0
29,36449884,-15,0
30,36449979,29,0
31,36450073,-16,0
32,36450167,-25,0
33,36450248,26,0
34,36450340,-3,0
35,36450429,-34,0
36,36450518,18,0
37,36450611,11,0
38,36450701,-35,0
39,36450790,6,0
40,36450888,-15,0
41,36450974,-31,0
42,36451060,-7,0
43,36451140,29,0
44,36451228,-17,0
45,36451309,-22,0
46,36451402,29,0
47,36451499,-1,0
48,36451592,-28,0
49,36451678,24,0
50,36451771,10,0
51,36451866,-32,0
52,36451962,-31,0
53,36452060,23,0
54,36452141,-32,0
55,36452227,-8,0
56,36452312,29,0
57,36452403,-20,0
58,36452501,-17,0
59,36452598,32,0
60,36452692,-9,0
61,36452775,-29,0
62,36452865,27,0
63,36452949,8,0
64,36453034,-36,0
65,36453125,11,0
66,36453220,16,0
67,36453310,-30,0
68,36453392,2,0
69,36453472,26,0
70,36453562,-25,0
71,36453656,-13,0
72,36453736,26,0
73,36453819,-14,0
74,36453908,-29,0
75,36453997,-26,0
76,36454081,3,0
77,36454177,-32,0
78,36454265,17,0
79,36454355,12,0
80,36454439,-33,0
81,36454520,3,0
82,36454614,28,0
83,36454704,-19,0
84,36454784,-15,0
85,36454876,30,0
86,36454961,-13,0
87,36455046,-9,0
88,36455133,27,0
89,36455229,1,0
90,36455309,-34,0
91,36455405,15,0
92,36455501,9,0
93,36455598,-37,0
94,36455689,-5,0
95,36455770,15,0
96,36455863,-44,0
97,36455957,-30,0
98,36456042,5,0
99,36456132,-21,0
100,36456214,-67,1
101,36456297,-40,1
102,36456377,-76,1
103,36456476,-130,1
104,36456565,-115,1
105,36456656,-188,1
106,36456747,-238,1
107,36456841,-184,1
108,36456925,-139,1
109,36457010,-170,1
110,36457091,-119,1
111,36457174,-65,1
112,36457268,-95,1
113,36457368,-95,1
114,36457450,-83,1
115,36457535,-202,1
116,36457622,-315,1
117,36457713,-298,1
118,36457802,-298,1
119,36457889,-299,1
120,36457976,-221,1
121,36458057,-191,1
122,36458137,-207,1
123,36458231,-126,1
124,36458317,-101,1
125,36458397,-117,1
126,36458487,-96,1
127,36458573,-35,1
128,36458671,-65,1
129,36458757,-80,1
130,36458849,-26,1
131,36458943,-45,1
132,36459042,-80,1
133,36459122,-32,1
134,36459216,-22,1
135,36459304,-14,1
136,36459403,-36,1
137,36459485,-9,1
138,36459573,-62,1
139,36459668,-61,1
140,36459763,-28,1
141,36459854,-80,1
142,36459943,-100,1
143,36460035,-56,1
144,36460125,-82,1
145,36460214,-119,1
146,36460314,-66,1
147,36460413,-70,1
148,36460513,-112,1
149,36460606,-73,1
150,36460705,-48,1
151,36460801,-101,1
152,36460889,-81,1
153,36460974,-40,1
154,36461058,-90,1
155,36461148,-96,1
156,36461244,-48,1
157,36461333,-72,1
158,36461431,-102,1
159,36461512,-81,1
160,36461598,-60,1
161,36461686,-106,1
162,36461781,-64,1
163,36461866,-49,1
164,36461964,-102,1
165,36462059,-79,1
166,36462155,-41,1
167,36462241,-91,1
168,36462341,-91,1
169,36462429,-41,1
170,36462511,-80,1
171,36462607,-99,1
172,36462688,-50,1
173,36462778,-64,1
174,36462863,-111,1
175,36462949,-63,1
176,36463041,-51,1
177,36463138,-99,1
178,36463219,-76,1
179,36463302,-44,1
180,36463396,-96,1
181,36463479,-93,1
182,36463569,-43,1
183,36463650,-103,1
184,36463745,-100,1
185,36463842,-46,1
186,36463935,-69,1
187,36464030,-104,1
188,36464128,-57,1
189,36464212,-56,1
190,36464308,-105,1
191,36464392,-71,1
192,36464486,-49,1
193,36464573,-100,1
194,36464661,-88,1
195,36464752,-101,1
196,36464836,-87,1
197,36464916,-99,1
198,36465006,-46,1
199,36465093,-72,1
200,36465187,-104,1
201,36465284,-56,1
202,36465366,-63,1
203,36465461,-107,1
204,36465546,-69,1
205,36465640,-47,1
206,36465737,-99,1
207,36465831,-78,1
208,36465921,-49,1
209,36466005,-89,1
210,36466103,-91,1
211,36466194,-46,1
212,36466280,-77,1
213,36466362,-101,1
214,36466446,-51,1
215,36466543,-69,1
216,36466629,-104,1
217,36466725,-60,1
218,36466805,-60,1
219,36466888,-105,1
220,36466973,-73,1
221,36467060,-46,1
222,36467148,-97,1
223,36467247,-87,1
224,36467330,-44,1
225,36467416,-82,1
226,36467515,-94,1
227,36467604,-46,1
228,36467692,-68,1
229,36467777,-104,1
230,36467865,-43,1
231,36467949,-53,1
232,36468035,-102,1
233,36468129,-68,1
234,36468214,-50,1
235,36468299,-101,1
236,36468386,-88,1
237,36468467,-44,1
238,36468562,-88,1
239,36468647,-96,1
240,36468739,-44,1
241,36468831,-76,1
242,36468924,-44,1
243,36469009,-51,1
244,36469099,-59,1
245,36469187,-103,1
246,36469271,-63,1
247,36469363,-49,1
248,36469451,-101,1
249,36469542,-82,1
250,36469625,-46,1
251,36469721,-93,1
252,36469805,-89,1
253,36469898,-46,1
254,36469994,-54,1
255,36470092,-102,1
256,36470182,-49,1
257,36470280,-63,1
258,36470375,-104,1
259,36470463,-61,1
260,36470554,-54,1
261,36470652,-103,1
262,36470743,-77,1
263,36470840,-43,1
264,36470936,-96,1
265,36471028,-87,1
266,36471125,-78,1
267,36471213,-89,1
268,36471308,-100,1
269,36471394,-44,1
270,36471475,-69,1
271,36471561,-103,1
272,36471643,-57,1
273,36471740,-61,1
274,36471833,-104,1
275,36471920,-65,1
276,36472012,-46,1
277,36472092,-100,1
278,36472173,-95,1
279,36472259,-44,1
280,36472344,-88,1
281,36472435,-94,1
282,36472520,-47,1
283,36472612,-74,1
284,36472712,-105,1
285,36472799,-49,1
286,36472882,-63,1
287,36472969,-103,1
288,36473061,-65,1
289,36473146,-55,1
290,36473233,-107,1
291,36473313,-76,1
292,36473396,-46,1
293,36473476,-93,1
294,36473560,-87,1
295,36473653,-39,1
296,36473737,-85,1
297,36473823,-97,1
298,36473903,-48,1
299,36473988,-74,1
300,36474069,-104,1
301,36474164,-55,1
302,36474256,-100,1
303,36474353,-103,1
304,36474440,-66,1
305,36474524,-54,1
306,36474624,-103,1
307,36474706,-82,1
308,36474805,-44,1
309,36474885,-95,1
310,36474969,-94,1
311,36475049,-44,1
312,36475145,-82,1
313,36475237,-106,1
314,36475332,-83,1
315,36475420,-63,1
316,36475512,-106,1
317,36475612,-60,1
318,36475699,-59,1
319,36475781,-100,1
320,36475873,-74,1
321,36475968,-46,1
322,36476051,-100,1
323,36476140,-88,1
324,36476222,-45,1
325,36476306,-85,1
326,36476404,-70,1
327,36476500,-49,1
328,36476583,-81,1
329,36476676,-114,1
330,36476759,-62,1
331,36476841,-75,1
332,36476935,-115,1
333,36477023,-69,1
334,36477108,-50,1
335,36477193,-98,1
336,36477284,-59,1
337,36477365,-19,1
338,36477461,-68,1
339,36477561,-56,1
340,36477643,-9,1
341,36477724,-50,1
342,36477805,-66,1
343,36477896,-18,1
344,36477981,-48,1
345,36478065,-79,1
346,36478152,-32,1
347,36478237,-37,1
348,36478318,-83,1
349,36478405,-65,1
350,36478498,-109,1
351,36478582,-122,1
352,36478662,-132,1
353,36478745,-144,1
354,36478839,-199,1
355,36478931,-232,1
356,36479017,-217,1
357,36479106,-296,1
358,36479198,-352,1
359,36479294,-190,1
360,36479390,-103,1
361,36479472,-113,1
362,36479568,-87,1
363,36479660,-95,1
364,36479754,-153,1
365,36479835,-168,1
366,36479935,-207,1
367,36480031,-231,1
368,36480130,-166,1
369,36480227,-76,1
370,36480309,-89,1
371,36480398,-74,1
372,36480490,-15,0
373,36480588,-37,0
374,36480678,-14,0
375,36480776,8,0
376,36480857,-6,0
377,36480957,-41,0
378,36481053,7,0
379,36481147,9,0
380,36481233,-38,0
381,36481315,-1,0
382,36481398,22,0
383,36481492,-33,0
384,36481582,-11,0
385,36481677,31,0
386,36481765,23,0
387,36481848,-25,0
388,36481939,22,0
389,36482026,-7,0
390,36482106,-30,0
391,36482195,24,0
392,36482286,7,0
393,36482378,-36,0
394,36482458,20,0
395,36482547,11,0
396,36482631,-36,0
397,36482725,4,0
398,36482817,21,0
399,36482916,-28,0
400,36483009,-10,0
401,36483107,30,0
402,36483202,-18,0
403,36483289,-22,0
404,36483370,25,0
405,36483470,-12,0
406,36483550,-31,0
407,36483646,21,0
408,36483738,3,0
409,36483832,-35,0
410,36483924,-8,0
411,36484013,16,0
412,36484100,-35,0
413,36484188,0,0
414,36484284,19,0
415,36484371,-26,0
416,36484463,-8,0
417,36484561,26,0
418,36484645,-16,0
419,36484733,-22,0
420,36484830,27,0
421,36484920,-10,0
422,36485004,-31,0
423,36485092,22,0
424,36485191,4,0
425,36485286,-30,0
426,36485372,16,0
427,36485469,15,0
428,36485558,-34,0
429,36485653,4,0
430,36485745,22,0
431,36485837,-30,0
432,36485927,-9,0
433,36486021,29,0
434,36486121,-30,0
435,36486221,-25,0
436,36486304,30,0
437,36486387,-9,0
438,36486485,-27,0
439,36486575,24,0
440,36486666,3,0
441,36486750,-32,0
442,36486830,16,0
443,36486920,11,0
444,36487015,-31,0
445,36487102,4,0
446,36487193,-5,0
447,36487283,-35,0
448,36487368,-3,0
449,36487467,24,0
450,36487555,-24,0
451,36487649,-17,0
452,36487746,28,0
453,36487832,-12,0
454,36487926,-21,0
455,36488023,32,0
456,36488114,-1,0
457,36488206,-32,0
458,36488289,27,0
459,36488381,5,0
460,36488481,-36,0
461,36488566,9,0
462,36488648,17,0
463,36488743,-33,0
464,36488837,0,0
465,36488927,25,0
466,36489013,-29,0
467,36489104,-16,0
468,36489193,27,0
469,36489289,-21,0
470,36489382,21,0
471,36489465,29,0
472,36489550,-8,0
473,36489642,-32,0
474,36489734,21,0
475,36489827,1,0
476,36489920,-32,0
477,36490016,16,0
478,36490103,12,0
479,36490201,-32,0
480,36490300,8,0
481,36490381,21,0
482,36490479,-3,0
483,36490575,-7,0
484,36490662,27,0
485,36490757,-26,0
486,36490857,-16,0
487,36490939,28,0
488,36491028,-14,0
489,36491124,-21,0
490,36491215,30,0
491,36491315,-5,0
492,36491399,-32,0
493,36491482,22,0
494,36491574,-31,0
495,36491674,-35,0
496,36491770,12,0
497,36491870,17,0
498,36491959,-36,0
499,36492050,1,0
500,36492143,22,0
501,36492240,-33,0
502,36492337,-7,0
503,36492421,27,0
504,36492506,-26,0
505,36492606,-17,0
506,36492686,-28,0
507,36492785,-14,0
508,36492884,-23,0
509,36492978,25,0
510,36493071,-5,0
511,36493169,-34,0
512,36493263,16,0
513,36493358,5,0
514,36493438,-34,0
515,36493523,8,0
516,36493608,19,0
517,36493703,-35,0
518,36493788,8,0
519,36493874,21,0
520,36493968,-30,0
521,36494059,-13,0
522,36494140,25,0
523,36494237,-20,0
524,36494326,-22,0
525,36494422,24,0
526,36494515,-13,0
527,36494599,-33,0
528,36494685,27,0
529,36494769,0,0
530,36494865,25,0
531,36494950,16,0
532,36495035,6,0
533,36495120,-36,0
534,36495220,8,0
535,36495318,16,0
536,36495401,-31,0
537,36495498,-2,0
538,36495590,22,0
539,36495670,-28,0
540,36495761,-11,0
541,36495848,32,0
542,36495946,13,0
543,36496036,-20,0
544,36496119,29,0
545,36496218,-12,0
546,36496306,-28,0
547,36496404,24,0
548,36496488,-1,0
549,36496568,-35,0
550,36496663,15,0
551,36496753,9,0
552,36496851,-33,0
553,36496949,9,0
554,36497035,-21,0
555,36497125,-30,0
556,36497215,-2,0
557,36497312,26,0
558,36497395,-28,0
559,36497490,-11,0
560,36497573,26,0
561,36497660,-21,0
562,36497758,-24,0
563,36497850,28,0
564,36497950,-10,0
565,36498031,-31,0
566,36498130,-35,0
567,36498218,-1,0
568,36498300,-28,0
569,36498395,20,0
570,36498475,8,0
571,36498565,-35,0
