0,36447261,-126,0
1,36447357,-99,0
2,36447439,-126,0
3,36447524,-130,0
4,36447607,-98,0
5,36447690,-119,0
6,36447771,-134,0
7,36447861,-104,0
8,36447945,-110,0
9,36448045,-134,0
10,36448141,-110,0
11,36448222,-106,0
12,36448312,-135,0
13,36448394,-116,0
14,36448474,-102,0
15,36448556,-132,0
16,36448640,-111,0
17,36448736,-101,0
18,36448817,-127,0
19,36448898,-126,0
20,36448995,-103,0
21,36449081,-121,0
22,36449161,-131,0
23,36449252,-102,0
24,36449344,-117,0
25,36449444,-136,0
26,36449528,-106,0
27,36449613,-110,0
28,36449693,-127,0
29,36449773,-112,0
30,36449861,-103,0
31,36449942,-135,0
32,36450023,-118,0
33,36450120,-100,0
34,36450217,-132,0
35,36450306,-125,0
36,36450403,-99,0
37,36450491,-126,0
38,36450585,-131,0
39,36450673,-100,0
40,36450755,-136,0
41,36450838,-132,0
42,36450931,-102,0
43,36451021,-112,0
44,36451119,-138,0
45,36451205,-107,0
46,36451294,-106,0
47,36451393,-134,0
48,36451483,-114,0
49,36451579,-102,0
50,36451669,-131,0
51,36451749,-121,0
52,36451837,-131,0
53,36451934,-128,0
54,36452015,-127,0
55,36452095,-100,0
56,36452194,-122,0
57,36452285,-129,0
58,36452370,-99,0
59,36452467,-119,0
60,36452562,-138,0
61,36452650,-107,0
62,36452748,-111,0
63,36452848,-138,0
64,36452948,-114,0
65,36453038,-102,0
66,36453127,-132,0
67,36453219,-117,0
68,36453305,-100,0
69,36453391,-130,0
70,36453485,-121,0
71,36453568,-98,0
72,36453666,-129,0
73,36453746,-128,0
74,36453837,-98,0
75,36453929,-99,0
76,36454024,-133,0
77,36454109,-104,0
78,36454193,-114,0
79,36454291,-136,0
80,36454385,-111,0
81,36454478,-106,0
82,36454577,-135,0
83,36454677,-118,0
84,36454758,-103,0
85,36454845,-133,0
86,36454925,-120,0
87,36455006,-107,0
88,36455100,-130,0
89,36455185,-128,0
90,36455281,-101,0
91,36455380,-126,0
92,36455460,-131,0
93,36455558,-100,0
94,36455644,-117,0
95,36455735,-138,0
96,36455825,-109,0
97,36455919,-111,0
98,36456011,-136,0
99,36456108,-124,0
100,36456206,-98,0
101,36456292,-98,0
102,36456386,-110,0
103,36456479,-126,0
104,36456569,-117,0
105,36456667,-95,0
106,36456750,-87,0
107,36456830,-99,0
108,36456910,-117,0
109,36456996,-119,0
110,36457079,-102,0
111,36457167,-84,1
112,36457264,-84,1
113,36457346,-104,1
114,36457428,-109,1
115,36457528,-95,1
116,36457624,-74,1
117,36457704,-70,1
118,36457785,-81,1
119,36457865,-99,1
120,36457954,-91,1
121,36458043,-68,1
122,36458139,-58,1
123,36458219,-70,1
124,36458304,-87,1
125,36458397,-89,1
126,36458486,-71,1
127,36458580,-55,1
128,36458668,-58,1
129,36458757,-75,1
130,36458851,-86,1
131,36458950,-73,1
132,36459039,-52,1
133,36459123,-51,1
134,36459220,-67,1
135,36459320,-88,1
136,36459405,-82,1
137,36459494,-64,1
138,36459584,-48,1
139,36459670,-48,1
140,36459754,-63,1
141,36459837,-63,1
142,36459927,-47,1
143,36460012,-25,1
144,36460092,-31,1
145,36460174,-49,1
146,36460267,-57,1
147,36460356,-43,1
148,36460446,-22,1
149,36460536,-17,1
150,36460624,-39,1
151,36460707,-53,1
152,36460801,-48,1
153,36460892,-26,1
154,36460982,-19,1
155,36461065,-35,1
156,36461150,-48,1
157,36461245,-49,1
158,36461326,-34,1
159,36461422,-19,1
160,36461516,-24,1
161,36461603,-47,1
162,36461703,-53,1
163,36461794,-39,1
164,36461878,-21,1
165,36461969,-23,1
166,36462062,-41,1
167,36462155,-52,1
168,36462254,-45,1
169,36462349,-22,1
170,36462445,-15,1
171,36462542,-35,1
172,36462635,-51,1
173,36462726,-51,1
174,36462826,-31,1
175,36462915,-17,1
176,36463002,-25,1
177,36463088,-51,1
178,36463188,-52,1
179,36463278,-37,1
180,36463364,-21,1
181,36463457,-23,1
182,36463541,-47,1
183,36463632,-60,1
184,36463725,-45,1
185,36463810,-24,1
186,36463900,-18,1
187,36463992,-41,1
188,36464089,-52,1
189,36464179,-50,1
190,36464277,-30,1
191,36464366,-22,1
192,36464451,-33,1
193,36464539,-54,1
194,36464627,-57,1
195,36464721,-38,1
196,36464804,-21,1
197,36464897,-30,1
198,36464981,-50,1
199,36465081,-60,1
200,36465171,-47,1
201,36465267,-28,1
202,36465367,-26,1
203,36465449,-53,1
204,36465543,-62,1
205,36465641,-56,1
206,36465726,-40,1
207,36465818,-30,1
208,36465906,-48,1
209,36465989,-68,1
210,36466072,-68,1
211,36466169,-46,1
212,36466256,-38,1
213,36466338,-55,1
214,36466419,-71,1
215,36466519,-77,1
216,36466607,-65,1
217,36466701,-49,1
218,36466801,-53,1
219,36466885,-76,1
220,36466982,-86,1
221,36467072,-72,1
222,36467168,-54,1
223,36467263,-55,1
224,36467343,-72,1
225,36467424,-87,1
226,36467511,-82,1
227,36467596,-57,1
228,36467688,-53,1
229,36467784,-66,1
230,36467865,-82,1
231,36467950,-78,1
232,36468041,-59,1
233,36468135,-48,1
234,36468226,-58,1
235,36468326,-82,1
236,36468407,-86,1
237,36468488,-68,1
238,36468572,-53,1
239,36468656,-57,1
240,36468738,-78,1
241,36468838,-87,1
242,36468924,-81,1
243,36469024,-58,1
244,36469104,-61,1
245,36469198,-85,1
246,36469286,-95,1
247,36469375,-90,1
248,36469475,-75,1
249,36469555,-69,1
250,36469645,-88,1
251,36469736,-110,1
252,36469830,-108,1
253,36469917,-86,1
254,36469997,-81,1
255,36470090,-89,1
256,36470190,-110,1
257,36470281,-118,1
258,36470365,-108,1
259,36470449,-91,1
260,36470544,-100,1
261,36470625,-126,1
262,36470712,-134,1
263,36470803,-123,1
264,36470898,-107,1
265,36470985,-107,1
266,36471075,-124,1
267,36471155,-139,1
268,36471243,-129,1
269,36471335,-109,1
270,36471427,-103,1
271,36471518,-122,1
272,36471608,-138,1
273,36471707,-131,1
274,36471788,-117,1
275,36471875,-104,1
276,36471965,-120,1
277,36472064,-138,1
278,36472155,-138,1
279,36472238,-118,1
280,36472323,-106,1
281,36472412,-114,1
282,36472511,-135,1
283,36472591,-143,1
284,36472682,-126,1
285,36472767,-110,1
286,36472853,-111,1
287,36472933,-131,1
288,36473013,-146,1
289,36473105,-134,1
290,36473192,-116,1
291,36473286,-109,1
292,36473371,-126,1
293,36473471,-142,1
294,36473564,-135,1
295,36473658,-115,1
296,36473749,-106,1
297,36473831,-123,1
298,36473915,-140,1
299,36474011,-143,1
300,36474096,-126,1
301,36474192,-107,1
302,36474279,-118,1
303,36474371,-138,1
304,36474459,-143,1
305,36474553,-126,1
306,36474638,-106,1
307,36474729,-115,1
308,36474814,-132,1
309,36474901,-140,1
310,36474994,-132,1
311,36475076,-113,1
312,36475157,-107,1
313,36475239,-128,1
314,36475330,-145,1
315,36475417,-133,1
316,36475500,-117,1
317,36475596,-109,1
318,36475696,-124,1
319,36475792,-142,1
320,36475880,-139,1
321,36475966,-115,1
322,36476064,-105,1
323,36476158,-114,1
324,36476245,-130,1
325,36476333,-129,1
326,36476424,-115,1
327,36476511,-91,1
328,36476599,-96,1
329,36476695,-117,1
330,36476783,-121,1
331,36476875,-112,1
332,36476969,-85,1
333,36477059,-82,1
334,36477143,-101,1
335,36477231,-110,1
336,36477328,-103,1
337,36477428,-79,1
338,36477510,-73,1
339,36477593,-87,1
340,36477673,-98,1
341,36477762,-93,1
342,36477856,-77,1
343,36477942,-62,1
344,36478028,-73,1
345,36478124,-92,1
346,36478219,-97,1
347,36478312,-74,1
348,36478408,-61,1
349,36478492,-68,1
350,36478587,-87,1
351,36478685,-96,1
352,36478765,-88,1
353,36478862,-65,1
354,36478960,-55,1
355,36479059,-71,1
356,36479145,-78,1
357,36479237,-64,1
358,36479323,-40,1
359,36479412,-25,1
360,36479507,-36,1
361,36479600,-53,1
362,36479686,-45,1
363,36479770,-20,1
364,36479859,-10,1
365,36479940,-21,1
366,36480021,-41,1
367,36480105,-45,1
368,36480197,-31,1
369,36480289,-21,1
370,36480388,-31,1
371,36480487,-60,1
372,36480579,-72,1
373,36480669,-70,1
374,36480753,-55,1
375,36480847,-62,1
376,36480937,-83,1
377,36481017,-99,1
378,36481114,-94,1
379,36481211,-73,1
380,36481291,-65,1
381,36481378,-80,1
382,36481460,-94,1
383,36481552,-89,1
384,36481637,-66,1
385,36481723,-50,1
386,36481812,-60,1
387,36481898,-80,1
388,36481998,-83,1
389,36482086,-62,1
390,36482175,-49,1
391,36482264,-57,1
392,36482364,-78,1
393,36482455,-84,1
394,36482553,-73,1
395,36482635,-51,1
396,36482726,-52,1
397,36482825,-74,1
398,36482925,-87,1
399,36483007,-73,1
400,36483102,-56,1
401,36483201,-48,1
402,36483288,-65,1
403,36483376,-83,1
404,36483458,-82,1
405,36483538,-58,1
406,36483619,-48,1
407,36483718,-63,1
408,36483811,-79,1
409,36483896,-80,1
410,36483991,-65,1
411,36484084,-50,1
412,36484183,-59,1
413,36484264,-79,1
414,36484353,-84,1
415,36484451,-69,1
416,36484551,-51,1
417,36484646,-55,1
418,36484737,-72,1
419,36484817,-84,1
420,36484909,-77,1
421,36485009,-54,1
422,36485105,-50,1
423,36485197,-73,1
424,36485284,-85,1
425,36485376,-79,1
426,36485472,-60,1
427,36485566,-52,1
428,36485665,-68,1
429,36485757,-88,1
430,36485852,-85,1
431,36485935,-66,1
432,36486033,-51,1
433,36486129,-61,1
434,36486227,-82,1
435,36486321,-94,1
436,36486421,-80,1
437,36486508,-95,1
438,36486589,-66,1
439,36486682,-76,1
440,36486782,-102,1
441,36486876,-77,1
442,36486965,-73,1
443,36487051,-98,1
444,36487143,-85,1
445,36487237,-64,1
446,36487327,-91,1
447,36487415,-81,1
448,36487508,-42,1
449,36487599,-58,1
450,36487687,-63,1
451,36487785,-31,1
452,36487876,-36,1
453,36487960,-56,1
454,36488056,-22,1
455,36488142,-16,1
456,36488224,-43,1
457,36488316,-27,1
458,36488412,-13,1
459,36488512,-41,1
460,36488595,-41,1
461,36488693,-18,1
462,36488782,-47,1
463,36488870,-59,1
464,36488956,-31,1
465,36489055,-57,1
466,36489154,-76,1
467,36489253,-52,1
468,36489346,-65,1
469,36489431,-96,1
470,36489530,-74,1
471,36489620,-81,1
472,36489700,-98,1
473,36489790,-83,1
474,36489886,-61,1
475,36489979,-87,1
476,36490072,-87,1
477,36490156,-55,1
478,36490243,-78,1
479,36490329,-90,1
480,36490417,-59,1
481,36490510,-68,1
482,36490601,-95,1
483,36490684,-66,1
484,36490775,-64,1
485,36490857,-95,1
486,36490952,-83,1
487,36491048,-66,1
488,36491137,-102,1
489,36491237,-99,1
490,36491337,-74,1
491,36491424,-104,1
492,36491504,-115,1
493,36491592,-85,1
494,36491679,-102,1
495,36491776,-88,1
496,36491860,-101,1
497,36491953,-100,1
498,36492053,-133,1
499,36492139,-114,1
500,36492236,-101,1
501,36492319,-137,0
502,36492404,-126,0
503,36492486,-103,0
504,36492568,-128,0
505,36492665,-129,0
506,36492746,-99,0
507,36492832,-98,0
508,36492924,-135,0
509,36493024,-123,0
510,36493104,-106,0
511,36493204,-126,0
512,36493296,-113,0
513,36493384,-98,0
514,36493464,-133,0
515,36493557,-133,0
516,36493642,-97,0
517,36493742,-104,0
518,36493840,-126,0
519,36493934,-113,0
520,36494029,-117,0
521,36494111,-106,0
522,36494194,-104,0
523,36494284,-102,0
524,36494374,-131,0
525,36494468,-132,0
526,36494559,-104,0
527,36494651,-98,0
528,36494743,-117,0
529,36494830,-120,0
530,36494927,-129,0
531,36495017,-127,0
532,36495104,-100,0
533,36495184,-94,0
534,36495280,-131,0
535,36495361,-132,0
536,36495461,-112,0
537,36495550,-109,0
538,36495636,-106,0
539,36495729,-110,0
540,36495828,-135,0
541,36495909,-135,0
542,36495997,-102,0
543,36496089,-98,0
544,36496180,-119,0
545,36496264,-123,0
546,36496344,-125,0
547,36496426,-119,0
548,36496522,-96,0
549,36496602,-100,0
550,36496693,-132,0
551,36496790,-132,0
552,36496880,-108,0
553,36496972,-105,0
554,36497064,-103,0
555,36497158,-110,0
556,36497257,-130,0
557,36497349,-130,0
558,36497444,-95,0
559,36497536,-96,0
560,36497619,-124,0
561,36497702,-129,0
562,36497791,-121,0
563,36497874,-114,0
564,36497961,-101,0
565,36498051,-102,0
566,36498151,-134,0
567,36498238,-136,0
568,36498330,-104,0
569,36498415,-102,0
570,36498507,-116,0
571,36498596,-116,0
572,36498690,-128,0
573,36498777,-128,0
574,36498864,-97,0
575,36498944,-98,0
576,36499037,-128,0
577,36499121,-132,0
578,36499220,-120,0
579,36499310,-114,0
580,36499401,-100,0
581,36499499,-111,0
582,36499594,-133,0
583,36499692,-133,0
584,36499774,-100,0
585,36499862,-96,0
586,36499959,-115,0
587,36500052,-118,0
588,36500149,-127,0
589,36500229,-121,0
590,36500324,-96,0
591,36500414,-96,0
592,36500503,-128,0
593,36500585,-131,0
594,36500670,-112,0
595,36500752,-107,0
596,36500834,-103,0
597,36500927,-105,0
598,36501011,-135,0
599,36501091,-130,0
600,36501176,-99,0
601,36501266,-95,0
602,36501365,-122,0
603,36501461,-123,0
604,36501552,-123,0
605,36501640,-121,0
606,36501735,-100,0
607,36501818,-100,0
608,36501905,-136,0
609,36501992,-135,0
610,36502087,-111,0
611,36502171,-102,0
612,36502270,-111,0
613,36502363,-117,0
614,36502448,-132,0
615,36502546,-129,0
616,36502645,-98,0
617,36502728,-96,0
618,36502828,-125,0
619,36502918,-127,0
620,36503005,-122,0
621,36503096,-114,0
622,36503177,-99,0
