0,36447261,-70,0
1,36447351,-43,0
2,36447445,-69,0
3,36447532,-73,0
4,36447623,-41,0
5,36447704,-58,0
6,36447793,-75,0
7,36447890,-46,0
8,36447987,-48,0
9,36448081,-72,0
10,36448168,-47,0
11,36448268,-42,0
12,36448361,-73,0
13,36448442,-53,0
14,36448536,-37,0
15,36448632,-69,0
16,36448722,-47,0
17,36448808,-38,0
18,36448890,-64,0
19,36448978,-64,0
20,36449060,-38,0
21,36449156,-59,0
22,36449250,-68,0
23,36449330,-40,0
24,36449424,-55,0
25,36449519,-72,0
26,36449599,-43,0
27,36449686,-45,0
28,36449783,-64,0
29,36449877,-49,0
30,36449957,-41,0
31,36450052,-70,0
32,36450148,-55,0
33,36450237,-37,0
34,36450336,-69,0
35,36450431,-63,0
36,36450526,-36,0
37,36450614,-64,0
38,36450713,-68,0
39,36450808,-38,0
40,36450897,-74,0
41,36450995,-71,0
42,36451087,-39,0
43,36451184,-50,0
44,36451276,-76,0
45,36451369,-45,0
46,36451466,-45,0
47,36451548,-73,0
48,36451629,-53,0
49,36451715,-41,0
50,36451811,-69,0
51,36451893,-59,0
52,36451988,-67,0
53,36452073,-65,0
54,36452164,-63,0
55,36452250,-37,0
56,36452342,-61,0
57,36452431,-67,0
58,36452518,-39,0
59,36452601,-54,0
60,36452688,-75,0
61,36452783,-45,0
62,36452863,-48,0
63,36452956,-76,0
64,36453051,-53,0
65,36453136,-43,0
66,36453220,-72,0
67,36453308,-58,0
68,36453407,-41,0
69,36453498,-71,0
70,36453590,-62,0
71,36453670,-40,0
72,36453762,-70,0
73,36453843,-70,0
74,36453933,-41,0
75,36454013,-41,0
76,36454109,-77,0
77,36454209,-47,0
78,36454307,-58,0
79,36454392,-79,0
80,36454474,-54,0
81,36454568,-52,0
82,36454665,-79,0
83,36454753,-62,0
84,36454851,-48,0
85,36454934,-80,0
86,36455031,-69,0
87,36455129,-54,0
88,36455221,-80,0
89,36455314,-78,0
90,36455397,-55,0
91,36455486,-78,0
92,36455570,-86,0
93,36455658,-55,0
94,36455758,-73,0
95,36455840,-95,0
96,36455940,-68,0
97,36456038,-70,0
98,36456128,-94,0
99,36456209,-80,0
100,36456302,-61,0
101,36456402,-60,0
102,36456490,-71,0
103,36456586,-87,0
104,36456681,-74,0
105,36456780,-49,0
106,36456875,-37,0
107,36456961,-47,0
108,36457057,-60,0
109,36457155,-55,0
110,36457255,-35,0
111,36457344,-14,0
112,36457433,-13,0
113,36457521,-35,0
114,36457611,-42,0
115,36457693,-28,0
116,36457776,-11,0
117,36457857,-7,0
118,36457941,-27,0
119,36458036,-48,0
120,36458136,-47,0
121,36458217,-30,0
122,36458303,-29,0
123,36458401,-47,0
124,36458481,-71,0
125,36458569,-82,0
126,36458655,-73,0
127,36458751,-59,1
128,36458846,-67,1
129,36458930,-88,1
130,36459015,-99,1
131,36459101,-86,1
132,36459188,-66,1
133,36459269,-62,1
134,36459358,-77,1
135,36459440,-93,1
136,36459530,-86,1
137,36459614,-68,1
138,36459702,-57,1
139,36459787,-69,1
140,36459868,-88,1
141,36459955,-93,1
142,36460055,-78,1
143,36460143,-65,1
144,36460234,-73,1
145,36460329,-96,1
146,36460409,-104,1
147,36460504,-93,1
148,36460590,-78,1
149,36460689,-72,1
150,36460782,-96,1
151,36460878,-110,1
152,36460977,-110,1
153,36461069,-89,1
154,36461153,-83,1
155,36461241,-100,1
156,36461324,-115,1
157,36461406,-118,1
158,36461492,-101,1
159,36461589,-85,1
160,36461679,-91,1
161,36461767,-113,1
162,36461856,-120,1
163,36461952,-105,1
164,36462033,-89,1
165,36462117,-89,1
166,36462213,-109,1
167,36462305,-118,1
168,36462397,-113,1
169,36462483,-87,1
170,36462581,-82,1
171,36462671,-101,1
172,36462754,-118,1
173,36462849,-117,1
174,36462942,-98,1
175,36463028,-83,1
176,36463114,-92,1
177,36463199,-117,1
178,36463280,-119,1
179,36463380,-103,1
180,36463467,-88,1
181,36463567,-90,1
182,36463664,-111,1
183,36463760,-125,1
184,36463860,-109,1
185,36463958,-91,1
186,36464046,-82,1
187,36464145,-105,1
188,36464231,-115,1
189,36464330,-113,1
190,36464430,-95,1
191,36464527,-85,1
192,36464613,-97,1
193,36464699,-117,1
194,36464787,-121,1
195,36464876,-99,1
196,36464967,-85,1
197,36465057,-93,1
198,36465153,-111,1
199,36465240,-121,1
200,36465335,-106,1
201,36465432,-84,1
202,36465526,-86,1
203,36465607,-111,1
204,36465703,-122,1
205,36465784,-110,1
206,36465883,-92,1
207,36465968,-85,1
208,36466053,-101,1
209,36466153,-117,1
210,36466242,-114,1
211,36466324,-93,1
212,36466408,-81,1
213,36466491,-96,1
214,36466575,-114,1
215,36466663,-118,1
216,36466745,-102,1
217,36466841,-86,1
218,36466928,-91,1
219,36467025,-111,1
220,36467125,-122,1
221,36467221,-105,1
222,36467316,-85,1
223,36467397,-86,1
224,36467484,-106,1
225,36467573,-120,1
226,36467657,-113,1
227,36467751,-92,1
228,36467850,-85,1
229,36467934,-100,1
230,36468014,-117,1
231,36468110,-113,1
232,36468198,-94,1
233,36468285,-83,1
234,36468368,-94,1
235,36468459,-116,1
236,36468558,-120,1
237,36468644,-99,1
238,36468727,-86,1
239,36468810,-87,1
240,36468890,-107,1
241,36468984,-116,1
242,36469074,-109,1
243,36469165,-85,1
244,36469252,-85,1
245,36469349,-108,1
246,36469431,-119,1
247,36469528,-112,1
248,36469616,-91,1
249,36469704,-86,1
250,36469793,-101,1
251,36469892,-121,1
252,36469979,-115,1
253,36470060,-93,1
254,36470159,-86,1
255,36470239,-97,1
256,36470324,-113,1
257,36470405,-116,1
258,36470488,-103,1
259,36470573,-82,1
260,36470657,-89,1
261,36470748,-112,1
262,36470837,-117,1
263,36470917,-105,1
264,36471004,-86,1
265,36471096,-89,1
266,36471182,-106,1
267,36471268,-119,1
268,36471362,-110,1
269,36471459,-88,1
270,36471542,-82,1
271,36471639,-102,1
272,36471735,-125,1
273,36471823,-120,1
274,36471917,-106,1
275,36472008,-92,1
276,36472099,-105,1
277,36472197,-124,1
278,36472288,-126,1
279,36472382,-105,1
280,36472482,-93,1
281,36472562,-99,1
282,36472654,-119,1
283,36472754,-131,1
284,36472834,-114,1
285,36472932,-97,1
286,36473018,-96,1
287,36473116,-116,1
288,36473212,-330,1
289,36473310,-205,1
290,36473405,-156,1
291,36473503,-132,1
292,36473589,-160,1
293,36473688,-173,1
294,36473771,-154,1
295,36473863,-139,1
296,36473948,-131,1
297,36474046,-138,1
298,36474127,-141,1
299,36474213,-129,1
300,36474296,-102,1
301,36474395,-80,1
302,36474485,-87,1
303,36474567,-107,1
304,36474658,-90,1
305,36474744,-84,1
306,36474824,-69,1
307,36474913,-81,1
308,36475013,-100,1
309,36475110,-107,1
310,36475203,-102,1
311,36475285,-83,1
312,36475374,-76,1
313,36475470,-97,1
314,36475563,-115,1
315,36475645,-104,1
316,36475743,-85,1
317,36475840,-78,1
318,36475934,-93,1
319,36476019,-111,1
320,36476108,-109,1
321,36476194,-86,1
322,36476285,-77,1
323,36476381,-89,1
324,36476475,-107,1
325,36476571,-108,1
326,36476655,-98,1
327,36476754,-75,1
328,36476839,-82,1
329,36476926,-103,1
330,36477007,-113,1
331,36477100,-102,1
332,36477198,-80,1
333,36477298,-76,1
334,36477382,-100,1
335,36477464,-110,1
336,36477551,-105,1
337,36477650,-83,1
338,36477730,-80,1
339,36477811,-99,1
340,36477905,-111,1
341,36477986,-108,1
342,36478084,-94,1
343,36478170,-83,1
344,36478268,-91,1
345,36478366,-111,1
346,36478454,-118,1
347,36478552,-99,1
348,36478646,-84,1
349,36478728,-87,1
350,36478808,-105,1
351,36478889,-116,1
352,36478985,-107,1
353,36479073,-86,1
354,36479161,-82,1
355,36479258,-102,1
356,36479351,-115,1
357,36479449,-105,1
358,36479530,-88,1
359,36479611,-81,1
360,36479707,-97,1
361,36479807,-114,1
362,36479899,-111,1
363,36479994,-91,1
364,36480085,-81,1
365,36480182,-90,1
366,36480278,-112,1
367,36480364,-115,1
368,36480463,-98,1
369,36480546,-82,1
370,36480645,-86,1
371,36480743,-111,1
372,36480835,-117,1
373,36480930,-101,1
374,36481015,-80,1
375,36481113,-86,1
376,36481203,-102,1
377,36481283,-117,1
378,36481369,-112,1
379,36481454,-91,1
380,36481542,-85,1
381,36481625,-103,1
382,36481706,-121,1
383,36481789,-118,1
384,36481881,-97,1
385,36481968,-85,1
386,36482054,-92,1
387,36482146,-116,1
388,36482236,-121,1
389,36482320,-99,1
390,36482419,-84,1
391,36482516,-91,1
392,36482597,-115,1
393,36482695,-123,1
394,36482787,-110,1
395,36482884,-90,1
396,36482971,-87,1
397,36483060,-109,1
398,36483141,-121,1
399,36483232,-106,1
400,36483328,-86,1
401,36483411,-79,1
402,36483503,-93,1
403,36483603,-108,1
404,36483693,-106,1
405,36483780,-81,1
406,36483869,-69,1
407,36483964,-82,1
408,36484046,-99,1
409,36484141,-101,1
410,36484226,-81,1
411,36484319,-66,1
412,36484418,-72,1
413,36484506,-94,1
414,36484606,-96,1
415,36484698,-78,1
416,36484795,-59,1
417,36484877,-64,1
418,36484965,-81,1
419,36485060,-92,1
420,36485145,-87,1
421,36485238,-64,1
422,36485320,-59,1
423,36485408,-82,1
424,36485493,-96,1
425,36485591,-89,1
426,36485688,-73,1
427,36485783,-65,1
428,36485881,-81,1
429,36485969,-102,1
430,36486066,-100,1
431,36486147,-80,1
432,36486237,-61,1
433,36486318,-60,1
434,36486411,-75,1
435,36486493,-76,1
436,36486586,-53,1
437,36486675,-50,1
438,36486774,-10,1
439,36486870,-16,1
440,36486956,-37,1
441,36487043,-16,1
442,36487135,-13,0
443,36487218,-56,0
444,36487300,-55,0
445,36487395,-44,0
446,36487486,-81,0
447,36487575,-90,0
448,36487655,-61,0
449,36487749,-79,0
450,36487849,-80,0
451,36487936,-49,0
452,36488028,-57,0
453,36488121,-78,0
454,36488203,-40,0
455,36488291,-35,0
456,36488388,-60,0
457,36488468,-35,0
458,36488549,-18,0
459,36488638,-43,0
460,36488729,-40,0
461,36488822,-12,0
462,36488904,-37,0
463,36488992,-42,0
464,36489091,-11,0
465,36489191,-33,0
466,36489271,-47,0
467,36489362,-17,0
468,36489448,-25,0
469,36489530,-50,0
470,36489613,-24,0
471,36489708,-29,0
472,36489807,-45,0
473,36489898,-36,0
474,36489992,-15,0
475,36490076,-39,0
476,36490176,-42,0
477,36490272,-10,0
478,36490356,-36,0
479,36490438,-47,0
480,36490538,-17,0
481,36490633,-23,0
482,36490728,-50,0
483,36490826,-21,0
484,36490916,-17,0
485,36491008,-49,0
486,36491100,-33,0
487,36491194,-13,0
488,36491293,-47,0
489,36491390,-41,0
490,36491474,-12,0
491,36491556,-37,0
492,36491640,-46,0
493,36491738,-14,0
494,36491824,-29,0
495,36491917,-11,0
496,36492009,-21,0
497,36492105,-21,0
498,36492187,-52,0
499,36492287,-30,0
500,36492373,-14,0
501,36492466,-48,0
502,36492548,-39,0
503,36492629,-16,0
504,36492728,-41,0
505,36492817,-43,0
506,36492909,-13,0
507,36493009,-12,0
508,36493105,-49,0
509,36493187,-40,0
510,36493278,-24,0
511,36493374,-42,0
512,36493473,-31,0
513,36493559,-14,0
514,36493641,-49,0
515,36493740,-49,0
516,36493825,-16,0
517,36493912,-22,0
518,36493999,-42,0
519,36494092,-29,0
520,36494184,-35,0
521,36494264,-25,0
522,36494350,-20,0
523,36494439,-18,0
