0,36447261,-575,0
1,36447359,-575,0
2,36447451,-572,0
3,36447544,-595,0
4,36447635,-629,0
5,36447725,-607,0
6,36447816,-586,0
7,36447902,-515,0
8,36447999,-341,0
9,36448091,-156,0
10,36448190,-83,0
11,36448281,-74,0
12,36448378,41,0
13,36448458,46,0
14,36448546,-49,0
15,36448646,-12,0
16,36448732,10,0
17,36448832,-94,0
18,36448912,-45,0
19,36448993,35,0
20,36449079,-42,0
21,36449172,-53,0
22,36449258,31,0
23,36449353,-55,0
24,36449440,-70,0
25,36449534,27,0
26,36449625,16,0
27,36449707,-59,0
28,36449804,5,0
29,36449904,34,0
30,36449985,-53,0
31,36450068,-19,0
32,36450163,42,0
33,36450262,-43,0
34,36450347,-42,0
35,36450443,41,0
36,36450527,-20,0
37,36450615,-59,0
38,36450709,27,0
39,36450794,9,0
40,36450875,-59,0
41,36450964,13,0
42,36451044,30,0
43,36451127,-61,0
44,36451227,-9,0
45,36451311,45,0
46,36451399,-41,0
47,36451494,-32,0
48,36451575,30,0
49,36451657,-52,0
50,36451741,-15,0
51,36451840,43,0
52,36451936,-37,0
53,36452032,-34,0
54,36452126,44,0
55,36452216,-17,0
56,36452305,-51,0
57,36452402,35,0
58,36452490,6,0
59,36452575,3,0
60,36452675,18,0
61,36452759,26,0
62,36452859,-57,0
63,36452945,-4,0
64,36453029,42,0
65,36453109,-47,0
66,36453207,-28,0
67,36453289,45,0
68,36453381,-24,0
69,36453472,-48,0
70,36453568,40,0
71,36453660,32,0
72,36453743,-59,0
73,36453833,24,0
74,36453924,18,0
75,36454009,-56,0
76,36454098,6,0
77,36454186,35,0
78,36454272,-52,0
79,36454367,-20,0
80,36454460,48,0
81,36454542,-37,0
82,36454637,-46,0
83,36454721,46,0
84,36454820,-10,0
85,36454908,-56,0
86,36454997,30,0
87,36455087,9,0
88,36455183,-63,0
89,36455268,10,0
90,36455356,31,0
91,36455453,-56,0
92,36455539,-10,0
93,36455633,43,0
94,36455725,-43,0
95,36455806,30,0
96,36455892,45,0
97,36455989,-21,0
98,36456081,-52,0
99,36456167,38,0
100,36456257,4,0
101,36456354,-59,0
102,36456448,15,0
103,36456531,25,0
104,36456613,-61,0
105,36456710,-1,0
106,36456805,37,0
107,36456886,6,0
108,36456974,-28,0
109,36457073,48,0
110,36457161,-27,0
111,36457245,-46,0
112,36457330,41,0
113,36457429,-9,0
114,36457519,-54,0
115,36457618,26,0
116,36457700,16,0
117,36457789,-64,0
118,36457879,1,0
119,36457977,-28,0
120,36458065,-54,0
121,36458146,-19,0
122,36458233,45,0
123,36458331,-32,0
124,36458430,-41,0
125,36458513,42,0
126,36458607,-13,0
127,36458704,-55,0
128,36458792,30,0
129,36458872,12,0
130,36458955,-60,0
131,36459048,-53,0
132,36459135,28,0
133,36459235,-58,0
134,36459320,-15,0
135,36459411,42,0
136,36459496,-43,0
137,36459592,-37,0
138,36459676,45,0
139,36459765,-20,0
140,36459858,-53,0
141,36459951,34,0
142,36460040,9,0
143,36460136,-59,0
144,36460221,18,0
145,36460316,25,0
146,36460406,-60,0
147,36460490,-2,0
148,36460588,37,0
149,36460674,-48,0
150,36460771,-33,0
151,36460852,42,0
152,36460932,-28,0
153,36461013,-47,0
154,36461108,-47,0
155,36461202,7,0
156,36461299,-60,0
157,36461398,26,0
158,36461498,21,0
159,36461597,-59,0
160,36461677,0,0
161,36461775,35,0
162,36461855,-54,0
163,36461953,-20,0
164,36462034,42,0
165,36462115,-33,0
166,36462205,-14,0
167,36462287,41,0
168,36462385,-11,0
169,36462482,-58,0
170,36462579,30,0
171,36462660,13,0
172,36462757,-57,0
173,36462849,10,0
174,36462942,35,0
175,36463033,-56,0
176,36463133,-15,0
177,36463230,49,0
178,36463328,22,0
179,36463417,-34,0
180,36463498,45,0
181,36463595,-19,0
182,36463691,-51,0
183,36463778,37,0
184,36463869,12,0
185,36463956,-59,0
186,36464045,18,0
187,36464127,32,0
188,36464219,-56,0
189,36464315,-1,0
190,36464401,48,0
191,36464486,-42,0
192,36464567,-24,0
193,36464656,52,0
194,36464750,-17,0
195,36464835,-42,0
196,36464927,48,0
197,36465018,13,0
198,36465118,-47,0
199,36465214,41,0
200,36465313,37,0
201,36465399,-40,0
202,36465490,65,0
203,36465586,65,0
204,36465681,-14,0
205,36465775,17,0
206,36465870,88,0
207,36465953,22,1
208,36466034,22,1
209,36466123,114,1
210,36466203,81,1
211,36466285,51,1
212,36466380,156,1
213,36466470,148,1
214,36466570,158,1
215,36466655,140,1
216,36466739,162,1
217,36466838,84,1
218,36466928,132,1
219,36467011,186,1
220,36467098,76,1
221,36467191,62,1
222,36467275,113,1
223,36467368,20,1
224,36467468,-31,1
225,36467560,61,1
226,36467642,26,1
227,36467741,-13,1
228,36467831,67,1
229,36467931,75,1
230,36468028,4,1
231,36468110,63,1
232,36468198,126,1
233,36468280,48,1
234,36468360,85,1
235,36468444,173,1
236,36468537,111,1
237,36468624,103,1
238,36468711,104,1
239,36468803,147,1
240,36468886,95,1
241,36468968,177,1
242,36469048,166,1
243,36469129,71,1
244,36469220,124,1
245,36469308,144,1
246,36469402,51,1
247,36469485,80,1
248,36469573,140,1
249,36469670,58,1
250,36469764,40,1
251,36469857,142,1
252,36469947,84,1
253,36470038,45,1
254,36470133,126,1
255,36470220,111,1
256,36470300,33,1
257,36470393,111,1
258,36470482,129,1
259,36470580,40,1
260,36470666,92,1
261,36470762,138,1
262,36470858,45,1
263,36470940,67,1
264,36471029,146,1
265,36471128,75,1
266,36471226,50,1
267,36471306,138,1
268,36471392,98,1
269,36471476,34,1
270,36471563,120,1
271,36471663,118,1
272,36471753,38,1
273,36471844,101,1
274,36471930,73,1
275,36472027,47,1
276,36472110,79,1
277,36472192,144,1
278,36472275,66,1
279,36472361,54,1
280,36472452,142,1
281,36472548,83,1
282,36472646,44,1
283,36472743,130,1
284,36472841,109,1
285,36472931,40,1
286,36473022,116,1
287,36473111,126,1
288,36473198,40,1
289,36473278,94,1
290,36473363,141,1
291,36473463,53,1
292,36473557,66,1
293,36473653,142,1
294,36473739,77,1
295,36473827,50,1
296,36473911,140,1
297,36474007,140,1
298,36474088,36,1
299,36474175,121,1
300,36474273,114,1
301,36474353,40,1
302,36474438,101,1
303,36474523,133,1
304,36474623,43,1
305,36474708,77,1
306,36474789,141,1
307,36474875,58,1
308,36474964,61,1
309,36475054,140,1
310,36475147,86,1
311,36475232,39,1
312,36475318,129,1
313,36475417,105,1
314,36475508,34,1
315,36475601,114,1
316,36475693,122,1
317,36475781,42,1
318,36475874,91,1
319,36475959,136,1
320,36476040,45,1
321,36476139,112,1
322,36476220,144,1
323,36476320,66,1
324,36476400,51,1
325,36476499,138,1
326,36476593,89,1
327,36476689,40,1
328,36476785,123,1
329,36476882,110,1
330,36476971,32,1
331,36477058,109,1
332,36477140,129,1
333,36477232,75,1
334,36477317,80,1
335,36477414,138,1
336,36477513,55,1
337,36477601,63,1
338,36477688,147,1
339,36477781,72,1
340,36477870,45,1
341,36477966,136,1
342,36478058,96,1
343,36478154,43,1
344,36478237,120,1
345,36478334,37,1
346,36478434,36,1
347,36478519,102,1
348,36478615,132,1
349,36478707,42,1
350,36478792,81,1
351,36478879,141,1
352,36478978,56,1
353,36479076,60,1
354,36479169,144,1
355,36479269,77,1
356,36479369,48,1
357,36479468,36,1
358,36479566,100,1
359,36479659,37,1
360,36479754,119,1
361,36479843,120,1
362,36479943,36,1
363,36480030,99,1
364,36480129,135,1
365,36480223,48,1
366,36480320,78,1
367,36480414,142,1
368,36480495,64,1
369,36480579,70,1
370,36480678,140,1
371,36480760,80,1
372,36480846,43,1
373,36480935,134,1
374,36481019,104,1
375,36481106,33,1
376,36481186,115,1
377,36481267,119,1
378,36481361,36,1
379,36481453,94,1
380,36481550,133,1
381,36481636,112,1
382,36481725,77,1
383,36481821,142,1
384,36481904,62,1
385,36481995,56,1
386,36482076,138,1
387,36482160,80,1
388,36482240,39,1
389,36482339,132,1
390,36482419,105,1
391,36482517,33,1
392,36482616,118,1
393,36482707,142,1
394,36482796,39,1
395,36482881,96,1
396,36482977,130,1
397,36483062,42,1
398,36483160,74,1
399,36483245,138,1
400,36483335,59,1
401,36483434,55,1
402,36483522,138,1
403,36483606,81,1
404,36483692,40,1
405,36483776,33,1
406,36483873,101,1
407,36483960,35,1
408,36484049,115,1
409,36484134,117,1
410,36484223,40,1
411,36484317,97,1
412,36484399,130,1
413,36484488,45,1
414,36484583,78,1
415,36484681,139,1
416,36484771,58,1
417,36484857,74,1
418,36484957,143,1
419,36485053,77,1
420,36485137,45,1
421,36485223,138,1
422,36485315,96,1
423,36485411,33,1
424,36485502,121,1
425,36485602,113,1
426,36485695,37,1
427,36485794,99,1
428,36485879,130,1
429,36485969,124,1
430,36486060,82,1
431,36486157,140,1
432,36486247,58,1
433,36486328,63,1
434,36486421,139,1
435,36486506,71,1
436,36486604,49,1
437,36486703,136,1
438,36486797,87,1
439,36486877,37,1
440,36486962,122,1
441,36487050,143,1
442,36487146,34,1
443,36487233,110,1
444,36487319,122,1
445,36487415,41,1
446,36487498,88,1
447,36487584,134,1
448,36487666,47,1
449,36487746,68,1
450,36487828,142,1
451,36487916,66,1
452,36488000,51,1
453,36488086,112,1
454,36488184,81,1
455,36488269,40,1
456,36488354,134,1
457,36488454,98,1
458,36488549,31,1
459,36488633,119,1
460,36488729,119,1
461,36488817,38,1
462,36488908,100,1
463,36489001,132,1
464,36489087,46,1
465,36489187,57,1
466,36489285,137,1
467,36489366,58,1
468,36489447,59,1
469,36489544,137,1
470,36489644,75,1
471,36489734,46,1
472,36489819,132,1
473,36489907,90,1
474,36489997,38,1
475,36490085,125,1
476,36490165,103,1
477,36490258,39,1
478,36490358,108,1
479,36490447,123,1
480,36490540,37,1
481,36490632,91,1
482,36490713,142,1
483,36490813,48,1
484,36490905,74,1
485,36491005,142,1
486,36491097,60,1
487,36491182,57,1
488,36491271,139,1
489,36491371,77,1
490,36491461,43,1
491,36491560,132,1
492,36491660,99,1
493,36491741,37,1
494,36491837,121,1
495,36491918,117,1
496,36492014,37,1
497,36492096,105,1
498,36492190,130,1
499,36492282,41,1
500,36492367,85,1
501,36492451,127,1
502,36492550,53,1
503,36492641,65,1
504,36492739,142,1
505,36492831,69,1
506,36492914,50,1
507,36493003,137,1
508,36493086,84,1
509,36493186,38,1
510,36493286,133,1
511,36493377,110,1
512,36493476,36,1
513,36493560,139,1
514,36493656,123,1
515,36493756,36,1
516,36493849,98,1
517,36493948,129,1
518,36494028,40,1
519,36494119,82,1
520,36494208,143,1
521,36494307,57,1
522,36494392,59,1
523,36494491,141,1
524,36494576,72,1
525,36494674,95,1
526,36494768,139,1
527,36494848,96,1
528,36494940,34,1
529,36495038,125,1
530,36495130,109,1
531,36495218,36,1
532,36495306,112,1
533,36495394,127,1
534,36495474,34,1
535,36495569,95,1
536,36495660,135,1
537,36495742,38,1
538,36495834,75,1
539,36495920,140,1
540,36496002,60,1
541,36496084,59,1
542,36496179,139,1
543,36496269,76,1
544,36496364,46,1
545,36496455,139,1
546,36496535,92,1
547,36496631,38,1
548,36496716,123,1
549,36496811,49,1
550,36496907,35,1
551,36496993,107,1
552,36497091,126,1
553,36497172,40,1
554,36497252,94,1
555,36497347,132,1
556,36497442,47,1
557,36497539,68,1
558,36497626,143,1
559,36497721,60,1
560,36497817,56,1
561,36497900,101,1
562,36497980,81,1
563,36498076,45,1
564,36498164,136,1
565,36498245,95,1
566,36498333,40,1
567,36498414,118,1
568,36498512,113,1
569,36498603,31,1
570,36498683,106,1
571,36498764,127,1
572,36498856,36,1
573,36498956,138,1
574,36499052,139,1
575,36499142,50,1
576,36499241,75,1
577,36499336,142,1
578,36499427,64,1
579,36499509,58,1
580,36499590,142,1
581,36499687,80,1
582,36499783,44,1
583,36499876,141,1
584,36499961,102,1
585,36500043,119,1
586,36500129,126,1
587,36500225,118,1
588,36500317,35,1
589,36500406,106,1
590,36500490,124,1
591,36500584,36,1
592,36500673,90,1
593,36500765,142,1
594,36500847,48,1
595,36500934,74,1
596,36501024,140,1
597,36501112,47,1
598,36501193,55,1
599,36501285,140,1
600,36501371,78,1
601,36501459,43,1
602,36501549,137,1
603,36501630,97,1
604,36501715,40,1
605,36501806,121,1
606,36501893,116,1
607,36501987,35,1
608,36502075,110,1
609,36502162,45,1
610,36502259,41,1
611,36502345,93,1
612,36502441,135,1
613,36502521,46,1
614,36502608,75,1
615,36502692,141,1
616,36502790,59,1
617,36502886,58,1
618,36502968,140,1
619,36503060,75,1
620,36503154,44,1
621,36503254,85,1
622,36503337,95,1
623,36503436,36,1
624,36503524,124,1
625,36503605,111,1
626,36503700,35,1
627,36503798,112,1
628,36503891,124,1
629,36503975,41,1
630,36504062,90,1
631,36504159,137,1
632,36504247,50,1
633,36504335,132,1
634,36504415,141,1
635,36504495,58,1
636,36504583,55,1
637,36504670,140,1
638,36504763,82,1
639,36504856,43,1
640,36504947,137,1
641,36505036,97,1
642,36505136,39,1
643,36505223,123,1
644,36505305,111,1
645,36505385,128,1
646,36505477,112,1
647,36505572,127,1
648,36505656,37,1
649,36505739,95,1
650,36505838,136,1
651,36505926,47,1
652,36506008,75,1
653,36506092,140,1
654,36506187,63,1
655,36506281,57,1
656,36506375,140,1
657,36506461,62,1
658,36506554,49,1
659,36506648,136,1
660,36506731,96,1
661,36506821,40,1
662,36506909,125,1
663,36507007,112,1
664,36507097,33,1
665,36507193,109,1
666,36507274,123,1
667,36507361,42,1
668,36507449,91,1
669,36507529,37,1
670,36507611,51,1
671,36507707,71,1
672,36507801,140,1
673,36507893,57,1
674,36507986,54,1
675,36508086,142,1
676,36508170,73,1
677,36508264,46,1
678,36508362,145,1
679,36508457,113,1
680,36508548,70,1
681,36508646,115,1
682,36508731,163,1
683,36508831,86,1
684,36508917,153,1
685,36509004,171,1
686,36509098,75,1
687,36509182,100,1
688,36509268,122,1
689,36509354,18,1
690,36509435,36,1
691,36509526,93,1
692,36509620,7,1
693,36509700,61,1
694,36509800,66,1
695,36509892,16,1
696,36509976,40,1
697,36510058,160,1
698,36510143,145,1
699,36510240,92,1
700,36510331,169,1
701,36510419,145,1
702,36510506,74,1
703,36510599,154,1
704,36510679,161,1
705,36510768,154,1
706,36510861,88,1
707,36510952,117,1
708,36511046,14,1
709,36511129,28,1
710,36511221,89,1
711,36511313,1,1
712,36511406,-11,0
713,36511504,69,0
714,36511599,0,0
715,36511684,-35,0
716,36511776,55,0
717,36511861,-9,0
718,36511954,-49,0
719,36512035,38,0
720,36512125,20,0
721,36512219,-52,0
722,36512299,18,0
723,36512398,32,0
724,36512478,-52,0
725,36512574,-1,0
726,36512670,39,0
727,36512769,-51,0
728,36512864,-22,0
729,36512963,-52,0
730,36513061,-39,0
731,36513157,-38,0
732,36513255,48,0
733,36513349,-17,0
734,36513449,-48,0
735,36513548,37,0
736,36513629,-1,0
737,36513718,-57,0
738,36513815,28,0
739,36513897,13,0
740,36513991,-60,0
741,36514084,-42,0
742,36514168,33,0
743,36514268,-52,0
744,36514360,-2,0
745,36514455,37,0
746,36514543,-56,0
747,36514638,-20,0
748,36514725,47,0
749,36514823,-34,0
750,36514904,-36,0
751,36514986,46,0
752,36515086,-20,0
753,36515174,17,0
754,36515256,37,0
755,36515340,-2,0
756,36515420,-59,0
757,36515506,31,0
758,36515598,12,0
759,36515689,-61,0
760,36515787,12,0
761,36515870,28,0
762,36515950,-56,0
763,36516045,-2,0
764,36516140,36,0
765,36516220,41,0
766,36516316,-23,0
767,36516396,46,0
768,36516480,-37,0
769,36516575,-36,0
770,36516660,43,0
771,36516746,-21,0
772,36516843,-52,0
773,36516939,38,0
774,36517028,-3,0
775,36517124,-56,0
776,36517215,26,0
777,36517298,0,0
778,36517386,-62,0
779,36517474,15,0
780,36517562,30,0
781,36517650,-57,0
782,36517730,-4,0
783,36517819,43,0
784,36517909,-50,0
785,36518007,-18,0
786,36518090,44,0
787,36518183,-33,0
788,36518268,-39,0
789,36518368,-53,0
790,36518452,-17,0
791,36518545,-54,0
792,36518626,40,0
793,36518714,0,0
794,36518808,-61,0
795,36518894,27,0
796,36518982,16,0
797,36519079,-63,0
798,36519166,11,0
799,36519262,29,0
800,36519350,-57,0
801,36519448,-52,0
802,36519545,38,0
803,36519633,-51,0
804,36519732,-26,0
805,36519819,42,0
806,36519903,-32,0
807,36520002,-43,0
808,36520099,41,0
809,36520190,-23,0
810,36520272,-51,0
811,36520357,38,0
812,36520448,1,0
813,36520541,-6,0
814,36520628,26,0
815,36520718,16,0
816,36520802,-64,0
817,36520889,10,0
818,36520979,33,0
819,36521072,-57,0
820,36521156,-7,0
821,36521240,40,0
822,36521334,-48,0
823,36521431,-24,0
824,36521530,48,0
825,36521629,44,0
826,36521720,-39,0
827,36521815,44,0
828,36521902,-18,0
829,36521998,-54,0
830,36522098,36,0
831,36522178,3,0
832,36522278,-61,0
833,36522359,23,0
834,36522457,22,0
835,36522549,-58,0
836,36522631,9,0
837,36522717,19,0
838,36522803,-52,0
839,36522893,-7,0
840,36522974,40,0
841,36523068,-43,0
842,36523159,-29,0
843,36523259,46,0
844,36523343,-26,0
845,36523439,-45,0
846,36523524,44,0
847,36523623,-14,0
848,36523713,-56,0
849,36523806,-41,0
850,36523902,3,0
851,36523990,-58,0
852,36524078,17,0
853,36524175,17,0
854,36524267,-57,0
855,36524365,2,0
856,36524451,32,0
857,36524535,-57,0
858,36524626,-15,0
859,36524714,37,0
860,36524808,-42,0
861,36524906,-61,0
862,36524991,44,0
863,36525074,-30,0
864,36525168,-45,0
865,36525255,39,0
866,36525349,-14,0
867,36525446,-54,0
868,36525541,31,0
869,36525628,2,0
870,36525722,-56,0
871,36525815,23,0
872,36525902,21,0
873,36525983,-29,0
874,36526077,2,0
875,36526162,38,0
876,36526255,-57,0
877,36526351,-17,0
878,36526436,43,0
879,36526526,-43,0
880,36526616,-34,0
881,36526713,43,0
882,36526809,-26,0
883,36526896,-48,0
884,36526994,39,0
885,36527093,27,0
886,36527190,-58,0
887,36527280,33,0
888,36527368,11,0
889,36527449,-62,0
890,36527546,15,0
891,36527643,27,0
892,36527735,-57,0
893,36527816,-2,0
894,36527901,36,0
895,36527995,-47,0
896,36528089,-18,0
897,36528182,40,0
898,36528280,-40,0
899,36528378,-36,0
900,36528469,46,0
901,36528551,-24,0
902,36528639,-51,0
903,36528737,41,0
904,36528834,-9,0
905,36528919,-59,0
906,36529004,29,0
907,36529091,14,0
908,36529171,-61,0
909,36529258,-10,0
910,36529345,30,0
911,36529441,-61,0
912,36529525,-4,0
913,36529619,41,0
914,36529701,-48,0
915,36529786,-23,0
