8046,1616113424328,601,0
8047,1616113424423,503,0
8048,1616113424517,609,0
8049,1616113424611,613,0
8050,1616113424705,518,0
8051,1616113424799,525,0
8052,1616113424893,611,0
8053,1616113424987,547,0
8054,1616113425081,507,0
8055,1616113425175,604,0
8056,1616113425269,565,0
8057,1616113425363,497,0
8058,1616113425457,583,0
8059,1616113425551,592,0
8060,1616113425642,607,0
8061,1616113425737,561,0
8062,1616113425832,608,0
8063,1616113425927,516,0
8064,1616113426022,534,0
8065,1616113426117,612,0
8066,1616113426212,540,0
8067,1616113426307,511,0
8068,1616113426402,605,0
8069,1616113426497,559,0
8070,1616113426592,502,0
8071,1616113426687,589,0
8072,1616113426782,575,0
8073,1616113426871,499,0
8074,1616113426964,566,0
8075,1616113427057,609,0
8076,1616113427150,511,0
8077,1616113427243,536,0
8078,1616113427336,612,0
8079,1616113427429,533,0
8080,1616113427522,513,0
8081,1616113427615,606,0
8082,1616113427708,558,0
8083,1616113427801,499,0
8084,1616113427894,537,0
8085,1616113427987,581,0
8086,1616113428086,502,0
8087,1616113428180,567,0
8088,1616113428274,602,0
8089,1616113428368,510,0
8090,1616113428462,544,0
8091,1616113428556,612,0
8092,1616113428650,528,0
8093,1616113428744,520,0
8094,1616113428838,606,0
8095,1616113428932,554,0
8096,1616113429026,509,0
8097,1616113429120,598,0
8098,1616113429214,585,0
8099,1616113429308,497,0
8100,1616113429402,573,0
8101,1616113429496,600,0
8102,1616113429590,509,0
8103,1616113429684,553,0
8104,1616113429778,613,0
8105,1616113429872,526,0
8106,1616113429966,532,0
8107,1616113430060,614,0
8108,1616113430154,507,0
8109,1616113430248,508,0
8110,1616113430342,602,0
8111,1616113430436,575,0
8112,1616113430526,504,0
8113,1616113430620,585,0
8114,1616113430714,601,0
8115,1616113430808,506,0
8116,1616113430902,557,0
8117,1616113430996,608,0
8118,1616113431090,522,0
8119,1616113431184,532,0
8120,1616113431278,510,0
8121,1616113431372,545,0
8122,1616113431466,518,0
8123,1616113431560,612,0
8124,1616113431654,571,0
8125,1616113431744,507,1
8126,1616113431838,595,1
8127,1616113431932,612,1
8128,1616113432026,521,1
8129,1616113432120,594,1
8130,1616113432214,656,1
8131,1616113432308,579,1
8132,1616113432402,628,1
8133,1616113432496,313,1
8134,1616113432590,82,1
8135,1616113432684,462,1
8136,1616113432778,984,1
8137,1616113432872,445,1
8138,1616113432969,540,1
8139,1616113433064,405,1
8140,1616113433159,279,1
8141,1616113433254,233,1
8142,1616113433349,361,1
8143,1616113433444,579,1
8144,1616113433539,573,1
8145,1616113433634,541,1
8146,1616113433729,615,0
8147,1616113433824,529,0
8148,1616113433919,519,0
8149,1616113434014,608,0
8150,1616113434109,557,0
8151,1616113434209,501,0
8152,1616113434302,594,0
8153,1616113434395,583,0
8154,1616113434488,497,0
8155,1616113434581,571,0
8156,1616113434674,606,0
8157,1616113434767,505,0
8158,1616113434860,547,0
8159,1616113434953,612,0
8160,1616113435046,527,0
8161,1616113435139,523,0
8162,1616113435232,610,0
8163,1616113435325,545,0
8164,1616113435424,505,0
8165,1616113435518,601,0
8166,1616113435612,575,0
8167,1616113435706,501,0
8168,1616113435800,611,0
8169,1616113435894,597,0
8170,1616113435988,504,0
8171,1616113436082,552,0
8172,1616113436176,614,0
8173,1616113436270,521,0
8174,1616113436364,526,0
8175,1616113436458,615,0
8176,1616113436552,543,0
8177,1616113436642,509,0
8178,1616113436736,600,0
8179,1616113436830,571,0
8180,1616113436924,595,0
8181,1616113437018,583,0
8182,1616113437112,594,0
8183,1616113437206,503,0
8184,1616113437300,556,0
8185,1616113437394,608,0
8186,1616113437488,517,0
8187,1616113437582,533,0
8188,1616113437676,610,0
8189,1616113437770,539,0
8190,1616113437861,513,0
8191,1616113437955,606,0
8192,1616113438049,551,0
8193,1616113438143,505,0
8194,1616113438237,593,0
8195,1616113438331,592,0
8196,1616113438425,498,0
8197,1616113438519,568,0
8198,1616113438613,609,0
8199,1616113438707,518,0
8200,1616113438801,544,0
8201,1616113438895,615,0
8202,1616113438989,539,0
8203,1616113439079,523,0
8204,1616113439173,523,0
8205,1616113439267,567,1
8206,1616113439361,514,1
8207,1616113439455,604,1
8208,1616113439549,598,1
8209,1616113439643,517,1
8210,1616113439737,594,1
8211,1616113439831,635,1
8212,1616113439925,556,1
8213,1616113440019,618,1
8214,1616113440113,709,1
8215,1616113440207,644,1
8216,1616113440297,831,1
8217,1616113440391,1015,1
8218,1616113440485,774,1
8219,1616113440579,408,1
8220,1616113440673,468,1
8221,1616113440767,370,1
8222,1616113440861,435,1
8223,1616113440955,555,1
8224,1616113441049,467,1
8225,1616113441143,329,1
8226,1616113441237,386,1
8227,1616113441331,469,1
8228,1616113441425,490,1
8229,1616113441516,591,1
8230,1616113441610,593,1
8231,1616113441704,548,1
8232,1616113441798,518,1
8233,1616113441892,611,1
8234,1616113441986,581,1
8235,1616113442080,507,1
8236,1616113442174,586,0
8237,1616113442268,600,0
8238,1616113442362,505,0
8239,1616113442456,556,0
8240,1616113442550,529,0
8241,1616113442644,519,0
8242,1616113442737,530,0
8243,1616113442831,613,0
8244,1616113442925,540,0
8245,1616113443019,512,0
8246,1616113443113,605,0
8247,1616113443207,570,0
8248,1616113443301,503,0
8249,1616113443395,585,0
8250,1616113443489,595,0
8251,1616113443583,502,0
8252,1616113443677,570,0
8253,1616113443771,612,0
8254,1616113443865,513,0
8255,1616113443955,533,0
8256,1616113444050,612,0
8257,1616113444145,533,0
8258,1616113444240,509,0
8259,1616113444335,606,0
8260,1616113444430,566,0
8261,1616113444525,501,0
8262,1616113444620,593,0
8263,1616113444715,588,0
8264,1616113444810,600,0
8265,1616113444905,565,0
8266,1616113445000,604,0
8267,1616113445095,514,0
8268,1616113445185,536,0
8269,1616113445279,613,0
8270,1616113445373,535,0
8271,1616113445467,516,0
8272,1616113445561,608,0
8273,1616113445655,555,0
8274,1616113445749,503,0
8275,1616113445843,594,0
8276,1616113445937,613,0
8277,1616113446031,501,0
8278,1616113446125,569,0
8279,1616113446219,603,0
8280,1616113446313,510,0
8281,1616113446410,542,0
8282,1616113446504,609,0
8283,1616113446598,528,0
