5086,1618476458434,557,0
5087,1618476458528,586,0
5088,1618476458622,567,0
5089,1618476458716,555,0
5090,1618476458810,583,0
5091,1618476458904,574,0
5092,1618476458998,552,0
5093,1618476459092,579,0
5094,1618476459186,581,0
5095,1618476459280,554,0
5096,1618476459369,572,0
5097,1618476459463,582,0
5098,1618476459557,556,0
5099,1618476459651,570,0
5100,1618476459745,561,0
5101,1618476459839,560,0
5102,1618476459933,563,0
5103,1618476460027,588,0
5104,1618476460121,568,0
5105,1618476460215,557,0
5106,1618476460309,585,0
5107,1618476460403,573,0
5108,1618476460497,555,0
5109,1618476460586,584,0
5110,1618476460680,579,0
5111,1618476460774,553,0
5112,1618476460868,562,0
5113,1618476460962,577,0
5114,1618476461056,560,0
5115,1618476461150,575,0
5116,1618476461244,582,0
5117,1618476461338,553,0
5118,1618476461432,570,0
5119,1618476461526,586,0
5120,1618476461620,563,0
5121,1618476461714,559,0
5122,1618476461805,586,0
5123,1618476461899,566,0
5124,1618476461993,577,0
5125,1618476462087,583,0
5126,1618476462181,571,0
5127,1618476462275,553,0
5128,1618476462369,583,0
5129,1618476462463,572,0
5130,1618476462557,549,0
5131,1618476462651,573,0
5132,1618476462745,574,0
5133,1618476462839,548,0
5134,1618476462933,565,0
5135,1618476463024,569,0
5136,1618476463118,572,0
5137,1618476463212,545,0
5138,1618476463306,555,0
5139,1618476463400,542,0
5140,1618476463494,534,1
5141,1618476463588,568,1
5142,1618476463682,588,1
5143,1618476463776,509,1
5144,1618476463870,486,1
5145,1618476463964,611,1
5146,1618476464058,642,1
5147,1618476464152,654,1
5148,1618476464242,623,1
5149,1618476464336,555,1
5150,1618476464430,555,1
5151,1618476464524,557,1
5152,1618476464618,507,1
5153,1618476464712,494,1
5154,1618476464806,487,1
5155,1618476464900,427,1
5156,1618476464994,437,1
5157,1618476465088,552,1
5158,1618476465182,570,1
5159,1618476465276,537,1
5160,1618476465370,604,1
5161,1618476465462,632,1
5162,1618476465556,615,1
5163,1618476465650,648,1
5164,1618476465744,649,1
5165,1618476465838,638,1
5166,1618476465932,657,1
5167,1618476466026,639,1
5168,1618476466120,607,1
5169,1618476466214,619,1
5170,1618476466308,620,1
5171,1618476466402,584,1
5172,1618476466496,584,1
5173,1618476466590,607,1
5174,1618476466679,576,1
5175,1618476466773,580,1
5176,1618476466867,596,0
5177,1618476466961,576,0
5178,1618476467055,568,0
5179,1618476467149,594,0
5180,1618476467243,570,0
5181,1618476467337,563,0
5182,1618476467431,590,0
5183,1618476467525,578,0
5184,1618476467619,579,0
5185,1618476467713,589,0
5186,1618476467807,579,0
5187,1618476467899,555,0
5188,1618476467993,581,0
5189,1618476468087,585,0
5190,1618476468181,561,0
5191,1618476468275,575,0
5192,1618476468369,589,0
5193,1618476468463,561,0
5194,1618476468557,567,0
5195,1618476468651,591,0
5196,1618476468745,588,0
5197,1618476468839,563,0
5198,1618476468933,589,0
5199,1618476469027,570,0
5200,1618476469119,559,0
5201,1618476469213,585,0
5202,1618476469307,578,0
5203,1618476469401,551,0
5204,1618476469495,583,0
5205,1618476469589,579,0
5206,1618476469683,557,0
5207,1618476469777,576,0
5208,1618476469871,579,0
5209,1618476469965,555,0
5210,1618476470059,573,0
5211,1618476470153,587,0
5212,1618476470247,560,0
5213,1618476470338,570,0
5214,1618476470432,588,0
5215,1618476470526,569,0
5216,1618476470620,565,0
5217,1618476470714,587,0
5218,1618476470808,569,0
5219,1618476470902,556,0
5220,1618476470996,564,0
5221,1618476471090,577,0
5222,1618476471184,557,0
5223,1618476471278,584,0
5224,1618476471372,579,0
5225,1618476471466,556,0
5226,1618476471557,582,0
5227,1618476471651,588,0
5228,1618476471745,557,0
5229,1618476471839,573,0
5230,1618476471933,586,0
5231,1618476472027,559,0
5232,1618476472121,554,0
5233,1618476472215,592,0
5234,1618476472309,565,0
5235,1618476472403,563,0
5236,1618476472497,589,0
5237,1618476472591,573,0
5238,1618476472685,561,0
5239,1618476472776,586,0
5240,1618476472870,573,0
5241,1618476472964,557,0
5242,1618476473058,581,0
5243,1618476473152,581,0
5244,1618476473246,567,0
5245,1618476473340,577,0
5246,1618476473434,588,0
5247,1618476473528,560,0
5248,1618476473622,572,0
5249,1618476473716,586,0
5250,1618476473810,557,0
5251,1618476473904,567,0
5252,1618476473993,588,0
5253,1618476474087,568,0
5254,1618476474181,558,0
5255,1618476474275,590,0
5256,1618476474369,585,0
5257,1618476474463,559,0
5258,1618476474557,586,0
5259,1618476474651,577,0
5260,1618476474745,561,0
5261,1618476474839,582,0
5262,1618476474933,579,0
5263,1618476475027,557,0
5264,1618476475121,575,0
5265,1618476475213,582,0
5266,1618476475307,560,0
5267,1618476475401,576,0
5268,1618476475495,582,0
5269,1618476475589,564,0
5270,1618476475683,571,0
5271,1618476475777,591,0
5272,1618476475871,568,0
5273,1618476475965,563,0
5274,1618476476059,590,0
5275,1618476476153,573,1
5276,1618476476247,562,1
5277,1618476476341,583,1
5278,1618476476431,579,1
5279,1618476476525,560,1
5280,1618476476619,575,1
5281,1618476476713,585,1
5282,1618476476807,559,1
5283,1618476476901,584,1
5284,1618476476995,597,1
5285,1618476477089,571,1
5286,1618476477183,584,1
5287,1618476477277,607,1
5288,1618476477371,588,1
5289,1618476477465,606,1
5290,1618476477559,651,1
5291,1618476477651,642,1
5292,1618476477745,642,1
5293,1618476477839,655,1
5294,1618476477933,628,1
5295,1618476478027,544,1
5296,1618476478121,468,1
5297,1618476478215,473,1
5298,1618476478309,515,1
5299,1618476478403,552,1
5300,1618476478497,646,1
5301,1618476478591,646,1
5302,1618476478685,495,1
5303,1618476478779,594,1
5304,1618476478868,548,1
5305,1618476479432,544,1
5306,1618476479996,569,1
5307,1618476480560,552,1
5308,1618476481124,555,1
5309,1618476481688,582,1
5310,1618476482252,565,1
5311,1618476482816,557,0
5312,1618476483380,582,0
5313,1618476483944,567,0
5314,1618476484508,555,0
5315,1618476485072,587,0
5316,1618476485636,576,0
5317,1618476486201,565,0
5318,1618476486295,580,0
5319,1618476486389,578,0
5320,1618476486483,556,0
5321,1618476486577,575,0
5322,1618476486671,589,0
5323,1618476486765,557,0
5324,1618476486859,568,0
5325,1618476486953,588,0
5326,1618476487047,565,0
5327,1618476487141,562,0
5328,1618476487235,586,0
5329,1618476487329,565,0
5330,1618476487426,557,0
5331,1618476487520,590,0
5332,1618476487614,572,0
5333,1618476487708,553,0
5334,1618476487802,581,0
5335,1618476487896,579,0
5336,1618476487990,555,0
5337,1618476488084,574,0
5338,1618476488178,583,0
5339,1618476488272,557,0
5340,1618476488366,577,0
5341,1618476488460,579,0
5342,1618476488554,560,0
5343,1618476488644,570,0
5344,1618476488738,585,0
5345,1618476488832,561,0
5346,1618476488926,564,0
5347,1618476489020,589,0
5348,1618476489114,567,0
5349,1618476489208,558,0
5350,1618476489302,588,0
5351,1618476489396,573,0
5352,1618476489490,556,0
5353,1618476489584,581,0
5354,1618476489678,577,0
5355,1618476489772,550,0
5356,1618476489864,579,0
5357,1618476489958,582,0
5358,1618476490052,556,0
5359,1618476490146,576,0
5360,1618476490240,587,0
5361,1618476490334,561,0
5362,1618476490428,566,0
5363,1618476490522,585,0
5364,1618476490616,557,0
