2347,1618476200944,506,0
2348,1618476201038,554,0
2349,1618476201132,516,0
2350,1618476201226,498,0
2351,1618476201320,497,0
2352,1618476201414,528,0
2353,1618476201503,493,0
2354,1618476201596,545,0
2355,1618476201689,535,0
2356,1618476201782,490,0
2357,1618476201875,536,0
2358,1618476201968,544,0
2359,1618476202061,492,0
2360,1618476202154,529,0
2361,1618476202247,550,0
2362,1618476202340,502,0
2363,1618476202433,529,0
2364,1618476202526,555,0
2365,1618476202619,508,0
2366,1618476202718,506,0
2367,1618476202812,555,0
2368,1618476202906,515,0
2369,1618476203000,500,0
2370,1618476203094,553,0
2371,1618476203188,530,0
2372,1618476203282,497,0
2373,1618476203376,544,0
2374,1618476203470,540,0
2375,1618476203564,551,0
2376,1618476203658,535,0
2377,1618476203752,546,0
2378,1618476203846,501,0
2379,1618476203945,531,0
2380,1618476204039,550,0
2381,1618476204133,500,0
2382,1618476204227,514,0
2383,1618476204321,553,0
2384,1618476204415,509,0
2385,1618476204509,506,0
2386,1618476204603,556,0
2387,1618476204697,550,0
2388,1618476204791,499,0
2389,1618476204885,554,0
2390,1618476204979,525,0
2391,1618476205073,502,0
2392,1618476205165,545,0
2393,1618476205259,536,0
2394,1618476205353,492,0
2395,1618476205447,534,0
2396,1618476205541,545,0
2397,1618476205635,495,0
2398,1618476205729,525,0
2399,1618476205823,513,0
2400,1618476205917,502,0
2401,1618476206011,519,0
2402,1618476206105,555,0
2403,1618476206199,509,0
2404,1618476206293,508,0
2405,1618476206389,557,0
2406,1618476206483,517,0
2407,1618476206577,500,0
2408,1618476206671,553,0
2409,1618476206765,525,0
2410,1618476206859,495,1
2411,1618476206953,497,1
2412,1618476207047,539,1
2413,1618476207141,499,1
2414,1618476207235,544,1
2415,1618476207329,554,1
2416,1618476207423,510,1
2417,1618476207517,546,1
2418,1618476207609,598,1
2419,1618476207704,589,1
2420,1618476207799,655,1
2421,1618476207894,660,1
2422,1618476207989,564,1
2423,1618476208084,687,1
2424,1618476208179,898,1
2425,1618476208274,696,1
2426,1618476208369,488,1
2427,1618476208464,529,1
2428,1618476208559,578,1
2429,1618476208654,587,1
2430,1618476208749,608,1
2431,1618476208844,521,1
2432,1618476208938,438,1
2433,1618476209032,480,1
2434,1618476209126,397,1
2435,1618476209220,310,1
2436,1618476209314,337,1
2437,1618476209408,375,1
2438,1618476209502,376,1
2439,1618476209596,423,1
2440,1618476209690,491,1
2441,1618476209784,465,1
2442,1618476209878,473,1
2443,1618476209972,533,1
2444,1618476210061,503,1
2445,1618476210156,487,1
2446,1618476210251,543,0
2447,1618476210346,550,0
2448,1618476210441,487,0
2449,1618476210536,536,0
2450,1618476210631,542,0
2451,1618476210726,491,0
2452,1618476210821,528,0
2453,1618476210916,548,0
2454,1618476211011,498,0
2455,1618476211106,521,0
2456,1618476211201,551,0
2457,1618476211297,502,0
2458,1618476211391,515,0
2459,1618476211485,530,0
2460,1618476211579,507,0
2461,1618476211673,503,0
2462,1618476211767,556,0
2463,1618476211861,519,0
2464,1618476211955,500,0
2465,1618476212049,550,0
2466,1618476212143,534,0
2467,1618476212237,494,0
2468,1618476212331,545,0
2469,1618476212425,542,0
2470,1618476212515,496,0
2471,1618476212610,497,0
2472,1618476212705,551,0
2473,1618476212800,497,0
2474,1618476212895,526,0
2475,1618476212990,556,0
2476,1618476213085,500,0
2477,1618476213180,513,0
2478,1618476213275,556,0
2479,1618476213370,510,0
2480,1618476213465,501,0
2481,1618476213560,556,0
2482,1618476213655,525,0
2483,1618476213746,502,0
2484,1618476213840,552,0
2485,1618476213934,526,0
2486,1618476214028,495,0
2487,1618476214122,539,0
2488,1618476214216,546,0
2489,1618476214310,496,0
2490,1618476214404,536,0
2491,1618476214498,549,0
2492,1618476214592,492,0
2493,1618476214686,524,0
2494,1618476214780,554,0
2495,1618476214874,533,0
2496,1618476214969,514,0
2497,1618476215064,553,0
2498,1618476215159,517,0
2499,1618476215254,503,0
2500,1618476215349,553,0
2501,1618476215444,524,0
2502,1618476215539,496,0
2503,1618476215634,550,0
2504,1618476215729,531,0
2505,1618476215824,494,0
2506,1618476215919,544,0
2507,1618476216014,556,0
2508,1618476216109,492,0
2509,1618476216202,533,0
2510,1618476216296,549,0
2511,1618476216390,495,0
2512,1618476216484,521,0
2513,1618476216578,552,0
2514,1618476216672,503,0
2515,1618476216766,515,0
2516,1618476216860,552,0
2517,1618476216954,516,0
2518,1618476217048,501,0
2519,1618476217142,542,0
2520,1618476217236,515,0
2521,1618476217330,495,0
2522,1618476217421,544,0
2523,1618476217515,529,0
2524,1618476217609,490,0
2525,1618476217703,533,0
2526,1618476217797,537,0
2527,1618476217891,491,0
2528,1618476217985,527,0
2529,1618476218079,544,0
2530,1618476218173,489,0
2531,1618476218267,499,0
2532,1618476218361,545,0
2533,1618476218455,493,0
2534,1618476218549,495,0
2535,1618476218649,538,0
2536,1618476218743,490,0
2537,1618476218837,478,0
2538,1618476218931,520,0
2539,1618476219025,479,0
2540,1618476219119,444,1
2541,1618476219213,470,1
2542,1618476219307,447,1
2543,1618476219401,391,1
2544,1618476219495,410,1
2545,1618476219589,378,1
2546,1618476219683,331,1
2547,1618476219777,333,1
2548,1618476219867,343,1
2549,1618476219962,374,1
2550,1618476220057,472,1
2551,1618476220152,495,1
2552,1618476220247,469,1
2553,1618476220342,476,1
2554,1618476220437,520,1
2555,1618476220532,533,1
2556,1618476220627,513,1
2557,1618476220722,603,1
2558,1618476220817,546,1
2559,1618476220912,472,1
2560,1618476221007,524,1
2561,1618476221104,485,1
2562,1618476221198,555,1
2563,1618476221292,697,1
2564,1618476221386,796,1
2565,1618476221480,893,1
2566,1618476221574,754,1
2567,1618476221668,525,1
2568,1618476221762,509,1
2569,1618476221856,522,1
2570,1618476221950,571,1
2571,1618476222044,707,1
2572,1618476222138,680,1
2573,1618476222232,638,1
2574,1618476222322,562,1
2575,1618476222417,530,1
2576,1618476222512,576,1
2577,1618476222607,545,1
2578,1618476222702,509,1
2579,1618476222797,562,1
2580,1618476222892,546,1
2581,1618476222987,500,0
2582,1618476223082,544,0
2583,1618476223177,551,0
2584,1618476223272,502,0
2585,1618476223367,530,0
2586,1618476223462,552,0
2587,1618476223558,501,0
2588,1618476223652,515,0
2589,1618476223746,560,0
2590,1618476223840,508,0
2591,1618476223934,523,0
2592,1618476224028,558,0
2593,1618476224122,520,0
2594,1618476224216,500,0
2595,1618476224310,553,0
2596,1618476224404,531,0
2597,1618476224498,499,0
2598,1618476224592,547,0
2599,1618476224686,538,0
2600,1618476224778,496,0
2601,1618476224872,537,0
2602,1618476224966,547,0
2603,1618476225060,497,0
2604,1618476225154,525,0
2605,1618476225248,555,0
2606,1618476225342,500,0
2607,1618476225436,518,0
2608,1618476225530,558,0
2609,1618476225624,515,0
2610,1618476225718,507,0
2611,1618476225812,557,0
2612,1618476225906,521,0
2613,1618476225996,499,0
2614,1618476226090,549,0
2615,1618476226184,506,0
2616,1618476226278,499,0
2617,1618476226372,547,0
2618,1618476226466,545,0
2619,1618476226560,495,0
2620,1618476226654,534,0
2621,1618476226748,548,0
2622,1618476226842,497,0
2623,1618476226936,522,0
2624,1618476227030,556,0
2625,1618476227124,505,0
2626,1618476227213,515,0
2627,1618476227307,538,0
2628,1618476227401,517,0
2629,1618476227495,509,0
2630,1618476227589,558,0
2631,1618476227683,525,0
2632,1618476227777,502,0
2633,1618476227871,552,0
2634,1618476227965,534,0
2635,1618476228059,495,0
2636,1618476228153,541,0
2637,1618476228247,542,0
2638,1618476228341,494,0
2639,1618476228430,559,0
2640,1618476228524,551,0
2641,1618476228618,500,0
2642,1618476228712,519,0
2643,1618476228806,557,0
2644,1618476228900,507,0
2645,1618476228994,517,0
2646,1618476229088,563,0
2647,1618476229182,519,0
2648,1618476229276,504,0
2649,1618476229370,558,0
2650,1618476229464,522,0
2651,1618476229558,538,0
2652,1618476229652,549,0
2653,1618476229746,535,0
2654,1618476229840,494,0
