13738,1610679713541,759,0
13739,1610679713635,765,0
13740,1610679713729,789,0
13741,1610679713821,778,0
13742,1610679713915,741,0
13743,1610679714009,739,0
13744,1610679714103,784,0
13745,1610679714197,788,0
13746,1610679714291,769,0
13747,1610679714385,762,0
13748,1610679714479,738,0
13749,1610679714573,744,0
13750,1610679714667,792,0
13751,1610679714761,794,0
13752,1610679714855,745,0
13753,1610679714949,740,0
13754,1610679715048,765,0
13755,1610679715142,771,0
13756,1610679715236,786,0
13757,1610679715330,780,0
13758,1610679715424,734,0
13759,1610679715518,733,0
13760,1610679715612,791,0
13761,1610679715706,790,0
13762,1610679715800,762,0
13763,1610679715894,755,0
13764,1610679715988,746,0
13765,1610679716082,748,0
13766,1610679716176,789,0
13767,1610679716267,786,0
13768,1610679716361,737,0
13769,1610679716455,736,0
13770,1610679716549,769,1
13771,1610679716643,772,1
13772,1610679716737,764,1
13773,1610679716831,762,1
13774,1610679716925,722,1
13775,1610679717019,700,1
13776,1610679717113,298,1
13777,1610679717207,269,1
13778,1610679717301,937,1
13779,1610679717395,894,1
13780,1610679717492,1132,1
13781,1610679717586,1103,1
13782,1610679717680,998,1
13783,1610679717774,802,1
13784,1610679717868,720,1
13785,1610679717962,718,1
13786,1610679718056,761,1
13787,1610679718150,776,1
13788,1610679718244,773,1
13789,1610679718338,763,1
13790,1610679718432,736,1
13791,1610679718526,740,0
13792,1610679718620,794,0
13793,1610679718708,793,0
13794,1610679718802,749,0
13795,1610679718896,749,0
13796,1610679718990,757,0
13797,1610679719084,762,0
13798,1610679719178,791,0
13799,1610679719272,790,0
13800,1610679719366,741,0
13801,1610679719460,734,0
13802,1610679719554,781,0
13803,1610679719648,782,0
13804,1610679719742,771,0
13805,1610679719836,768,0
13806,1610679719928,740,0
13807,1610679720023,743,0
13808,1610679720118,790,0
13809,1610679720213,797,0
13810,1610679720308,751,0
13811,1610679720403,742,0
13812,1610679720498,755,0
13813,1610679720593,761,0
13814,1610679720688,791,0
13815,1610679720783,783,0
13816,1610679720878,738,0
13817,1610679720973,742,0
13818,1610679721068,782,0
13819,1610679721165,788,0
13820,1610679721258,772,0
13821,1610679721351,764,0
13822,1610679721444,739,0
13823,1610679721537,743,0
13824,1610679721630,794,0
13825,1610679721723,795,0
13826,1610679721816,743,0
13827,1610679721909,744,0
13828,1610679722002,765,0
13829,1610679722095,769,0
13830,1610679722188,788,0
13831,1610679722281,776,0
13832,1610679722380,735,0
13833,1610679722488,737,0
13834,1610679722596,784,0
13835,1610679722704,792,0
13836,1610679722812,765,0
13837,1610679722920,758,0
13838,1610679723028,743,0
13839,1610679723136,746,0
13840,1610679723244,794,0
13841,1610679723352,795,0
13842,1610679723460,745,0
13843,1610679723568,738,0
13844,1610679723676,763,0
13845,1610679723779,772,0
13846,1610679723864,781,0
13847,1610679723949,778,0
13848,1610679724034,737,0
13849,1610679724119,739,0
13850,1610679724204,786,0
13851,1610679724289,789,0
13852,1610679724374,758,0
13853,1610679724459,756,0
13854,1610679724544,748,0
13855,1610679724629,753,0
13856,1610679724714,792,0
13857,1610679724799,791,0
13858,1610679724879,742,0
13859,1610679724973,737,0
13860,1610679725067,767,0
13861,1610679725161,782,0
13862,1610679725255,785,0
13863,1610679725349,778,0
13864,1610679725443,737,0
13865,1610679725537,735,0
13866,1610679725631,795,0
13867,1610679725725,791,0
13868,1610679725819,760,0
13869,1610679725913,756,0
13870,1610679726007,748,0
13871,1610679726102,753,0
13872,1610679726197,791,0
13873,1610679726292,789,0
13874,1610679726387,738,0
13875,1610679726482,735,0
13876,1610679726577,771,0
13877,1610679726672,779,0
13878,1610679726767,779,0
13879,1610679726862,776,0
13880,1610679726957,739,0
13881,1610679727052,740,0
13882,1610679727147,793,0
13883,1610679727242,795,0
13884,1610679727331,761,0
13885,1610679727425,751,0
13886,1610679727519,754,0
13887,1610679727613,756,0
13888,1610679727707,794,0
13889,1610679727801,787,0
13890,1610679727895,739,0
13891,1610679727989,734,0
13892,1610679728083,770,0
13893,1610679728177,776,0
13894,1610679728271,777,0
13895,1610679728365,775,0
13896,1610679728459,739,0
13897,1610679728551,737,0
13898,1610679728645,791,0
13899,1610679728739,795,0
13900,1610679728833,758,0
13901,1610679728927,757,0
13902,1610679729021,749,0
13903,1610679729115,758,0
13904,1610679729209,794,0
13905,1610679729303,791,0
13906,1610679729397,742,0
13907,1610679729491,742,0
13908,1610679729585,774,0
13909,1610679729679,778,0
13910,1610679729768,780,0
13911,1610679729862,775,0
13912,1610679729956,737,0
13913,1610679730050,738,0
13914,1610679730144,790,0
13915,1610679730238,790,0
13916,1610679730332,756,0
13917,1610679730426,752,0
13918,1610679730520,748,0
13919,1610679730614,754,0
13920,1610679730708,792,0
13921,1610679730802,785,0
13922,1610679730896,744,0
13923,1610679730986,738,0
13924,1610679731080,772,0
13925,1610679731174,779,0
13926,1610679731268,782,0
13927,1610679731362,774,0
13928,1610679731456,737,0
13929,1610679731550,737,0
13930,1610679731644,787,0
13931,1610679731738,789,0
13932,1610679731832,763,0
13933,1610679731926,754,0
13934,1610679732020,746,0
13935,1610679732114,749,0
13936,1610679732207,795,0
13937,1610679732301,793,0
13938,1610679732395,743,0
13939,1610679732489,741,0
13940,1610679732583,770,0
13941,1610679732677,776,0
13942,1610679732771,782,0
13943,1610679732865,784,0
13944,1610679732959,744,0
13945,1610679733053,740,0
13946,1610679733147,790,0
13947,1610679733241,795,0
13948,1610679733335,782,0
13949,1610679733423,777,0
13950,1610679733517,769,1
13951,1610679733611,779,1
13952,1610679733705,833,1
13953,1610679733799,856,1
13954,1610679733893,890,1
13955,1610679733987,952,1
13956,1610679734081,525,1
13957,1610679734175,526,1
13958,1610679734269,541,1
13959,1610679734363,919,1
13960,1610679734457,306,1
13961,1610679734551,516,1
13962,1610679734641,880,1
13963,1610679734735,841,1
13964,1610679734829,804,1
13965,1610679734923,790,1
13966,1610679735017,752,1
13967,1610679735111,756,1
13968,1610679735205,794,1
13969,1610679735299,798,1
13970,1610679735393,757,1
13971,1610679735487,750,0
13972,1610679735581,756,0
13973,1610679735675,769,0
13974,1610679735769,792,0
13975,1610679735862,792,0
13976,1610679735956,739,0
13977,1610679736050,740,0
13978,1610679736144,779,0
13979,1610679736238,783,0
13980,1610679736332,785,0
13981,1610679736426,770,0
13982,1610679736520,743,0
13983,1610679736614,742,0
13984,1610679736708,792,0
13985,1610679736802,798,0
13986,1610679736896,763,0
13987,1610679736990,757,0
13988,1610679737080,750,0
13989,1610679737174,758,0
13990,1610679737268,792,0
13991,1610679737362,795,0
13992,1610679737456,747,0
13993,1610679737550,744,0
13994,1610679737644,768,0
13995,1610679737738,774,0
13996,1610679737832,789,0
13997,1610679737926,785,0
13998,1610679738020,735,0
13999,1610679738114,741,0
14000,1610679738208,785,0
14001,1610679738298,792,0
14002,1610679738392,770,0
14003,1610679738486,768,0
14004,1610679738580,746,0
14005,1610679738674,749,0
14006,1610679738768,797,0
14007,1610679738862,797,0
14008,1610679738956,751,0
14009,1610679739050,750,0
14010,1610679739144,761,0
14011,1610679739238,773,0
14012,1610679739332,797,0
