6965,1616113322737,426,0
6966,1616113322831,498,0
6967,1616113322925,511,0
6968,1616113323014,423,0
6969,1616113323108,478,0
6970,1616113323202,523,0
6971,1616113323296,439,0
6972,1616113323390,448,0
6973,1616113323484,524,0
6974,1616113323578,460,0
6975,1616113323672,428,0
6976,1616113323766,420,0
6977,1616113323860,484,0
6978,1616113323954,421,0
6979,1616113324048,497,0
6980,1616113324142,508,0
6981,1616113324239,426,0
6982,1616113324332,477,0
6983,1616113324425,518,0
6984,1616113324518,436,0
6985,1616113324611,458,0
6986,1616113324704,524,0
6987,1616113324797,457,0
6988,1616113324890,443,0
6989,1616113324983,517,0
6990,1616113325076,478,0
6991,1616113325169,418,0
6992,1616113325262,501,0
6993,1616113325355,499,0
6994,1616113325450,419,0
6995,1616113325545,477,0
6996,1616113325640,518,0
6997,1616113325735,434,0
6998,1616113325830,454,0
6999,1616113325925,522,0
7000,1616113326020,476,0
7001,1616113326115,443,0
7002,1616113326210,520,0
7003,1616113326305,471,0
7004,1616113326400,426,0
7005,1616113326495,511,0
7006,1616113326590,496,0
7007,1616113326686,420,0
7008,1616113326780,484,0
7009,1616113326874,518,0
7010,1616113326968,430,0
7011,1616113327062,458,0
7012,1616113327156,504,0
7013,1616113327250,444,0
7014,1616113327344,441,0
7015,1616113327438,521,0
7016,1616113327532,461,0
7017,1616113327626,420,0
7018,1616113327720,505,0
7019,1616113327814,485,0
7020,1616113327906,408,1
7021,1616113328000,478,1
7022,1616113328094,551,1
7023,1616113328188,515,1
7024,1616113328282,468,1
7025,1616113328376,692,1
7026,1616113328470,615,1
7027,1616113328564,486,1
7028,1616113328658,502,1
7029,1616113328752,666,1
7030,1616113328846,412,1
7031,1616113328940,505,1
7032,1616113329034,388,1
7033,1616113329123,445,1
7034,1616113329218,636,1
7035,1616113329313,642,1
7036,1616113329408,571,1
7037,1616113329503,485,1
7038,1616113329598,522,1
7039,1616113329693,435,1
7040,1616113329788,446,1
7041,1616113329883,525,0
7042,1616113329978,459,0
7043,1616113330073,435,0
7044,1616113330168,517,0
7045,1616113330263,482,0
7046,1616113330358,419,0
7047,1616113330453,501,0
7048,1616113330548,487,0
7049,1616113330643,424,0
7050,1616113330738,477,0
7051,1616113330833,521,0
7052,1616113330928,433,0
7053,1616113331023,454,0
7054,1616113331118,529,0
7055,1616113331213,453,0
7056,1616113331308,437,0
7057,1616113331403,517,0
7058,1616113331498,479,0
7059,1616113331593,419,0
7060,1616113331687,460,0
7061,1616113331781,498,0
7062,1616113331875,425,0
7063,1616113331969,482,0
7064,1616113332063,517,0
7065,1616113332157,428,0
7066,1616113332251,460,0
7067,1616113332345,527,0
7068,1616113332439,451,0
7069,1616113332533,439,0
7070,1616113332627,519,0
7071,1616113332721,468,0
7072,1616113332810,437,0
7073,1616113332904,510,0
7074,1616113332998,493,0
7075,1616113333092,418,0
7076,1616113333186,489,0
7077,1616113333280,512,0
7078,1616113333374,426,0
7079,1616113333468,464,0
7080,1616113333562,527,0
7081,1616113333656,441,0
7082,1616113333750,442,0
7083,1616113333844,529,0
7084,1616113333938,419,0
7085,1616113334030,425,0
7086,1616113334124,510,0
7087,1616113334218,490,0
7088,1616113334312,420,0
7089,1616113334406,493,0
7090,1616113334500,511,0
7091,1616113334594,426,0
7092,1616113334688,468,0
7093,1616113334782,520,0
7094,1616113334876,442,0
7095,1616113334970,446,0
7096,1616113335064,428,0
7097,1616113335158,462,0
7098,1616113335258,428,0
7099,1616113335352,520,0
7100,1616113335446,482,0
7101,1616113335540,421,0
7102,1616113335634,496,0
7103,1616113335728,504,0
7104,1616113335822,422,0
7105,1616113335916,470,0
7106,1616113336010,521,0
7107,1616113336104,437,0
7108,1616113336198,463,0
7109,1616113336292,524,0
7110,1616113336386,458,0
7111,1616113336475,431,0
7112,1616113336569,517,0
7113,1616113336663,478,0
7114,1616113336757,421,0
7115,1616113336851,504,0
7116,1616113336945,501,0
7117,1616113337039,419,0
7118,1616113337133,482,0
7119,1616113337227,520,0
7120,1616113337321,495,0
7121,1616113337415,453,0
7122,1616113337509,527,0
7123,1616113337603,447,0
7124,1616113337701,431,0
7125,1616113337795,519,0
7126,1616113337889,472,0
7127,1616113337983,419,0
7128,1616113338077,505,0
7129,1616113338171,496,0
7130,1616113338265,424,1
7131,1616113338359,491,1
7132,1616113338453,521,1
7133,1616113338547,421,1
7134,1616113338641,369,1
7135,1616113338735,331,1
7136,1616113338829,413,1
7137,1616113338922,509,1
7138,1616113339017,841,1
7139,1616113339112,595,1
7140,1616113339207,108,1
7141,1616113339302,586,1
7142,1616113339397,955,1
7143,1616113339492,680,1
7144,1616113339587,638,1
7145,1616113339682,564,1
7146,1616113339777,578,1
7147,1616113339872,601,1
7148,1616113339967,628,1
7149,1616113340062,477,1
7150,1616113340155,456,1
7151,1616113340249,527,0
7152,1616113340343,465,0
7153,1616113340437,423,0
7154,1616113340531,512,0
7155,1616113340625,487,0
7156,1616113340719,512,0
7157,1616113340813,492,0
7158,1616113340907,507,0
7159,1616113341001,424,0
7160,1616113341095,472,0
7161,1616113341189,525,0
7162,1616113341283,437,0
7163,1616113341375,448,0
7164,1616113341469,521,0
7165,1616113341563,461,0
7166,1616113341657,430,0
7167,1616113341751,521,0
7168,1616113341845,469,0
7169,1616113341939,418,0
7170,1616113342033,500,0
7171,1616113342127,502,0
7172,1616113342221,422,0
7173,1616113342315,479,0
7174,1616113342409,525,0
7175,1616113342503,436,0
7176,1616113342593,450,0
7177,1616113342687,526,0
7178,1616113342781,454,0
7179,1616113342875,433,0
7180,1616113342969,443,0
7181,1616113343063,480,0
7182,1616113343157,422,0
7183,1616113343251,503,0
7184,1616113343345,508,0
7185,1616113343439,422,0
7186,1616113343533,482,0
7187,1616113343627,518,0
7188,1616113343721,432,0
7189,1616113343811,454,0
7190,1616113343905,526,0
7191,1616113343999,454,0
7192,1616113344093,421,0
7193,1616113344187,522,0
7194,1616113344281,479,0
7195,1616113344375,423,0
7196,1616113344469,506,0
