1680,1618477220574,222,0
1681,1618477220668,228,0
1682,1618477220762,240,0
1683,1618477220856,223,0
1684,1618477220950,231,0
1685,1618477221044,241,0
1686,1618477221138,229,0
1687,1618477221232,232,0
1688,1618477221326,242,0
1689,1618477221420,231,0
1690,1618477221509,223,0
1691,1618477221603,243,0
1692,1618477221697,230,0
1693,1618477221791,234,0
1694,1618477221885,244,0
1695,1618477221979,236,0
1696,1618477222073,227,0
1697,1618477222167,239,0
1698,1618477222261,243,0
1699,1618477222355,233,0
1700,1618477222449,237,0
1701,1618477222543,242,0
1702,1618477222637,226,0
1703,1618477222731,233,0
1704,1618477222825,241,0
1705,1618477222919,242,0
1706,1618477223013,233,0
1707,1618477223107,242,0
1708,1618477223201,235,0
1709,1618477223295,228,0
1710,1618477223389,242,0
1711,1618477223483,230,0
1712,1618477223577,222,0
1713,1618477223671,242,0
1714,1618477223765,235,0
1715,1618477223859,228,0
1716,1618477223949,238,0
1717,1618477224043,237,0
1718,1618477224137,221,0
1719,1618477224231,229,0
1720,1618477224325,235,1
1721,1618477224419,222,1
1722,1618477224513,225,1
1723,1618477224607,226,1
1724,1618477224701,161,1
1725,1618477224795,156,1
1726,1618477224889,196,1
1727,1618477224983,203,1
1728,1618477225077,255,1
1729,1618477225168,290,1
1730,1618477225262,222,1
1731,1618477225356,178,1
1732,1618477225450,178,1
1733,1618477225544,135,1
1734,1618477225638,135,1
1735,1618477225732,173,1
1736,1618477225826,292,1
1737,1618477225920,267,1
1738,1618477226014,331,1
1739,1618477226108,322,1
1740,1618477226202,301,1
1741,1618477226296,290,1
1742,1618477226385,291,1
1743,1618477226479,264,1
1744,1618477226573,258,1
1745,1618477226667,263,1
1746,1618477226761,242,1
1747,1618477226855,236,1
1748,1618477226949,250,1
1749,1618477227043,240,1
1750,1618477227137,231,1
1751,1618477227231,245,0
1752,1618477227325,243,0
1753,1618477227419,236,0
1754,1618477227513,239,0
1755,1618477227604,242,0
1756,1618477227698,227,0
1757,1618477227792,236,0
1758,1618477227886,241,0
1759,1618477227980,228,0
1760,1618477228074,233,0
1761,1618477228168,243,0
1762,1618477228262,231,0
1763,1618477228356,233,0
1764,1618477228450,242,0
1765,1618477228544,242,0
1766,1618477228638,231,0
1767,1618477228732,241,0
1768,1618477228824,233,0
1769,1618477228918,226,0
1770,1618477229012,240,0
1771,1618477229106,236,0
1772,1618477229200,226,0
1773,1618477229294,241,0
1774,1618477229388,239,0
1775,1618477229482,224,0
1776,1618477229576,237,0
1777,1618477229670,243,0
1778,1618477229764,230,0
1779,1618477229858,234,0
1780,1618477229952,243,0
1781,1618477230042,227,0
1782,1618477230136,230,0
1783,1618477230230,245,0
1784,1618477230324,232,0
1785,1618477230418,226,0
1786,1618477230512,244,0
1787,1618477230606,236,0
1788,1618477230700,225,0
1789,1618477230794,231,0
1790,1618477230888,238,0
1791,1618477230982,224,0
1792,1618477231076,244,0
1793,1618477231170,242,0
1794,1618477231261,229,0
1795,1618477231355,236,0
1796,1618477231449,245,0
1797,1618477231543,229,0
1798,1618477231637,233,0
1799,1618477231731,244,0
1800,1618477231825,228,0
1801,1618477231919,224,0
1802,1618477232013,246,0
1803,1618477232107,235,0
1804,1618477232201,227,0
1805,1618477232295,244,0
1806,1618477232389,237,0
1807,1618477232479,225,0
1808,1618477232573,244,0
1809,1618477232667,239,0
1810,1618477232761,226,0
1811,1618477232855,240,0
1812,1618477232949,241,0
1813,1618477233043,232,0
1814,1618477233137,237,0
1815,1618477233231,243,0
1816,1618477233325,230,0
1817,1618477233419,234,0
1818,1618477233513,248,0
1819,1618477233607,230,0
1820,1618477233700,230,0
1821,1618477233794,247,0
1822,1618477233888,230,0
1823,1618477233982,231,0
1824,1618477234076,242,0
1825,1618477234170,240,0
1826,1618477234264,227,0
1827,1618477234358,242,0
1828,1618477234452,233,0
1829,1618477234546,225,0
1830,1618477234640,237,0
1831,1618477234734,238,0
1832,1618477234828,228,0
1833,1618477234918,237,0
1834,1618477235012,245,0
1835,1618477235106,230,0
1836,1618477235200,236,0
1837,1618477235294,243,0
1838,1618477235388,230,0
1839,1618477235482,233,0
1840,1618477235576,250,0
1841,1618477235670,238,0
1842,1618477235764,233,0
1843,1618477235858,246,0
1844,1618477235952,242,0
1845,1618477236046,238,1
1846,1618477236144,255,1
1847,1618477236238,265,1
1848,1618477236332,277,1
1849,1618477236426,307,1
1850,1618477236520,325,1
1851,1618477236614,271,1
1852,1618477236708,217,1
1853,1618477236802,150,1
1854,1618477236896,154,1
1855,1618477236990,193,1
1856,1618477237084,253,1
1857,1618477237178,262,1
1858,1618477237272,197,1
1859,1618477237363,176,1
1860,1618477237458,213,1
1861,1618477237553,218,1
1862,1618477237648,238,1
1863,1618477237743,229,1
1864,1618477237838,221,1
1865,1618477237933,235,1
1866,1618477238028,236,0
1867,1618477238123,222,0
1868,1618477238218,236,0
1869,1618477238313,240,0
1870,1618477238408,224,0
1871,1618477238503,239,0
1872,1618477238600,244,0
1873,1618477238693,228,0
1874,1618477238786,233,0
1875,1618477238879,243,0
1876,1618477238972,233,0
1877,1618477239065,229,0
1878,1618477239158,243,0
1879,1618477239251,236,0
1880,1618477239344,226,0
1881,1618477239437,242,0
1882,1618477239530,233,0
1883,1618477239623,225,0
1884,1618477239716,240,0
1885,1618477239815,235,0
1886,1618477239910,228,0
1887,1618477240005,241,0
1888,1618477240100,242,0
1889,1618477240195,227,0
1890,1618477240290,232,0
1891,1618477240385,242,0
1892,1618477240480,228,0
1893,1618477240575,233,0
1894,1618477240670,247,0
1895,1618477240765,230,0
1896,1618477240860,227,0
1897,1618477240955,243,0
1898,1618477241051,235,0
1899,1618477241145,228,0
1900,1618477241239,241,0
1901,1618477241333,239,0
1902,1618477241427,226,0
1903,1618477241521,242,0
1904,1618477241615,240,0
1905,1618477241709,229,0
1906,1618477241803,235,0
1907,1618477241897,238,0
1908,1618477241991,225,0
