5043,1618476454288,357,0
5044,1618476454386,348,0
5045,1618476454480,389,0
5046,1618476454574,406,0
5047,1618476454668,352,0
5048,1618476454762,377,0
5049,1618476454856,411,0
5050,1618476454950,365,0
5051,1618476455044,366,0
5052,1618476455138,413,0
5053,1618476455232,379,0
5054,1618476455326,350,0
5055,1618476455420,345,0
5056,1618476455514,391,0
5057,1618476455606,344,0
5058,1618476455700,389,0
5059,1618476455794,402,0
5060,1618476455888,349,0
5061,1618476455982,379,0
5062,1618476456076,415,0
5063,1618476456170,361,0
5064,1618476456264,361,0
5065,1618476456358,412,0
5066,1618476456452,373,0
5067,1618476456546,363,0
5068,1618476456640,408,0
5069,1618476456734,386,0
5070,1618476456824,347,0
5071,1618476456918,396,0
5072,1618476457012,402,0
5073,1618476457106,349,0
5074,1618476457200,384,0
5075,1618476457294,412,0
5076,1618476457388,357,0
5077,1618476457482,366,0
5078,1618476457576,409,0
5079,1618476457670,378,0
5080,1618476457764,354,0
5081,1618476457858,409,0
5082,1618476457952,383,0
5083,1618476458046,352,0
5084,1618476458139,399,0
5085,1618476458232,402,0
5086,1618476458325,348,0
5087,1618476458418,381,0
5088,1618476458511,409,0
5089,1618476458604,353,0
5090,1618476458697,370,0
5091,1618476458790,401,0
5092,1618476458883,363,0
5093,1618476458976,355,0
5094,1618476459069,412,0
5095,1618476459162,380,0
5096,1618476459260,350,0
5097,1618476459354,401,0
5098,1618476459448,399,0
5099,1618476459542,347,0
5100,1618476459636,388,0
5101,1618476459730,407,0
5102,1618476459824,352,0
5103,1618476459918,407,0
5104,1618476460012,413,0
5105,1618476460106,366,0
5106,1618476460200,357,0
5107,1618476460294,412,0
5108,1618476460388,370,0
5109,1618476460481,341,0
5110,1618476460575,399,1
5111,1618476460669,386,1
5112,1618476460763,339,1
5113,1618476460857,376,1
5114,1618476460951,385,1
5115,1618476461045,377,1
5116,1618476461139,328,1
5117,1618476461233,352,1
5118,1618476461327,315,1
5119,1618476461421,321,1
5120,1618476461515,370,1
5121,1618476461609,321,1
5122,1618476461701,314,1
5123,1618476461795,397,1
5124,1618476461889,403,1
5125,1618476461983,376,1
5126,1618476462077,416,1
5127,1618476462171,396,1
5128,1618476462265,336,1
5129,1618476462359,356,1
5130,1618476462453,367,1
5131,1618476462547,296,1
5132,1618476462641,273,1
5133,1618476462735,289,1
5134,1618476462829,329,1
5135,1618476462919,365,1
5136,1618476463013,465,1
5137,1618476463107,477,1
5138,1618476463201,438,1
5139,1618476463295,463,1
5140,1618476463389,471,1
5141,1618476463483,403,1
5142,1618476463577,419,1
5143,1618476463671,434,1
5144,1618476463765,378,1
5145,1618476463859,383,1
5146,1618476463953,430,1
5147,1618476464047,381,1
5148,1618476464138,363,1
5149,1618476464232,416,1
5150,1618476464326,391,1
5151,1618476464420,365,0
5152,1618476464514,405,0
5153,1618476464608,399,0
5154,1618476464702,352,0
5155,1618476464796,386,0
5156,1618476464890,410,0
5157,1618476464984,356,0
5158,1618476465078,371,0
5159,1618476465172,415,0
5160,1618476465266,367,0
5161,1618476465359,357,0
5162,1618476465453,414,0
5163,1618476465547,352,0
5164,1618476465641,354,0
5165,1618476465735,402,0
5166,1618476465829,393,0
5167,1618476465923,348,0
5168,1618476466017,387,0
5169,1618476466111,408,0
5170,1618476466205,354,0
5171,1618476466299,374,0
5172,1618476466393,413,0
5173,1618476466487,361,0
5174,1618476466576,362,0
5175,1618476466670,350,0
5176,1618476466764,375,0
5177,1618476466858,356,0
5178,1618476466952,406,0
5179,1618476467046,391,0
5180,1618476467140,351,0
5181,1618476467234,392,0
5182,1618476467328,404,0
5183,1618476467422,349,0
5184,1618476467516,382,0
5185,1618476467610,413,0
5186,1618476467704,360,0
5187,1618476467793,375,0
5188,1618476467887,415,0
5189,1618476467981,374,0
5190,1618476468075,352,0
5191,1618476468169,405,0
5192,1618476468263,391,0
5193,1618476468357,347,0
5194,1618476468451,397,0
5195,1618476468545,399,0
5196,1618476468639,351,0
5197,1618476468733,380,0
5198,1618476468827,413,0
5199,1618476468921,389,0
5200,1618476469014,371,0
5201,1618476469108,412,0
5202,1618476469202,368,0
5203,1618476469296,355,0
5204,1618476469390,410,0
5205,1618476469484,385,0
5206,1618476469578,347,0
5207,1618476469672,396,0
5208,1618476469766,402,0
5209,1618476469860,347,0
5210,1618476469954,381,0
5211,1618476470048,405,0
5212,1618476470142,359,0
5213,1618476470230,371,0
5214,1618476470324,414,0
5215,1618476470418,369,0
5216,1618476470512,356,0
5217,1618476470606,411,0
5218,1618476470700,383,0
5219,1618476470794,351,0
5220,1618476470888,402,0
5221,1618476470982,397,0
5222,1618476471076,348,0
5223,1618476471170,412,0
5224,1618476471264,410,0
5225,1618476471358,352,0
5226,1618476471456,377,0
5227,1618476471550,416,0
5228,1618476471644,362,0
5229,1618476471738,359,0
5230,1618476471832,410,0
5231,1618476471926,375,0
5232,1618476472020,347,0
5233,1618476472114,402,0
5234,1618476472208,388,0
5235,1618476472302,404,0
5236,1618476472396,391,0
5237,1618476472490,404,0
5238,1618476472584,353,0
5239,1618476472675,378,0
5240,1618476472770,413,0
5241,1618476472865,361,0
5242,1618476472960,360,0
5243,1618476473055,413,0
5244,1618476473150,376,0
5245,1618476473245,355,0
5246,1618476473340,404,0
5247,1618476473435,381,0
5248,1618476473530,351,0
5249,1618476473625,392,0
5250,1618476473720,402,0
5251,1618476473815,353,0
5252,1618476473910,380,0
5253,1618476474004,410,0
5254,1618476474098,365,0
5255,1618476474192,363,0
5256,1618476474286,417,0
5257,1618476474380,373,0
5258,1618476474474,356,0
5259,1618476474568,364,0
5260,1618476474662,389,0
5261,1618476474756,350,0
5262,1618476474850,397,0
5263,1618476474944,396,0
5264,1618476475038,352,0
5265,1618476475129,383,0
5266,1618476475223,411,0
5267,1618476475317,358,0
5268,1618476475411,368,0
5269,1618476475505,413,0
5270,1618476475599,370,0
5271,1618476475693,347,0
5272,1618476475787,411,0
5273,1618476475881,386,0
5274,1618476475975,348,0
5275,1618476476069,400,0
5276,1618476476163,397,0
5277,1618476476257,348,0
5278,1618476476357,386,0
5279,1618476476451,410,0
5280,1618476476545,355,0
5281,1618476476639,375,0
5282,1618476476733,414,0
5283,1618476476827,349,0
5284,1618476476921,358,0
5285,1618476477015,414,0
5286,1618476477109,380,0
5287,1618476477203,353,0
5288,1618476477297,402,0
5289,1618476477391,398,0
5290,1618476477485,353,0
5291,1618476477574,389,0
5292,1618476477668,407,0
5293,1618476477762,356,0
5294,1618476477856,377,0
5295,1618476477950,360,0
5296,1618476478044,368,0
5297,1618476478138,367,0
5298,1618476478232,412,0
5299,1618476478326,384,0
5300,1618476478420,354,1
5301,1618476478514,409,1
5302,1618476478608,407,1
5303,1618476478702,366,1
5304,1618476478794,421,1
5305,1618476478888,452,1
5306,1618476478982,434,1
5307,1618476479076,473,1
5308,1618476479170,423,1
5309,1618476479264,248,1
5310,1618476479358,308,1
5311,1618476479452,395,1
5312,1618476479546,383,1
5313,1618476479640,331,1
5314,1618476479734,372,1
5315,1618476479828,352,1
5316,1618476479922,304,1
5317,1618476480017,380,1
5318,1618476480111,396,1
5319,1618476480205,398,1
5320,1618476480299,373,1
5321,1618476480393,406,0
5322,1618476480487,360,0
5323,1618476480581,364,0
5324,1618476480675,408,0
5325,1618476480769,372,0
5326,1618476480863,354,0
5327,1618476480957,408,0
5328,1618476481051,391,0
5329,1618476481145,353,0
5330,1618476481235,400,0
5331,1618476481329,415,0
5332,1618476481423,352,0
5333,1618476481517,381,0
5334,1618476481611,409,0
5335,1618476481705,359,0
5336,1618476481799,364,0
5337,1618476481893,409,0
5338,1618476481987,370,0
5339,1618476482081,354,0
5340,1618476482175,408,0
5341,1618476482269,384,0
5342,1618476482363,350,0
5343,1618476482452,409,0
5344,1618476482546,400,0
5345,1618476482640,355,0
5346,1618476482734,383,0
5347,1618476482828,408,0
5348,1618476482922,354,0
5349,1618476483016,371,0
5350,1618476483110,417,0
5351,1618476483204,369,0
5352,1618476483298,354,0
5353,1618476483392,410,0
5354,1618476483486,382,0
5355,1618476483580,399,0
5356,1618476483668,402,0
5357,1618476483762,399,0
5358,1618476483856,347,0
5359,1618476483950,389,0
5360,1618476484044,412,0
5361,1618476484138,358,0
5362,1618476484232,371,0
5363,1618476484326,411,0
5364,1618476484420,366,0
5365,1618476484514,360,0
5366,1618476484608,410,0
5367,1618476484702,365,0
5368,1618476484796,352,0
5369,1618476484886,401,0
5370,1618476484980,397,0
5371,1618476485074,347,0
5372,1618476485168,393,0
5373,1618476485262,406,0
5374,1618476485356,357,0
5375,1618476485450,374,0
5376,1618476485544,412,0
5377,1618476485638,367,0
5378,1618476485732,364,0
5379,1618476485826,352,0
5380,1618476485920,377,0
5381,1618476486014,352,0
5382,1618476486113,407,0
5383,1618476486207,391,0
5384,1618476486301,350,0
5385,1618476486395,393,0
5386,1618476486489,403,0
5387,1618476486583,355,0
5388,1618476486677,381,0
5389,1618476486771,412,0
5390,1618476486865,363,0
5391,1618476486959,346,0
5392,1618476487053,416,0
5393,1618476487147,375,0
5394,1618476487241,353,0
5395,1618476487334,408,0
5396,1618476487428,388,0
