10522,1616113662920,-329,0
10523,1616113663014,-318,0
10524,1616113663108,-333,0
10525,1616113663202,-326,0
10526,1616113663296,-331,0
10527,1616113663390,-333,0
10528,1616113663484,-335,0
10529,1616113663578,-319,0
10530,1616113663669,-326,0
10531,1616113663764,-335,0
10532,1616113663859,-319,0
10533,1616113663954,-325,0
10534,1616113664049,-335,0
10535,1616113664144,-327,0
10536,1616113664239,-322,0
10537,1616113664334,-338,0
10538,1616113664429,-336,0
10539,1616113664524,-321,0
10540,1616113664619,-334,0
10541,1616113664714,-323,0
10542,1616113664809,-322,0
10543,1616113664902,-332,0
10544,1616113664996,-330,0
10545,1616113665090,-322,0
10546,1616113665184,-328,0
10547,1616113665278,-338,0
10548,1616113665372,-318,0
10549,1616113665466,-327,0
10550,1616113665560,-324,0
10551,1616113665654,-320,0
10552,1616113665748,-328,0
10553,1616113665842,-338,0
10554,1616113665936,-323,0
10555,1616113666030,-321,0
10556,1616113666119,-336,0
10557,1616113666213,-326,0
10558,1616113666307,-320,0
10559,1616113666401,-334,0
10560,1616113666495,-331,0
10561,1616113666589,-322,0
10562,1616113666683,-320,0
10563,1616113666777,-330,0
10564,1616113666871,-318,0
10565,1616113666965,-330,0
10566,1616113667059,-334,0
10567,1616113667153,-321,0
10568,1616113667247,-323,0
10569,1616113667340,-342,0
10570,1616113667434,-322,0
10571,1616113667528,-323,0
10572,1616113667622,-341,0
10573,1616113667716,-325,0
10574,1616113667810,-330,0
10575,1616113667904,-338,0
10576,1616113667998,-331,0
10577,1616113668092,-329,0
10578,1616113668186,-339,0
10579,1616113668280,-331,0
10580,1616113668374,-325,1
10581,1616113668468,-341,1
10582,1616113668560,-340,1
10583,1616113668655,-327,1
10584,1616113668750,-345,1
10585,1616113668845,-348,1
10586,1616113668940,-354,1
10587,1616113669035,-349,1
10588,1616113669130,-362,1
10589,1616113669225,-344,1
10590,1616113669320,-349,1
10591,1616113669415,-354,1
10592,1616113669510,-323,1
10593,1616113669605,-314,1
10594,1616113669700,-318,1
10595,1616113669794,-293,1
10596,1616113669888,-286,1
10597,1616113669982,-300,1
10598,1616113670076,-303,1
10599,1616113670170,-285,1
10600,1616113670264,-302,1
10601,1616113670358,-305,1
10602,1616113670452,-300,1
10603,1616113670546,-320,1
10604,1616113670640,-325,1
10605,1616113670734,-311,1
10606,1616113670828,-324,1
10607,1616113670922,-334,1
10608,1616113671013,-317,1
10609,1616113671107,-323,1
10610,1616113671201,-329,1
10611,1616113671295,-324,0
10612,1616113671389,-326,0
10613,1616113671483,-334,0
10614,1616113671577,-328,0
10615,1616113671671,-320,0
10616,1616113671765,-338,0
10617,1616113671859,-330,0
10618,1616113671953,-318,0
10619,1616113672047,-332,0
10620,1616113672141,-325,0
10621,1616113672232,-322,0
10622,1616113672326,-319,0
10623,1616113672420,-331,0
10624,1616113672514,-318,0
10625,1616113672608,-327,0
10626,1616113672702,-339,0
10627,1616113672796,-322,0
10628,1616113672890,-331,0
10629,1616113672984,-339,0
10630,1616113673078,-321,0
10631,1616113673172,-322,0
10632,1616113673266,-335,0
10633,1616113673360,-328,0
10634,1616113673450,-318,0
10635,1616113673544,-330,0
10636,1616113673638,-322,0
10637,1616113673732,-316,0
10638,1616113673826,-335,0
10639,1616113673920,-332,0
10640,1616113674014,-316,0
10641,1616113674108,-330,0
10642,1616113674202,-335,0
10643,1616113674296,-316,0
10644,1616113674390,-328,0
10645,1616113674484,-337,0
10646,1616113674578,-332,0
10647,1616113674667,-324,0
10648,1616113674761,-340,0
10649,1616113674855,-322,0
10650,1616113674949,-322,0
10651,1616113675043,-332,0
10652,1616113675137,-327,0
10653,1616113675231,-318,0
10654,1616113675325,-334,0
10655,1616113675419,-331,0
10656,1616113675513,-317,0
10657,1616113675607,-333,0
10658,1616113675701,-340,0
10659,1616113675795,-316,0
10660,1616113675888,-327,0
10661,1616113675982,-335,0
10662,1616113676076,-320,0
10663,1616113676170,-330,0
10664,1616113676264,-333,0
10665,1616113676358,-321,0
10666,1616113676452,-324,0
10667,1616113676546,-336,0
10668,1616113676640,-324,0
10669,1616113676734,-323,0
10670,1616113676828,-331,0
10671,1616113676922,-325,0
10672,1616113677016,-321,0
10673,1616113677106,-335,0
10674,1616113677200,-325,0
10675,1616113677294,-314,0
10676,1616113677388,-330,0
10677,1616113677482,-333,0
10678,1616113677576,-321,0
10679,1616113677670,-332,0
10680,1616113677764,-334,0
10681,1616113677858,-319,0
10682,1616113677952,-319,0
10683,1616113678046,-334,0
10684,1616113678140,-323,0
10685,1616113678234,-326,0
10686,1616113678324,-335,0
10687,1616113678418,-326,0
10688,1616113678512,-322,0
10689,1616113678606,-334,0
10690,1616113678700,-322,0
10691,1616113678794,-317,0
10692,1616113678888,-336,0
10693,1616113678982,-330,0
10694,1616113679076,-319,0
10695,1616113679170,-334,0
10696,1616113679264,-334,0
10697,1616113679358,-315,0
10698,1616113679452,-330,0
10699,1616113679543,-333,0
10700,1616113679637,-322,0
10701,1616113679731,-327,0
10702,1616113679825,-339,0
10703,1616113679919,-323,0
10704,1616113680013,-327,0
10705,1616113680107,-338,0
10706,1616113680201,-327,0
10707,1616113680295,-322,0
10708,1616113680389,-338,0
10709,1616113680483,-335,0
10710,1616113680577,-325,0
10711,1616113680671,-342,0
10712,1616113680763,-334,0
10713,1616113680857,-328,0
10714,1616113680951,-338,0
10715,1616113681045,-342,1
10716,1616113681139,-324,1
10717,1616113681233,-343,1
10718,1616113681327,-347,1
10719,1616113681421,-327,1
10720,1616113681515,-326,1
10721,1616113681609,-319,1
10722,1616113681703,-285,1
10723,1616113681797,-270,1
10724,1616113681891,-272,1
10725,1616113681982,-257,1
10726,1616113682076,-247,1
10727,1616113682170,-268,1
10728,1616113682264,-272,1
10729,1616113682358,-292,1
10730,1616113682452,-314,1
10731,1616113682546,-321,1
10732,1616113682640,-314,1
10733,1616113682734,-330,1
10734,1616113682828,-331,1
10735,1616113682922,-321,1
10736,1616113683016,-328,1
10737,1616113683110,-335,1
10738,1616113683200,-320,1
10739,1616113683294,-324,1
10740,1616113683388,-342,1
10741,1616113683482,-322,0
10742,1616113683576,-324,0
10743,1616113683670,-337,0
10744,1616113683764,-324,0
10745,1616113683858,-321,0
10746,1616113683952,-337,0
10747,1616113684046,-329,0
10748,1616113684140,-319,0
10749,1616113684234,-333,0
10750,1616113684328,-330,0
10751,1616113684419,-317,0
10752,1616113684513,-332,0
10753,1616113684607,-335,0
10754,1616113684701,-317,0
10755,1616113684795,-328,0
10756,1616113684889,-336,0
10757,1616113684983,-321,0
10758,1616113685077,-325,0
10759,1616113685171,-338,0
10760,1616113685265,-325,0
10761,1616113685359,-322,0
10762,1616113685453,-333,0
10763,1616113685547,-328,0
10764,1616113685637,-321,0
10765,1616113685731,-337,0
10766,1616113685825,-327,0
10767,1616113685919,-316,0
10768,1616113686013,-335,0
10769,1616113686107,-330,0
10770,1616113686201,-318,0
10771,1616113686295,-331,0
10772,1616113686389,-334,0
10773,1616113686483,-320,0
10774,1616113686577,-328,0
10775,1616113686671,-340,0
10776,1616113686765,-321,0
10777,1616113686856,-327,0
10778,1616113686950,-334,0
10779,1616113687044,-324,0
10780,1616113687138,-324,0
10781,1616113687232,-335,0
