3858,1610678783002,748,0
3859,1610678783096,724,0
3860,1610678783190,729,0
3861,1610678783281,741,0
3862,1610678783375,759,0
3863,1610678783469,731,0
3864,1610678783563,739,0
3865,1610678783657,758,0
3866,1610678783751,737,0
3867,1610678783845,733,0
3868,1610678783939,754,0
3869,1610678784033,745,0
3870,1610678784127,728,0
3871,1610678784221,741,0
3872,1610678784315,748,0
3873,1610678784409,728,0
3874,1610678784500,749,0
3875,1610678784594,753,0
3876,1610678784688,733,0
3877,1610678784782,744,0
3878,1610678784876,761,0
3879,1610678784970,731,0
3880,1610678785064,743,0
3881,1610678785158,758,0
3882,1610678785252,732,0
3883,1610678785346,754,0
3884,1610678785440,758,0
3885,1610678785534,742,0
3886,1610678785628,728,0
3887,1610678785720,757,0
3888,1610678785814,742,0
3889,1610678785908,727,0
3890,1610678786002,752,0
3891,1610678786096,749,0
3892,1610678786190,729,0
3893,1610678786284,751,0
3894,1610678786378,753,0
3895,1610678786472,758,0
3896,1610678786566,747,0
3897,1610678786660,756,0
3898,1610678786754,728,0
3899,1610678786848,738,0
3900,1610678786937,754,0
3901,1610678787031,733,0
3902,1610678787125,734,0
3903,1610678787219,753,0
3904,1610678787313,736,0
3905,1610678787407,730,0
3906,1610678787501,753,0
3907,1610678787595,737,0
3908,1610678787689,726,0
3909,1610678787783,748,0
3910,1610678787877,739,1
3911,1610678787971,712,1
3912,1610678788065,730,1
3913,1610678788155,724,1
3914,1610678788249,636,1
3915,1610678788343,526,1
3916,1610678788437,473,1
3917,1610678788531,972,1
3918,1610678788625,959,1
3919,1610678788719,979,1
3920,1610678788813,589,1
3921,1610678788907,1178,1
3922,1610678789001,969,1
3923,1610678789095,842,1
3924,1610678789189,674,1
3925,1610678789283,717,1
3926,1610678789375,723,1
3927,1610678789469,716,1
3928,1610678789563,746,1
3929,1610678789657,743,1
3930,1610678789751,724,1
3931,1610678789845,733,0
3932,1610678789939,751,0
3933,1610678790033,727,0
3934,1610678790127,747,0
3935,1610678790221,753,0
3936,1610678790315,730,0
3937,1610678790409,742,0
3938,1610678790503,760,0
3939,1610678790593,736,0
3940,1610678790688,730,0
3941,1610678790783,758,0
3942,1610678790878,743,0
3943,1610678790973,750,0
3944,1610678791068,756,0
3945,1610678791163,745,0
3946,1610678791258,731,0
3947,1610678791353,758,0
3948,1610678791448,754,0
3949,1610678791543,724,0
3950,1610678791638,752,0
3951,1610678791733,755,0
3952,1610678791822,729,0
3953,1610678791916,747,0
3954,1610678792010,756,0
3955,1610678792104,762,0
3956,1610678792198,739,0
3957,1610678792292,759,0
3958,1610678792386,736,0
3959,1610678792480,736,0
3960,1610678792574,762,0
3961,1610678792668,738,0
3962,1610678792762,732,0
3963,1610678792856,754,0
3964,1610678792950,743,0
3965,1610678793038,731,0
3966,1610678793133,757,0
3967,1610678793228,747,0
3968,1610678793323,720,0
3969,1610678793418,750,0
3970,1610678793513,753,0
3971,1610678793608,732,0
3972,1610678793703,746,0
3973,1610678793798,760,0
3974,1610678793893,729,0
3975,1610678793988,738,0
3976,1610678794083,758,0
3977,1610678794178,732,0
3978,1610678794273,730,0
3979,1610678794367,729,0
3980,1610678794461,740,0
3981,1610678794555,729,0
3982,1610678794649,757,0
3983,1610678794743,744,0
3984,1610678794837,728,0
3985,1610678794931,750,0
3986,1610678795025,748,0
3987,1610678795119,727,0
3988,1610678795213,747,0
3989,1610678795307,756,0
3990,1610678795401,729,0
3991,1610678795501,731,0
3992,1610678795596,757,0
3993,1610678795691,731,0
3994,1610678795786,738,0
3995,1610678795881,757,0
3996,1610678795976,736,0
3997,1610678796071,730,0
3998,1610678796166,761,0
3999,1610678796261,737,0
4000,1610678796356,732,0
4001,1610678796451,755,0
4002,1610678796546,741,0
4003,1610678796641,749,0
4004,1610678796736,753,0
4005,1610678801217,749,0
4006,1610678805698,723,0
4007,1610678810179,751,0
4008,1610678814660,755,0
4009,1610678819141,732,0
4010,1610678823622,742,0
4011,1610678828103,758,0
4012,1610678832584,733,0
4013,1610678837065,738,0
4014,1610678841546,759,0
4015,1610678846027,759,0
4016,1610678850508,735,0
4017,1610678854986,757,0
4018,1610678854986,739,0
4019,1610678854986,729,0
4020,1610678854986,754,0
4021,1610678854986,746,0
4022,1610678854986,727,0
4023,1610678854986,754,0
4024,1610678854986,751,0
4025,1610678854986,727,0
4026,1610678854986,748,0
4027,1610678854986,751,0
4028,1610678854986,730,0
4029,1610678854986,742,0
4030,1610678854989,758,0
4031,1610678854989,728,0
4032,1610678854989,743,0
4033,1610678854989,760,0
4034,1610678854989,736,0
4035,1610678854989,737,0
4036,1610678854989,758,0
4037,1610678854989,743,0
4038,1610678854989,729,0
4039,1610678854989,735,0
4040,1610678854989,747,0
4041,1610678854989,726,0
4042,1610678854989,752,0
4043,1610678854994,747,0
4044,1610678854994,729,0
4045,1610678854994,749,0
4046,1610678854994,757,0
4047,1610678854994,727,0
4048,1610678854994,744,0
4049,1610678854994,756,0
4050,1610678854994,730,0
4051,1610678854994,725,0
4052,1610678854994,762,0
4053,1610678854994,736,0
4054,1610678854994,737,0
4055,1610678854994,758,0
4056,1610678854997,741,0
4057,1610678854997,731,0
4058,1610678854997,756,0
4059,1610678854997,741,0
4060,1610678854997,727,0
4061,1610678854997,753,0
4062,1610678854997,752,0
4063,1610678854997,738,0
4064,1610678854997,752,0
4065,1610678854997,758,0
4066,1610678854997,728,0
4067,1610678854997,748,0
4068,1610678854997,760,0
4069,1610678855001,726,0
4070,1610678855001,737,0
4071,1610678855001,761,0
4072,1610678855001,737,0
4073,1610678855001,730,0
4074,1610678855001,757,0
4075,1610678855001,751,0
4076,1610678855001,729,0
4077,1610678855001,753,0
4078,1610678855001,748,0
4079,1610678855001,730,0
4080,1610678855001,753,0
4081,1610678855001,751,0
4082,1610678855005,728,0
4083,1610678855005,747,0
4084,1610678855005,754,0
4085,1610678855005,727,0
4086,1610678855005,741,0
4087,1610678855005,754,0
4088,1610678855005,737,0
4089,1610678855005,741,0
4090,1610678855005,763,0
4091,1610678855005,734,0
4092,1610678855005,731,0
4093,1610678855005,758,0
4094,1610678855005,740,0
4095,1610678855009,729,0
4096,1610678855009,754,0
4097,1610678855009,746,0
4098,1610678855009,728,0
4099,1610678855009,739,0
4100,1610678855009,753,0
4101,1610678855009,726,0
4102,1610678855009,747,0
4103,1610678855009,759,0
4104,1610678855009,730,0
4105,1610678855009,741,0
4106,1610678855009,758,0
4107,1610678855009,730,0
4108,1610678855013,737,0
4109,1610678855013,760,0
4110,1610678855013,737,0
4111,1610678855013,726,0
4112,1610678855013,757,0
4113,1610678855013,747,0
4114,1610678855013,729,0
4115,1610678855013,754,0
4116,1610678855013,747,0
4117,1610678855013,729,0
4118,1610678855013,750,0
4119,1610678855013,755,0
4120,1610678855013,725,0
4121,1610678855018,748,0
4122,1610678855018,760,0
4123,1610678855018,729,0
4124,1610678855018,741,0
4125,1610678855018,758,0
4126,1610678855018,734,0
4127,1610678855018,735,0
4128,1610678855018,759,0
4129,1610678855018,740,0
4130,1610678855018,732,0
4131,1610678855018,758,0
4132,1610678855018,744,0
4133,1610678855018,727,0
4134,1610678855022,757,0
4135,1610678855022,746,0
4136,1610678855022,728,0
4137,1610678855022,750,0
4138,1610678855022,752,0
4139,1610678855022,730,0
4140,1610678855022,746,0
4141,1610678855022,757,0
4142,1610678855022,730,0
4143,1610678855022,743,0
4144,1610678855022,762,0
4145,1610678855022,733,0
4146,1610678855022,736,0
4147,1610678855027,761,0
4148,1610678855027,741,0
4149,1610678855027,729,0
4150,1610678855027,759,0
4151,1610678855027,744,0
4152,1610678855027,727,0
4153,1610678855027,753,0
4154,1610678855027,753,0
4155,1610678855027,722,0
4156,1610678855027,749,0
4157,1610678855027,756,0
4158,1610678855027,726,0
4159,1610678855027,746,0
4160,1610678855030,756,1
4161,1610678855030,728,1
4162,1610678855030,740,1
4163,1610678855030,758,1
4164,1610678855030,729,1
4165,1610678855030,730,1
4166,1610678855030,754,1
4167,1610678855030,728,1
4168,1610678855030,682,1
4169,1610678855030,704,1
4170,1610678855030,608,1
4171,1610678855030,487,1
4172,1610678855030,717,1
4173,1610678855034,788,1
4174,1610678855034,748,1
4175,1610678855034,783,1
4176,1610678855034,787,1
4177,1610678855034,660,1
4178,1610678855034,685,1
4179,1610678855034,773,1
4180,1610678855034,903,1
4181,1610678855034,829,1
4182,1610678855034,797,1
4183,1610678855034,745,1
4184,1610678855034,740,1
4185,1610678855034,764,1
4186,1610678855038,746,1
4187,1610678855038,734,1
4188,1610678855038,757,1
4189,1610678855038,750,1
4190,1610678855038,727,1
4191,1610678855038,751,0
4192,1610678855038,752,0
4193,1610678855038,729,0
4194,1610678855038,747,0
4195,1610678855038,746,0
4196,1610678855038,725,0
4197,1610678855038,742,0
4198,1610678855038,758,0
4199,1610678855042,731,0
4200,1610678855042,735,0
4201,1610678855042,763,0
4202,1610678855042,736,0
4203,1610678855042,732,0
4204,1610678855042,759,0
4205,1610678855042,741,0
4206,1610678855042,729,0
4207,1610678855042,758,0
4208,1610678855042,747,0
4209,1610678855042,726,0
4210,1610678855042,750,0
4211,1610678855042,756,0
4212,1610678855045,730,0
4213,1610678855045,747,0
4214,1610678855045,759,0
4215,1610678855045,731,0
4216,1610678855045,740,0
4217,1610678855045,761,0
4218,1610678855045,735,0
4219,1610678855045,754,0
4220,1610678855045,764,0
4221,1610678855045,738,0
4222,1610678855045,729,0
4223,1610678855045,756,0
4224,1610678855045,742,0
4225,1610678855047,732,0
4226,1610678855047,760,0
4227,1610678855047,747,0
4228,1610678855047,729,0
4229,1610678855047,751,0
4230,1610678855047,754,0
4231,1610678855047,739,0
