0,36447261,-411,0
1,36447359,-408,0
2,36447442,-408,0
3,36447528,-434,0
4,36447625,-463,0
5,36447725,-441,0
6,36447813,-422,0
7,36447895,-354,0
8,36447986,-181,0
9,36448083,8,0
10,36448176,79,0
11,36448256,86,0
12,36448347,200,0
13,36448429,206,0
14,36448525,109,0
15,36448623,146,0
16,36448711,166,0
17,36448805,68,0
18,36448898,116,0
19,36448981,191,0
20,36449061,114,0
21,36449151,104,0
22,36449239,194,0
23,36449326,105,0
24,36449420,91,0
25,36449505,182,0
26,36449600,173,0
27,36449681,95,0
28,36449768,161,0
29,36449858,196,0
30,36449958,103,0
31,36450056,139,0
32,36450148,202,0
33,36450241,115,0
34,36450341,118,0
35,36450438,201,0
36,36450538,141,0
37,36450623,97,0
38,36450709,190,0
39,36450805,164,0
40,36450905,98,0
41,36450986,173,0
42,36451076,186,0
43,36451175,98,0
44,36451256,147,0
45,36451339,203,0
46,36451419,113,0
47,36451501,128,0
48,36451596,189,0
49,36451677,104,0
50,36451768,145,0
51,36451861,203,0
52,36451942,121,0
53,36452023,124,0
54,36452115,202,0
55,36452203,140,0
56,36452291,110,0
57,36452375,192,0
58,36452472,166,0
59,36452570,163,0
60,36452665,177,0
61,36452749,185,0
62,36452838,101,0
63,36452930,153,0
64,36453011,200,0
65,36453093,112,0
66,36453177,129,0
67,36453273,203,0
68,36453363,134,0
69,36453450,109,0
70,36453536,202,0
71,36453619,188,0
72,36453715,100,0
73,36453815,182,0
74,36453912,177,0
75,36453992,102,0
76,36454089,162,0
77,36454186,191,0
78,36454280,107,0
79,36454364,140,0
80,36454463,201,0
81,36454560,120,0
82,36454647,113,0
83,36454739,203,0
84,36454836,147,0
85,36454922,103,0
86,36455020,185,0
87,36455119,169,0
88,36455211,93,0
89,36455300,167,0
90,36455399,188,0
91,36455498,105,0
92,36455590,147,0
93,36455679,201,0
94,36455762,116,0
95,36455862,186,0
96,36455948,200,0
97,36456042,137,0
98,36456134,105,0
99,36456215,191,0
100,36456313,159,0
101,36456411,100,0
102,36456509,176,0
103,36456591,182,0
104,36456678,98,0
105,36456776,151,0
106,36456864,194,0
107,36456957,162,0
108,36457049,130,0
109,36457140,200,0
110,36457227,129,0
111,36457324,108,0
112,36457416,196,0
113,36457499,150,0
114,36457583,100,0
115,36457675,187,0
116,36457771,173,0
117,36457871,95,0
118,36457966,162,0
119,36458059,132,0
120,36458145,108,0
121,36458244,138,0
122,36458338,201,0
123,36458429,124,0
124,36458521,113,0
125,36458612,204,0
126,36458701,147,0
127,36458797,101,0
128,36458893,189,0
129,36458991,169,0
130,36459071,99,0
131,36459166,105,0
132,36459264,186,0
133,36459352,101,0
134,36459432,142,0
135,36459513,200,0
136,36459597,118,0
137,36459695,125,0
138,36459792,198,0
139,36459872,139,0
140,36459955,101,0
141,36460055,191,0
142,36460150,165,0
143,36460239,97,0
144,36460325,169,0
145,36460417,180,0
146,36460511,94,0
147,36460608,149,0
148,36460700,195,0
149,36460793,108,0
150,36460885,128,0
151,36460981,200,0
152,36461068,133,0
153,36461161,111,0
154,36461245,113,0
155,36461339,161,0
156,36461433,94,0
157,36461527,182,0
158,36461626,178,0
159,36461717,95,0
160,36461817,157,0
161,36461898,193,0
162,36461985,102,0
163,36462079,138,0
164,36462159,201,0
165,36462244,123,0
166,36462328,144,0
167,36462421,200,0
168,36462506,148,0
169,36462605,100,0
170,36462696,187,0
171,36462788,169,0
172,36462878,95,0
173,36462977,165,0
174,36463073,194,0
175,36463156,104,0
176,36463241,146,0
177,36463324,203,0
178,36463406,177,0
179,36463504,120,0
180,36463585,205,0
181,36463665,138,0
182,36463756,102,0
183,36463853,187,0
184,36463947,164,0
185,36464041,94,0
186,36464132,170,0
187,36464224,187,0
188,36464304,101,0
189,36464399,151,0
190,36464482,203,0
191,36464580,112,0
192,36464673,126,0
193,36464770,202,0
194,36464865,133,0
195,36464962,104,0
196,36465043,199,0
197,36465125,158,0
198,36465206,100,0
199,36465299,184,0
200,36465387,175,0
201,36465484,96,0
202,36465580,200,0
203,36465675,192,0
204,36465772,106,0
205,36465870,137,0
206,36465968,199,0
207,36466062,122,0
208,36466146,112,0
209,36466246,199,0
210,36466346,150,0
211,36466441,103,0
212,36466535,183,0
213,36466625,167,0
214,36466707,178,0
215,36466789,169,0
216,36466869,187,0
217,36466969,101,0
218,36467050,146,0
219,36467140,205,0
220,36467232,124,0
221,36467330,128,0
222,36467423,209,0
223,36467519,149,0
224,36467615,118,0
225,36467707,206,0
226,36467803,163,0
227,36467887,113,0
228,36467978,193,0
229,36468059,195,0
230,36468146,118,0
231,36468234,174,0
232,36468315,219,0
233,36468395,132,0
234,36468479,149,0
235,36468564,227,0
236,36468644,155,0
237,36468730,136,0
238,36468819,142,0
239,36468918,188,0
240,36469006,133,0
241,36469086,217,0
242,36469174,214,0
243,36469254,133,0
244,36469339,205,0
245,36469436,236,0
246,36469529,150,0
247,36469616,186,0
248,36469715,252,0
249,36469805,176,0
250,36469897,152,0
251,36469996,256,0
252,36470079,199,0
253,36470162,160,0
254,36470258,243,0
255,36470341,224,0
256,36470427,149,0
257,36470507,222,0
258,36470590,230,0
259,36470673,137,0
260,36470771,183,0
261,36470859,220,0
262,36470941,112,0
263,36471027,131,0
264,36471107,197,1
265,36471201,114,1
266,36471297,79,1
267,36471383,152,1
268,36471471,108,1
269,36471562,39,1
270,36471642,114,1
271,36471729,104,1
272,36471823,17,1
273,36471916,78,1
274,36471997,45,1
275,36472088,12,1
276,36472186,38,1
277,36472281,104,1
278,36472374,22,1
279,36472455,11,1
280,36472553,100,1
281,36472635,43,1
282,36472731,-1,1
283,36472828,92,1
284,36472914,75,1
285,36473006,9,1
286,36473086,81,1
287,36473173,88,1
288,36473266,-8,1
289,36473358,19,1
290,36473456,35,1
291,36473536,-81,1
292,36473636,-96,1
293,36473731,-42,1
294,36473822,-132,1
295,36473921,-174,1
296,36474010,-101,1
297,36474107,-118,1
298,36474201,-247,1
299,36474295,-194,1
300,36474391,-221,1
301,36474476,-316,1
302,36474564,-264,1
303,36474659,-222,1
304,36474744,-292,1
305,36474840,-228,1
306,36474932,-138,1
307,36475017,-190,1
308,36475116,-164,1
309,36475203,-57,1
310,36475298,-95,1
311,36475398,-120,1
312,36475482,-13,1
313,36475579,-29,1
314,36475675,-83,1
315,36475755,4,1
316,36475850,25,1
317,36475937,-58,1
318,36476024,-2,1
319,36476117,34,1
320,36476212,-62,1
321,36476294,-15,1
322,36476393,-1,1
323,36476477,-99,1
324,36476571,-143,1
325,36476667,-81,1
326,36476749,-156,1
327,36476833,-236,1
328,36476915,-179,1
329,36477001,-222,1
330,36477098,-327,1
331,36477194,-279,1
332,36477274,-284,1
333,36477356,-360,1
334,36477438,-374,1
335,36477538,-337,1
336,36477630,-440,1
337,36477727,-446,1
338,36477813,-381,1
339,36477899,-465,1
340,36477984,-513,1
341,36478071,-444,1
342,36478168,-501,1
343,36478248,-576,1
344,36478331,-511,1
345,36478419,-612,1
346,36478499,-634,1
347,36478583,-584,1
348,36478681,-569,1
349,36478776,-675,1
350,36478859,-650,1
351,36478939,-600,1
352,36479029,-690,1
353,36479112,-685,1
354,36479196,-598,1
355,36479292,-659,1
356,36479385,-684,1
357,36479473,-688,1
358,36479557,-612,1
359,36479640,-670,1
360,36479735,-578,1
361,36479827,-573,1
362,36479917,-648,1
363,36480015,-572,1
364,36480106,-517,1
365,36480188,-597,1
366,36480274,-544,1
367,36480363,-469,1
368,36480453,-539,1
369,36480535,-512,1
370,36480625,-434,1
371,36480717,-478,1
372,36480809,-503,1
373,36480907,-395,1
374,36481005,-405,1
375,36481086,-459,1
376,36481175,-369,1
377,36481266,-349,1
378,36481355,-418,1
379,36481437,-342,1
380,36481523,-295,1
381,36481613,-303,1
382,36481711,-332,1
383,36481795,-252,1
384,36481877,-311,1
385,36481959,-307,1
386,36482054,-215,1
387,36482144,-256,1
388,36482241,-291,1
389,36482336,-191,1
390,36482433,-208,1
391,36482519,-274,1
392,36482616,-183,1
393,36482703,-153,1
394,36482786,-247,1
395,36482867,-180,1
396,36482953,-135,1
397,36483048,-219,1
398,36483129,-182,1
399,36483226,-113,1
400,36483308,-190,1
401,36483403,-187,1
402,36483494,-97,1
403,36483592,-149,1
404,36483692,-182,1
405,36483785,-189,1
406,36483867,-122,1
407,36483963,-183,1
408,36484045,-98,1
409,36484131,-97,1
410,36484213,-175,1
411,36484311,-117,1
412,36484396,-79,1
413,36484479,-164,1
414,36484560,-130,1
415,36484646,-65,1
416,36484737,-154,1
417,36484837,-133,1
418,36484922,-55,1
419,36485005,-126,1
420,36485100,-158,1
421,36485200,-69,1
422,36485296,-112,1
423,36485388,-171,1
424,36485487,-86,1
425,36485571,-94,1
426,36485666,-173,1
427,36485757,-110,1
428,36485839,-76,1
429,36485921,-87,1
430,36486019,-127,1
431,36486106,-68,1
432,36486199,-154,1
433,36486285,-139,1
434,36486369,-60,1
435,36486457,-131,1
436,36486544,-160,1
437,36486637,-78,1
438,36486719,-126,1
439,36486807,-183,1
440,36486890,-98,1
441,36486972,-79,1
442,36487068,-180,1
443,36487163,-99,1
444,36487243,-84,1
445,36487323,-172,1
446,36487403,-125,1
447,36487494,-80,1
448,36487583,-168,1
449,36487678,-148,1
450,36487765,-73,1
451,36487856,-151,1
452,36487950,-164,1
453,36488043,-102,1
454,36488137,-127,1
455,36488222,-172,1
456,36488316,-84,1
457,36488402,-114,1
458,36488502,-183,1
459,36488584,-97,1
460,36488682,-99,1
461,36488766,-180,1
462,36488846,-115,1
463,36488928,-84,1
464,36489026,-173,1
465,36489126,-162,1
466,36489213,-80,1
467,36489300,-158,1
468,36489392,-158,1
469,36489485,-77,1
470,36489583,-144,1
471,36489682,-167,1
472,36489772,-75,1
473,36489871,-122,1
474,36489954,-173,1
475,36490038,-89,1
476,36490138,-134,1
477,36490225,-205,1
478,36490317,-109,1
479,36490409,-91,1
480,36490497,-175,1
481,36490591,-120,1
482,36490675,-69,1
483,36490768,-164,1
484,36490856,-141,1
485,36490948,-73,1
486,36491040,-150,1
487,36491126,-159,1
488,36491206,-76,1
489,36491290,-138,1
490,36491372,-172,1
491,36491470,-84,1
492,36491557,-116,1
493,36491644,-179,1
494,36491732,-99,1
495,36491819,-97,1
496,36491916,-186,1
497,36492005,-113,1
498,36492105,-86,1
499,36492197,-180,1
500,36492287,-135,1
501,36492369,-91,1
502,36492455,-166,1
503,36492551,-148,1
504,36492636,-70,1
505,36492729,-144,1
506,36492822,-159,1
507,36492916,-72,1
508,36493006,-123,1
509,36493106,-169,1
510,36493189,-76,1
511,36493285,-100,1
512,36493385,-174,1
513,36493466,-70,1
514,36493562,-87,1
515,36493659,-177,1
516,36493747,-114,1
517,36493838,-76,1
518,36493924,-166,1
519,36494019,-130,1
520,36494114,-72,1
521,36494205,-152,1
522,36494299,-147,1
523,36494388,-64,1
524,36494473,-135,1
525,36494557,-109,1
526,36494657,-71,1
527,36494747,-116,1
528,36494843,-174,1
529,36494927,-80,1
530,36495017,-101,1
531,36495098,-174,1
532,36495181,-97,1
533,36495266,-82,1
534,36495351,-174,1
535,36495447,-113,1
536,36495540,-74,1
537,36495631,-171,1
538,36495716,-133,1
539,36495809,-68,1
540,36495904,-151,1
541,36495986,-150,1
542,36496069,-66,1
543,36496159,-135,1
544,36496242,-163,1
545,36496337,-71,1
546,36496419,-115,1
547,36496516,-174,1
548,36496604,-87,1
549,36496699,-158,1
550,36496786,-177,1
551,36496874,-100,1
552,36496972,-85,1
553,36497061,-170,1
554,36497150,-120,1
555,36497234,-78,1
556,36497331,-158,1
557,36497411,-139,1
558,36497497,-67,1
559,36497580,-149,1
560,36497676,-153,1
561,36497767,-104,1
562,36497853,-135,1
563,36497949,-164,1
564,36498035,-77,1
565,36498122,-116,1
566,36498213,-167,1
567,36498301,-88,1
568,36498399,-99,1
569,36498498,-175,1
570,36498592,-99,1
571,36498690,-84,1
572,36498776,-171,1
573,36498862,-69,1
574,36498957,-71,1
575,36499051,-164,1
576,36499133,-137,1
577,36499219,-64,1
578,36499302,-144,1
579,36499401,-152,1
580,36499495,-69,1
581,36499594,-132,1
582,36499685,-164,1
583,36499784,-72,1
584,36499874,-112,1
585,36499957,-92,1
586,36500048,-87,1
587,36500141,-95,1
588,36500240,-171,1
589,36500323,-103,1
590,36500407,-81,1
591,36500502,-174,1
592,36500598,-117,1
593,36500695,-69,1
594,36500779,-166,1
595,36500869,-138,1
596,36500950,-68,1
597,36501046,-162,1
598,36501137,-152,1
599,36501231,-68,1
600,36501331,-134,1
601,36501423,-165,1
602,36501520,-73,1
603,36501605,-112,1
604,36501701,-169,1
605,36501801,-83,1
606,36501891,-96,1
607,36501975,-174,1
608,36502069,-101,1
609,36502166,-168,1
610,36502251,-165,1
611,36502346,-115,1
612,36502436,-76,1
613,36502518,-164,1
614,36502614,-135,1
615,36502704,-70,1
616,36502802,-151,1
617,36502882,-152,1
618,36502969,-71,1
619,36503066,-134,1
620,36503165,-163,1
621,36503252,-124,1
622,36503349,-117,1
623,36503434,-173,1
624,36503533,-84,1
625,36503616,-103,1
626,36503713,-172,1
627,36503805,-104,1
628,36503885,-85,1
629,36503977,-171,1
630,36504065,-118,1
631,36504151,-74,1
632,36504239,-162,1
633,36504332,-76,1
634,36504416,-68,1
635,36504515,-147,1
636,36504613,-155,1
637,36504700,-68,1
638,36504795,-136,1
639,36504876,-165,1
640,36504958,-75,1
641,36505053,-116,1
642,36505139,-174,1
643,36505224,-86,1
644,36505311,-97,1
645,36505404,-80,1
646,36505484,-98,1
647,36505564,-86,1
648,36505656,-173,1
649,36505742,-118,1
650,36505837,-75,1
651,36505934,-163,1
652,36506016,-138,1
653,36506104,-70,1
654,36506191,-145,1
655,36506284,-149,1
656,36506368,-69,1
657,36506461,-147,1
658,36506551,-162,1
659,36506635,-74,1
660,36506730,-114,1
661,36506817,-170,1
662,36506915,-80,1
663,36507009,-95,1
664,36507094,-179,1
665,36507192,-102,1
666,36507272,-86,1
667,36507357,-169,1
668,36507446,-120,1
669,36507529,-171,1
670,36507621,-159,1
671,36507715,-139,1
672,36507810,-68,1
673,36507903,-148,1
674,36507983,-154,1
675,36508066,-69,1
676,36508147,-135,1
677,36508244,-167,1
678,36508331,-75,1
679,36508425,-116,1
680,36508519,-178,1
681,36508600,-139,1
682,36508696,-99,1
683,36508782,-175,1
684,36508882,-104,1
685,36508978,-84,1
686,36509058,-169,1
687,36509140,-122,1
688,36509236,-74,1
689,36509330,-161,1
690,36509430,-137,1
691,36509515,-68,1
692,36509613,-150,1
693,36509698,-86,1
694,36509784,-68,1
695,36509874,-136,1
696,36509959,-164,1
697,36510054,-79,1
698,36510153,-113,1
699,36510238,-171,1
700,36510335,-81,1
701,36510429,-103,1
702,36510520,-173,1
703,36510606,-101,1
704,36510691,-83,1
705,36510776,-71,1
706,36510863,-117,1
707,36510956,-75,1
708,36511056,-162,1
709,36511147,-138,1
710,36511233,-67,1
711,36511330,-149,1
712,36511424,-152,1
713,36511523,-67,1
714,36511613,-133,1
715,36511710,-168,1
716,36511806,-73,1
717,36511898,-134,1
718,36511998,-171,1
719,36512090,-85,1
720,36512186,-99,1
721,36512269,-170,1
722,36512367,-98,1
723,36512451,-83,1
724,36512532,-170,1
725,36512632,-115,1
726,36512719,-77,1
727,36512817,-166,1
728,36512898,-133,1
729,36512994,-170,1
730,36513078,-151,1
731,36513160,-148,1
732,36513249,-69,1
733,36513345,-134,1
734,36513436,-164,1
735,36513527,-75,1
736,36513623,-116,1
737,36513718,-167,1
738,36513808,-86,1
739,36513896,-100,1
740,36513985,-175,1
741,36514069,-153,1
742,36514154,-84,1
743,36514248,-167,1
744,36514346,-114,1
745,36514438,-74,1
746,36514536,-163,1
747,36514624,-132,1
748,36514722,-65,1
749,36514811,-150,1
750,36514909,-146,1
751,36515001,-70,1
752,36515083,-132,1
753,36515171,-99,1
754,36515251,-71,1
755,36515332,-111,1
756,36515422,-167,1
757,36515510,-81,1
758,36515594,-101,1
759,36515692,-172,1
760,36515785,-98,1
761,36515867,-84,1
762,36515956,-170,1
763,36516046,-114,1
764,36516139,-72,1
765,36516223,-71,1
766,36516307,-136,1
767,36516388,-67,1
768,36516477,-145,1
769,36516565,-149,1
770,36516663,-66,1
771,36516752,-133,1
772,36516836,-162,1
773,36516917,-73,1
774,36517012,-115,1
775,36517107,-171,1
776,36517187,-85,1
777,36517287,-112,1
778,36517382,-170,1
779,36517472,-99,1
780,36517559,-80,1
781,36517654,-168,1
782,36517751,-118,1
783,36517851,-66,1
784,36517943,-158,1
785,36518039,-131,1
786,36518119,-72,1
787,36518207,-146,1
788,36518303,-154,1
789,36518383,-163,1
790,36518467,-131,1
791,36518549,-131,1
792,36518629,-51,1
793,36518711,-89,1
794,36518802,-150,1
795,36518883,-60,1
796,36518973,-71,1
797,36519066,-200,1
798,36519165,-104,1
799,36519254,-80,1
800,36519351,-167,1
801,36519446,-137,1
802,36519543,-38,1
803,36519643,-124,1
804,36519727,-101,1
805,36519817,-34,1
806,36519898,-113,1
807,36519993,-125,1
808,36520088,-72,1
809,36520174,-133,1
810,36520267,-159,1
811,36520348,-65,1
812,36520440,-105,1
813,36520535,-116,1
814,36520619,-83,1
815,36520714,-90,1
816,36520805,-175,1
817,36520887,-100,1
818,36520970,-78,1
819,36521066,-167,1
820,36521151,-122,1
821,36521246,-70,1
822,36521341,-160,1
823,36521433,-146,1
824,36521530,-74,1
825,36521612,-83,1
826,36521697,-166,1
827,36521781,-85,1
828,36521878,-143,1
829,36521964,-181,1
830,36522054,-85,1
831,36522152,-125,1
832,36522236,-186,1
833,36522323,-104,1
834,36522410,-104,1
835,36522508,-182,1
836,36522605,-121,1
837,36522689,-109,1
838,36522784,-184,1
839,36522871,-139,1
840,36522966,-87,1
841,36523060,-168,1
842,36523146,-157,1
843,36523228,-83,1
844,36523317,-156,1
845,36523397,-170,1
846,36523494,-83,1
847,36523576,-138,1
848,36523663,-180,1
849,36523744,-164,1
850,36523830,-125,1
851,36523914,-186,1
852,36523996,-106,1
853,36524091,-108,1
854,36524189,-185,1
855,36524274,-125,1
856,36524372,-93,1
857,36524461,-180,1
858,36524552,-138,1
859,36524643,-86,1
860,36524741,-168,1
861,36524840,-181,1
862,36524928,-82,1
863,36525009,-156,1
864,36525090,-171,1
865,36525188,-82,1
866,36525269,-137,1
867,36525358,-177,1
868,36525457,-90,1
869,36525537,-116,1
870,36525618,-182,1
871,36525704,-88,1
872,36525787,-92,1
873,36525886,-146,1
874,36525977,-118,1
875,36526066,-84,1
876,36526160,-168,1
877,36526253,-139,1
878,36526348,-82,1
879,36526435,-169,1
880,36526520,-160,1
881,36526611,-80,1
882,36526695,-149,1
883,36526785,-171,1
884,36526875,-82,1
885,36526961,-95,1
886,36527055,-179,1
887,36527137,-96,1
888,36527225,-115,1
889,36527314,-187,1
890,36527412,-111,1
891,36527503,-102,1
892,36527592,-184,1
893,36527678,-131,1
894,36527768,-91,1
895,36527853,-185,1
896,36527947,-150,1
897,36528038,-98,1
898,36528130,-176,1
899,36528216,-178,1
900,36528307,-101,1
901,36528406,-179,1
902,36528492,-214,1
903,36528577,-131,1
904,36528675,-452,1
905,36528772,-542,1
906,36528852,-502,1
907,36528951,-557,1
908,36529037,-674,1
909,36529124,-657,1
910,36529224,-633,1
911,36529309,-712,1
912,36529392,-617,1
913,36529477,-526,1
914,36529569,-550,1
915,36529663,-449,1
916,36529748,-301,1
917,36529848,-291,1
918,36529936,-201,1
919,36530034,-41,1
920,36530126,-49,1
921,36530221,-57,1
922,36530302,32,1
923,36530388,-36,1
924,36530479,-122,1
925,36530570,-83,1
926,36530652,-153,1
927,36530746,-298,1
928,36530845,-256,1
929,36530928,-202,1
930,36531024,-225,1
931,36531123,-132,1
932,36531219,-53,1
933,36531315,-83,1
934,36531399,12,1
935,36531498,111,1
936,36531596,40,1
937,36531678,20,1
938,36531759,99,1
939,36531843,43,1
940,36531932,15,1
941,36532027,118,1
942,36532124,94,1
943,36532221,56,1
944,36532314,167,1
945,36532401,170,1
946,36532492,127,1
947,36532576,215,1
948,36532657,251,1
949,36532748,164,1
950,36532831,211,1
951,36532913,259,1
952,36532995,168,1
953,36533091,180,1
954,36533189,248,0
955,36533287,166,0
956,36533383,146,0
957,36533464,230,0
958,36533562,168,0
959,36533651,122,0
960,36533737,212,0
961,36533829,178,0
962,36533924,108,0
963,36534021,190,0
964,36534121,189,0
965,36534220,111,0
966,36534318,174,0
967,36534404,198,0
968,36534498,113,0
969,36534580,180,0
970,36534665,205,0
971,36534753,121,0
972,36534847,134,0
973,36534937,211,0
974,36535025,135,0
975,36535113,121,0
976,36535200,205,0
977,36535291,155,0
978,36535372,99,0
979,36535464,192,0
980,36535561,170,0
981,36535656,121,0
982,36535737,182,0
983,36535831,184,0
984,36535918,104,0
985,36536001,160,0
986,36536094,195,0
987,36536191,106,0
988,36536282,140,0
989,36536372,201,0
990,36536459,115,0
991,36536544,127,0
992,36536633,201,0
993,36536721,93,0
994,36536807,110,0
995,36536902,196,0
996,36536993,148,0
997,36537082,104,0
998,36537162,188,0
999,36537243,168,0
1000,36537328,99,0
1001,36537419,172,0
1002,36537510,183,0
1003,36537602,98,0
1004,36537684,157,0
1005,36537774,133,0
1006,36537872,107,0
1007,36537970,136,0
1008,36538062,199,0
1009,36538151,120,0
1010,36538249,119,0
1011,36538346,197,0
1012,36538446,138,0
1013,36538537,104,0
1014,36538620,198,0
1015,36538709,158,0
1016,36538797,95,0
1017,36538895,193,0
1018,36538991,172,0
1019,36539079,93,0
1020,36539175,171,0
1021,36539272,187,0
1022,36539352,98,0
1023,36539438,153,0
1024,36539538,199,0
1025,36539625,106,0
1026,36539712,130,0
1027,36539806,203,0
1028,36539886,122,0
1029,36539976,189,0
1030,36540056,200,0
1031,36540146,135,0
1032,36540226,101,0
1033,36540306,193,0
1034,36540388,158,0
1035,36540470,98,0
1036,36540559,182,0
1037,36540655,172,0
1038,36540743,97,0
1039,36540827,166,0
1040,36540927,186,0
1041,36541008,142,0
1042,36541089,147,0
1043,36541174,202,0
1044,36541265,112,0
1045,36541349,128,0
1046,36541439,200,0
1047,36541530,124,0
1048,36541611,115,0
1049,36541695,198,0
1050,36541789,141,0
1051,36541885,100,0
1052,36541984,190,0
1053,36542066,103,0
1054,36542155,96,0
1055,36542245,178,0
1056,36542331,176,0
1057,36542423,91,0
1058,36542510,161,0
1059,36542600,185,0
1060,36542680,101,0
1061,36542779,142,0
1062,36542877,198,0
1063,36542960,115,0
1064,36543042,128,0
1065,36543139,108,0
1066,36543229,131,0
1067,36543314,109,0
1068,36543398,202,0
1069,36543498,146,0
1070,36543585,100,0
1071,36543676,189,0
1072,36543758,165,0
1073,36543848,95,0
1074,36543935,173,0
1075,36544023,180,0
1076,36544122,98,0
1077,36544213,173,0
1078,36544301,191,0
1079,36544400,103,0
1080,36544485,140,0
1081,36544582,205,0
1082,36544674,112,0
1083,36544766,123,0
1084,36544862,201,0
1085,36544954,133,0
1086,36545037,111,0
1087,36545134,195,0
1088,36545225,146,0
1089,36545307,201,0
1090,36545401,189,0
1091,36545491,170,0
1092,36545582,94,0
1093,36545675,171,0
1094,36545757,183,0
1095,36545851,97,0
1096,36545949,159,0
1097,36546033,190,0
1098,36546118,102,0
1099,36546203,136,0
1100,36546298,200,0
1101,36546389,172,0
1102,36546472,121,0
1103,36546555,202,0
1104,36546648,135,0
1105,36546742,110,0
1106,36546829,193,0
1107,36546923,152,0
1108,36547017,100,0
1109,36547109,185,0
