0,36447261,382,0
1,36447343,383,0
2,36447423,402,0
3,36447522,391,0
4,36447621,393,0
5,36447709,441,0
6,36447806,428,0
7,36447888,509,0
8,36447974,514,0
9,36448061,469,0
10,36448153,484,0
11,36448238,496,0
12,36448318,364,0
13,36448409,397,0
14,36448503,492,0
15,36448591,409,0
16,36448673,416,0
17,36448769,511,0
18,36448858,447,0
19,36448954,389,0
20,36449038,482,0
21,36449132,471,0
22,36449218,381,0
23,36449315,498,0
24,36449402,491,0
25,36449483,399,0
26,36449582,446,0
27,36449664,510,0
28,36449755,423,0
29,36449835,424,0
30,36449924,509,0
31,36450009,448,0
32,36450099,407,0
33,36450196,499,0
34,36450277,475,0
35,36450364,397,0
36,36450450,477,0
37,36450545,495,0
38,36450645,405,0
39,36450742,452,0
40,36450831,510,0
41,36450918,416,0
42,36451006,428,0
43,36451094,512,0
44,36451175,443,0
45,36451266,406,0
46,36451351,501,0
47,36451446,464,0
48,36451546,423,0
49,36451637,508,0
50,36451723,444,0
51,36451819,408,0
52,36451906,498,0
53,36451990,472,0
54,36452079,398,0
55,36452172,478,0
56,36452260,490,0
57,36452343,400,0
58,36452429,453,0
59,36452525,427,0
60,36452615,414,0
61,36452709,430,0
62,36452797,510,0
63,36452896,439,0
64,36452994,410,0
65,36453084,501,0
66,36453177,464,0
67,36453277,400,0
68,36453367,489,0
69,36453449,486,0
70,36453532,398,0
71,36453620,402,0
72,36453716,506,0
73,36453796,405,0
74,36453896,435,0
75,36453995,510,0
76,36454079,427,0
77,36454160,418,0
78,36454258,508,0
79,36454343,451,0
80,36454425,401,0
81,36454505,493,0
82,36454599,476,0
83,36454680,399,0
84,36454766,471,0
85,36454851,501,0
86,36454942,404,0
87,36455036,447,0
88,36455120,512,0
89,36455210,420,0
90,36455290,424,0
91,36455380,511,0
92,36455460,442,0
93,36455552,405,0
94,36455648,502,0
95,36455735,420,0
96,36455815,400,0
97,36455912,484,0
98,36455994,492,0
99,36456090,403,0
100,36456187,457,0
101,36456276,506,0
102,36456376,401,0
103,36456461,419,0
104,36456559,496,0
105,36456648,416,1
106,36456746,389,1
107,36456834,427,1
108,36456932,433,1
109,36457020,371,1
110,36457104,452,1
111,36457188,438,1
112,36457273,347,1
113,36457372,411,1
114,36457472,443,1
115,36457556,345,1
116,36457637,383,1
117,36457737,457,1
118,36457837,383,1
119,36457936,463,1
120,36458023,511,1
121,36458103,413,1
122,36458185,336,1
123,36458271,464,1
124,36458362,459,1
125,36458442,389,1
126,36458537,474,1
127,36458622,498,1
128,36458704,405,1
129,36458784,453,1
130,36458882,513,1
131,36458975,515,1
132,36459072,428,1
133,36459162,522,1
134,36459260,455,1
135,36459353,425,1
136,36459450,513,1
137,36459535,479,1
138,36459620,404,1
139,36459710,482,1
140,36459795,493,1
141,36459889,397,1
142,36459981,451,1
143,36460079,494,1
144,36460174,402,1
145,36460256,413,1
146,36460336,490,1
147,36460426,410,1
148,36460518,389,1
149,36460603,478,1
150,36460687,437,1
151,36460773,378,1
152,36460864,466,1
153,36460945,462,1
154,36461040,459,1
155,36461126,432,1
156,36461226,478,1
157,36461313,384,1
158,36461401,415,1
159,36461496,487,1
160,36461578,404,1
161,36461670,393,1
162,36461770,483,1
163,36461856,430,1
164,36461943,375,1
165,36462035,471,1
166,36462123,421,1
167,36462220,370,1
168,36462301,446,1
169,36462401,476,1
170,36462500,379,1
171,36462590,421,1
172,36462682,483,1
173,36462780,398,1
174,36462866,397,1
175,36462954,486,1
176,36463047,424,1
177,36463146,383,1
178,36463232,390,1
179,36463331,449,1
180,36463415,377,1
181,36463505,458,1
182,36463590,468,1
183,36463682,376,1
184,36463781,427,1
185,36463861,484,1
186,36463954,392,1
187,36464043,403,1
188,36464141,486,1
189,36464238,414,1
190,36464330,374,1
191,36464429,481,1
192,36464518,438,1
193,36464609,372,1
194,36464704,460,1
195,36464798,463,1
196,36464891,376,1
197,36464983,440,1
198,36465070,484,1
199,36465165,385,1
200,36465251,413,1
201,36465350,485,1
202,36465447,379,1
203,36465543,392,1
204,36465629,484,1
205,36465726,431,1
206,36465820,379,1
207,36465901,469,1
208,36465988,460,1
209,36466078,370,1
210,36466172,444,1
211,36466265,478,1
212,36466357,380,1
213,36466447,420,1
214,36466539,412,1
215,36466628,399,1
216,36466716,400,1
217,36466801,486,1
218,36466887,421,1
219,36466968,379,1
220,36467060,474,1
221,36467149,444,1
222,36467230,372,1
223,36467317,455,1
224,36467405,468,1
225,36467486,376,1
226,36467580,445,1
227,36467676,481,1
228,36467765,391,1
229,36467854,407,1
230,36467949,488,1
231,36468044,413,1
232,36468139,386,1
233,36468227,479,1
234,36468320,433,1
235,36468400,376,1
236,36468489,463,1
237,36468582,462,1
238,36468680,476,1
239,36468779,444,1
240,36468877,479,1
241,36468970,382,1
242,36469067,413,1
243,36469154,484,1
244,36469247,403,1
245,36469342,397,1
246,36469439,487,1
247,36469520,426,1
248,36469604,378,1
249,36469704,472,1
250,36469789,488,1
251,36469869,370,1
252,36469968,450,1
253,36470058,474,1
254,36470147,380,1
255,36470236,429,1
256,36470325,487,1
257,36470416,394,1
258,36470503,402,1
259,36470593,488,1
260,36470684,415,1
261,36470778,381,1
262,36470868,468,1
263,36470963,441,1
264,36471063,376,1
265,36471163,463,1
266,36471248,462,1
267,36471348,375,1
268,36471432,442,1
269,36471528,481,1
270,36471625,383,1
271,36471724,412,1
272,36471824,489,1
273,36471920,401,1
274,36472012,432,1
275,36472110,483,1
276,36472200,430,1
277,36472284,379,1
278,36472381,473,1
279,36472464,452,1
280,36472559,375,1
281,36472640,450,1
282,36472724,474,1
283,36472810,379,1
284,36472910,423,1
285,36473004,483,1
286,36473096,393,1
287,36473183,401,1
288,36473273,486,1
289,36473355,462,1
290,36473453,404,1
291,36473552,499,1
292,36473651,453,1
293,36473741,387,1
294,36473841,478,1
295,36473922,471,1
296,36474002,383,1
297,36474088,373,1
298,36474180,483,1
299,36474273,386,1
300,36474358,413,1
301,36474452,483,1
302,36474547,395,1
303,36474645,391,1
304,36474730,482,1
305,36474814,415,1
306,36474908,373,1
307,36474992,470,1
308,36475079,448,1
309,36475168,379,1
310,36475257,449,1
311,36475352,470,1
312,36475450,375,1
313,36475543,429,1
314,36475632,480,1
315,36475730,391,1
316,36475812,402,1
317,36475908,485,1
318,36475989,411,1
319,36476077,384,1
320,36476174,478,1
321,36476256,416,1
322,36476353,375,1
323,36476439,466,1
324,36476537,457,1
325,36476637,372,1
326,36476735,446,1
327,36476822,477,1
328,36476920,384,1
329,36477017,418,1
330,36477113,486,1
331,36477194,397,1
332,36477276,396,1
333,36477372,461,1
334,36477467,420,1
335,36477550,381,1
336,36477647,474,1
337,36477740,442,1
338,36477827,374,1
339,36477925,457,1
340,36478009,466,1
341,36478097,376,1
342,36478192,437,1
343,36478278,478,1
344,36478377,383,1
345,36478458,485,1
346,36478557,488,1
347,36478645,404,1
348,36478739,393,1
349,36478831,484,1
350,36478924,422,1
351,36479008,379,1
352,36479105,474,1
353,36479196,446,1
354,36479283,374,1
355,36479372,453,1
356,36479468,464,1
357,36479567,473,1
358,36479658,430,1
359,36479739,480,1
360,36479832,385,1
361,36479927,410,1
362,36480024,485,1
363,36480107,404,1
364,36480196,390,1
365,36480293,481,1
366,36480389,428,1
367,36480481,378,1
368,36480574,474,1
369,36480663,435,1
370,36480755,375,1
371,36480846,454,1
372,36480940,469,1
373,36481026,375,1
374,36481112,431,1
375,36481197,480,1
376,36481277,390,1
377,36481373,406,1
378,36481457,489,1
379,36481540,406,1
380,36481620,391,1
381,36481710,389,1
382,36481791,429,1
383,36481872,378,1
384,36481967,468,1
385,36482053,452,1
386,36482138,371,1
387,36482229,450,1
388,36482328,468,1
389,36482425,375,1
390,36482517,429,1
391,36482602,478,1
392,36482692,385,1
393,36482783,369,1
394,36482875,482,1
395,36482968,402,1
396,36483059,384,1
397,36483140,477,1
398,36483227,424,1
399,36483322,369,1
400,36483415,461,1
401,36483501,445,1
402,36483581,364,1
403,36483673,444,1
404,36483756,458,1
405,36483849,471,1
406,36483938,421,1
407,36484021,471,1
408,36484106,378,1
409,36484196,403,1
410,36484295,476,1
411,36484376,396,1
412,36484474,379,1
413,36484565,474,1
414,36484663,416,1
415,36484759,383,1
416,36484848,475,1
417,36484930,439,1
418,36485025,404,1
419,36485114,492,1
420,36485210,512,1
421,36485310,435,1
422,36485391,501,1
423,36485479,551,1
424,36485571,458,1
425,36485661,487,1
426,36485742,560,1
427,36485830,472,1
428,36485925,462,1
429,36486024,436,1
430,36486106,464,1
431,36486195,418,1
432,36486287,499,1
433,36486379,455,1
434,36486475,377,1
435,36486573,458,1
436,36486668,452,0
437,36486766,372,0
438,36486865,441,0
439,36486950,483,0
440,36487048,397,0
441,36487134,412,0
442,36487234,525,0
443,36487327,439,0
444,36487425,447,0
445,36487524,529,0
446,36487621,460,0
447,36487715,437,0
448,36487802,526,0
449,36487894,478,0
450,36487976,419,0
451,36488064,511,0
452,36488157,490,0
453,36488249,453,0
454,36488336,487,0
455,36488428,505,0
456,36488519,410,0
457,36488616,467,0
458,36488698,510,0
459,36488786,419,0
460,36488871,440,0
461,36488971,516,0
462,36489062,431,0
463,36489144,420,0
464,36489227,509,0
465,36489315,500,0
466,36489411,407,0
467,36489504,504,0
468,36489593,467,0
469,36489677,398,0
470,36489766,489,0
471,36489854,488,0
472,36489934,398,0
473,36490027,469,0
474,36490120,500,0
475,36490215,408,0
476,36490299,446,0
477,36490387,503,0
478,36490484,419,0
479,36490578,427,0
480,36490671,512,0
481,36490756,434,0
482,36490851,412,0
483,36490937,505,0
484,36491030,458,0
485,36491126,401,0
486,36491223,497,0
487,36491306,479,0
488,36491396,398,0
489,36491480,450,0
490,36491561,491,0
491,36491650,401,0
492,36491744,458,0
493,36491836,504,0
494,36491934,412,0
495,36492026,437,0
496,36492111,515,0
497,36492200,424,0
498,36492296,420,0
499,36492376,510,0
500,36492458,445,0
501,36492551,401,0
502,36492633,503,0
503,36492713,466,0
504,36492804,400,0
505,36492898,490,0
506,36492983,484,0
507,36493063,397,0
508,36493145,470,0
509,36493229,501,0
510,36493323,401,0
511,36493417,455,0
512,36493507,509,0
513,36493600,408,0
514,36493693,432,0
515,36493780,513,0
516,36493880,433,0
517,36493974,417,0
518,36494067,509,0
519,36494151,449,0
520,36494236,404,0
521,36494329,501,0
522,36494422,470,0
523,36494513,400,0
524,36494596,486,0
525,36494693,463,0
526,36494774,400,0
527,36494854,468,0
528,36494942,501,0
529,36495040,408,0
530,36495135,449,0
531,36495220,513,0
532,36495317,420,0
533,36495397,431,0
534,36495495,510,0
535,36495591,436,0
536,36495680,414,0
537,36495775,513,0
538,36495870,455,0
539,36495960,401,0
540,36496049,497,0
541,36496129,474,0
542,36496228,398,0
543,36496311,487,0
544,36496400,489,0
545,36496493,401,0
546,36496582,466,0
547,36496677,504,0
548,36496776,409,0
549,36496865,487,0
550,36496962,512,0
551,36497062,420,0
