0,36447261,899,0
1,36447348,897,0
2,36447438,803,0
3,36447538,789,0
4,36447627,833,0
5,36447713,641,0
6,36447813,540,0
7,36447910,527,0
8,36447997,462,0
9,36448093,416,0
10,36448173,481,0
11,36448259,493,0
12,36448344,447,0
13,36448443,466,0
14,36448534,495,0
15,36448614,472,0
16,36448714,501,0
17,36448796,525,0
18,36448878,524,0
19,36448960,507,0
20,36449051,544,0
21,36449146,562,0
22,36449236,506,0
23,36449320,549,0
24,36449410,550,0
25,36449490,546,0
26,36449577,589,0
27,36449672,643,0
28,36449756,600,0
29,36449843,588,0
30,36449931,644,0
31,36450015,625,0
32,36450101,583,0
33,36450200,635,0
34,36450280,630,0
35,36450378,587,0
36,36450478,619,0
37,36450562,641,0
38,36450649,586,0
39,36450740,606,0
40,36450840,641,0
41,36450922,594,0
42,36451009,600,0
43,36451094,648,0
44,36451194,612,0
45,36451288,586,0
46,36451369,639,0
47,36451450,628,0
48,36451546,591,0
49,36451632,638,0
50,36451723,613,0
51,36451820,583,0
52,36451917,633,0
53,36452002,636,0
54,36452098,587,0
55,36452189,625,0
56,36452284,644,0
57,36452364,584,0
58,36452450,609,0
59,36452541,609,0
60,36452622,596,0
61,36452702,590,0
62,36452795,647,0
63,36452878,608,0
64,36452978,586,0
65,36453059,647,0
66,36453156,628,0
67,36453237,582,0
68,36453325,625,0
69,36453419,636,0
70,36453510,583,0
71,36453595,589,0
72,36453676,646,0
73,36453761,593,0
74,36453843,603,0
75,36453932,647,0
76,36454015,605,0
77,36454097,595,0
78,36454189,642,0
79,36454281,615,0
80,36454369,580,0
81,36454453,634,0
82,36454536,633,0
83,36454623,589,0
84,36454703,624,0
85,36454800,643,0
86,36454882,587,0
87,36454974,601,0
88,36455072,648,0
89,36455155,594,0
90,36455245,591,0
91,36455336,644,0
92,36455436,613,0
93,36455520,587,0
94,36455607,637,0
95,36455704,590,0
96,36455800,590,0
97,36455884,623,0
98,36455981,638,0
99,36456071,583,0
100,36456154,609,0
101,36456245,644,0
102,36456345,594,0
103,36456437,599,0
104,36456527,647,0
105,36456616,613,0
106,36456696,589,0
107,36456796,612,0
108,36456889,628,0
109,36456978,581,0
110,36457078,629,0
111,36457176,632,0
112,36457257,584,0
113,36457357,615,0
114,36457446,653,0
115,36457541,592,0
116,36457635,604,0
117,36457718,650,0
118,36457805,604,0
119,36457891,627,0
120,36457983,647,0
121,36458082,618,0
122,36458175,581,0
123,36458259,633,0
124,36458352,638,0
125,36458451,581,0
126,36458534,627,0
127,36458627,645,0
128,36458709,589,0
129,36458800,603,0
130,36458884,644,0
131,36458978,643,0
132,36459068,593,0
133,36459150,643,0
134,36459241,610,0
135,36459333,585,0
136,36459427,638,0
137,36459526,627,0
138,36459626,589,0
139,36459722,631,0
140,36459803,640,0
141,36459885,584,0
142,36459973,607,0
143,36460067,642,0
144,36460154,598,0
145,36460237,599,0
146,36460320,650,0
147,36460410,608,0
148,36460501,586,0
149,36460600,640,0
150,36460697,620,0
151,36460796,580,0
152,36460878,627,0
153,36460976,639,0
154,36461062,634,0
155,36461149,618,0
156,36461241,650,0
157,36461321,590,0
158,36461404,596,0
159,36461500,650,0
160,36461594,607,0
161,36461685,592,0
162,36461779,646,0
163,36461860,616,0
164,36461960,584,0
165,36462045,635,0
166,36462130,615,0
167,36462215,583,0
168,36462314,621,0
169,36462402,645,0
170,36462498,601,0
171,36462586,604,0
172,36462673,649,0
173,36462767,600,0
174,36462857,590,0
175,36462952,647,0
176,36463038,615,0
177,36463123,584,0
178,36463209,595,0
179,36463296,634,0
180,36463388,581,0
181,36463487,625,0
182,36463579,640,0
183,36463660,584,0
184,36463749,609,0
185,36463841,649,0
186,36463928,600,0
187,36464020,593,0
188,36464109,648,0
189,36464207,612,0
190,36464303,582,0
191,36464385,641,0
192,36464469,622,0
193,36464551,582,0
194,36464643,625,0
195,36464738,635,0
196,36464833,586,0
197,36464929,614,0
198,36465023,646,0
199,36465122,593,0
200,36465207,602,0
201,36465306,646,0
202,36465405,582,0
203,36465492,590,0
204,36465573,642,0
205,36465656,621,0
206,36465743,580,0
207,36465828,636,0
208,36465913,634,0
209,36466007,583,0
210,36466097,617,0
211,36466180,644,0
212,36466270,591,0
213,36466359,603,0
214,36466442,597,0
215,36466538,600,0
216,36466636,588,0
217,36466735,646,0
218,36466822,613,0
219,36466909,582,0
220,36467005,635,0
221,36467096,630,0
222,36467190,583,0
223,36467270,625,0
224,36467352,639,0
225,36467437,585,0
226,36467523,619,0
227,36467603,645,0
228,36467694,592,0
229,36467779,597,0
230,36467864,652,0
231,36467951,609,0
232,36468047,586,0
233,36468147,639,0
234,36468233,621,0
235,36468331,583,0
236,36468416,626,0
237,36468512,634,0
238,36468595,635,0
239,36468683,615,0
240,36468769,646,0
241,36468865,588,0
242,36468945,598,0
243,36469042,647,0
244,36469130,602,0
245,36469221,590,0
246,36469304,645,0
247,36469397,613,0
248,36469492,582,0
249,36469574,635,0
250,36469656,647,0
251,36469748,590,0
252,36469831,628,0
253,36469923,641,0
254,36470006,588,0
255,36470091,610,0
256,36470172,648,0
257,36470270,598,0
258,36470355,596,0
259,36470435,645,0
260,36470515,615,0
261,36470596,586,0
262,36470686,638,0
263,36470773,627,0
264,36470853,582,0
265,36470943,625,0
266,36471039,635,0
267,36471131,581,0
268,36471221,615,0
269,36471310,656,0
270,36471392,594,0
271,36471488,601,0
272,36471586,645,0
273,36471679,602,0
274,36471765,619,0
275,36471865,642,0
276,36471963,614,0
277,36472062,578,0
278,36472153,630,0
279,36472244,643,0
280,36472343,579,0
281,36472439,611,0
282,36472530,637,0
283,36472621,586,0
284,36472707,599,0
285,36472788,637,0
286,36472881,590,0
287,36472976,584,0
288,36473065,636,0
289,36473150,607,0
290,36473250,584,0
291,36473331,635,0
292,36473431,614,0
293,36473524,570,0
294,36473612,611,0
295,36473701,622,0
296,36473785,568,0
297,36473874,564,0
298,36473954,624,0
299,36474044,565,0
300,36474134,569,0
301,36474216,616,0
302,36474296,570,0
303,36474389,556,0
304,36474473,605,0
305,36474555,576,1
306,36474645,531,1
307,36474734,584,1
308,36474820,578,1
309,36474910,529,1
310,36475010,575,1
311,36475096,587,1
312,36475191,548,1
313,36475277,595,1
314,36475361,644,1
315,36475450,604,1
316,36475530,624,1
317,36475626,713,1
318,36475713,711,1
319,36475813,706,1
320,36475899,757,1
321,36475987,691,1
322,36476082,649,1
323,36476172,704,1
324,36476265,717,1
325,36476351,667,1
326,36476434,705,1
327,36476520,736,1
328,36476600,692,1
329,36476680,725,1
330,36476780,797,1
331,36476866,751,1
332,36476953,751,1
333,36477051,799,1
334,36477149,792,1
335,36477244,764,1
336,36477337,814,1
337,36477421,797,1
338,36477511,744,1
339,36477610,783,1
340,36477698,795,1
341,36477781,737,1
342,36477879,764,1
343,36477960,797,1
344,36478040,744,1
345,36478123,792,1
346,36478208,797,1
347,36478292,759,1
348,36478389,735,1
349,36478482,792,1
350,36478578,773,1
351,36478678,733,1
352,36478768,785,1
353,36478856,781,1
354,36478945,732,1
355,36479029,773,1
356,36479128,795,1
357,36479208,798,1
358,36479300,763,1
359,36479382,800,1
360,36479469,746,1
361,36479562,772,1
362,36479643,806,1
363,36479741,769,1
364,36479836,740,1
365,36479932,798,1
366,36480012,770,1
367,36480092,736,1
368,36480190,787,1
369,36480283,776,1
370,36480381,736,1
371,36480479,774,1
372,36480569,798,1
373,36480663,741,1
374,36480753,773,1
375,36480841,808,1
376,36480933,752,1
377,36481033,752,1
378,36481120,798,1
379,36481220,766,1
380,36481304,742,1
381,36481392,747,1
382,36481482,774,1
383,36481578,736,1
384,36481674,789,1
385,36481766,788,1
386,36481852,739,1
387,36481934,775,1
388,36482025,797,1
389,36482111,741,1
390,36482192,761,1
391,36482290,798,1
392,36482384,749,1
393,36482472,747,1
394,36482560,807,1
395,36482647,758,1
396,36482728,753,1
397,36482827,800,1
398,36482927,776,1
399,36483015,739,1
400,36483111,785,1
401,36483205,784,1
402,36483292,737,1
403,36483378,782,1
404,36483478,794,1
405,36483571,809,1
406,36483660,773,1
407,36483741,800,1
408,36483824,749,1
409,36483920,749,1
410,36484006,800,1
411,36484092,759,1
412,36484180,741,1
413,36484276,802,1
414,36484359,770,1
415,36484454,737,1
416,36484554,793,1
417,36484650,785,1
418,36484735,735,1
419,36484826,778,1
420,36484921,796,1
421,36485002,740,1
422,36485101,768,1
423,36485185,802,1
424,36485266,746,1
425,36485356,754,1
426,36485454,804,1
427,36485551,758,1
428,36485643,744,1
429,36485740,744,1
430,36485837,769,1
431,36485922,738,1
432,36486011,792,1
433,36486111,782,1
434,36486210,738,1
435,36486304,782,1
436,36486400,789,1
437,36486483,737,1
438,36486575,769,1
439,36486662,797,1
440,36486748,745,1
441,36486829,733,1
442,36486920,803,1
443,36487020,753,1
444,36487105,752,1
445,36487201,799,1
446,36487300,768,1
447,36487400,744,1
448,36487493,799,1
449,36487576,773,1
450,36487665,735,1
451,36487756,789,1
452,36487843,787,1
453,36487939,752,1
454,36488023,772,1
455,36488103,795,1
456,36488203,749,1
457,36488289,773,1
458,36488381,799,1
459,36488462,749,1
460,36488554,752,1
461,36488645,800,1
462,36488728,758,1
463,36488812,740,1
464,36488901,797,1
465,36488989,789,1
466,36489076,739,1
467,36489170,790,1
468,36489251,782,1
469,36489347,744,1
470,36489431,778,1
471,36489525,789,1
472,36489619,736,1
473,36489718,772,1
474,36489813,799,1
475,36489895,743,1
476,36489978,757,1
477,36490073,799,1
478,36490155,754,1
479,36490235,750,1
480,36490334,797,1
481,36490433,762,1
482,36490517,740,1
483,36490615,791,1
484,36490699,775,1
485,36490784,740,1
486,36490875,793,1
487,36490969,789,1
488,36491058,736,1
489,36491145,778,1
490,36491226,798,1
491,36491312,743,1
492,36491410,764,1
493,36491497,801,1
494,36491581,746,1
495,36491678,758,1
496,36491774,799,1
497,36491856,757,1
498,36491947,749,1
499,36492039,803,1
500,36492123,770,1
501,36492217,747,1
502,36492305,791,1
503,36492385,781,1
504,36492478,734,1
505,36492578,786,1
506,36492665,799,1
507,36492756,744,1
508,36492836,776,1
509,36492928,803,1
510,36493028,742,1
511,36493122,761,1
512,36493218,801,1
513,36493313,738,1
514,36493404,749,1
515,36493492,798,1
516,36493578,766,1
517,36493664,745,1
518,36493745,797,1
519,36493837,772,1
520,36493927,739,1
521,36494019,794,1
522,36494100,781,1
523,36494185,736,1
524,36494283,778,1
525,36494373,767,1
526,36494465,738,1
527,36494560,771,1
528,36494643,799,1
529,36494741,741,1
530,36494838,758,1
531,36494918,806,1
532,36495004,753,1
533,36495093,749,1
534,36495184,800,1
535,36495284,764,1
536,36495384,741,1
537,36495472,803,1
538,36495572,777,1
539,36495660,736,1
540,36495755,788,1
541,36495845,785,1
542,36495937,739,1
543,36496036,779,1
544,36496124,793,1
545,36496208,738,1
546,36496298,770,1
547,36496382,814,1
548,36496462,744,1
549,36496556,791,1
550,36496651,804,1
551,36496740,757,1
552,36496840,747,1
553,36496938,805,1
554,36497031,765,1
555,36497120,743,1
556,36497206,798,1
557,36497301,775,1
558,36497384,737,1
559,36497469,790,1
560,36497565,792,1
561,36497661,757,1
562,36497754,778,1
563,36497848,795,1
564,36497941,741,1
565,36498034,771,1
566,36498127,801,1
567,36498214,750,1
568,36498299,755,1
569,36498388,804,1
570,36498488,756,1
571,36498587,748,1
572,36498685,798,1
573,36498773,737,1
574,36498864,738,1
575,36498962,799,1
576,36499059,772,1
577,36499146,733,1
578,36499239,797,1
579,36499335,787,1
580,36499416,734,1
581,36499516,781,1
582,36499602,797,1
583,36499689,737,1
584,36499776,769,1
585,36499864,754,1
586,36499954,748,1
587,36500043,756,1
588,36500132,806,1
589,36500232,757,1
590,36500324,751,1
591,36500420,812,1
592,36500509,766,1
593,36500605,739,1
594,36500692,796,1
595,36500778,773,1
596,36500876,739,1
597,36500970,795,1
598,36501067,785,1
599,36501167,737,1
600,36501249,779,1
601,36501332,791,1
602,36501415,743,1
603,36501510,770,1
604,36501595,797,1
605,36501692,742,1
606,36501773,761,1
607,36501858,800,1
608,36501955,754,1
609,36502051,798,1
610,36502142,803,1
611,36502238,760,1
612,36502321,739,1
613,36502412,795,1
614,36502504,777,1
615,36502599,735,1
616,36502690,786,1
617,36502778,782,1
618,36502875,735,1
619,36502959,788,1
620,36503047,796,1
621,36503131,769,1
622,36503229,772,1
623,36503319,802,1
624,36503415,746,1
625,36503515,758,1
626,36503600,802,1
627,36503688,754,1
628,36503771,747,1
629,36503852,805,1
630,36503936,764,1
631,36504031,744,1
632,36504125,796,1
633,36504225,737,1
634,36504319,735,1
635,36504418,792,1
636,36504518,787,1
637,36504606,737,1
638,36504701,780,1
639,36504788,793,1
640,36504876,740,1
641,36504968,771,1
642,36505056,802,1
643,36505138,751,1
644,36505231,766,1
645,36505321,759,1
646,36505412,770,1
647,36505509,776,1
648,36505601,829,1
649,36505697,794,1
650,36505791,761,1
651,36505888,814,1
652,36505977,782,1
653,36506066,735,1
654,36506159,780,1
655,36506241,766,1
656,36506335,691,1
657,36506422,730,1
658,36506521,725,1
659,36506620,671,1
660,36506720,698,1
661,36506820,721,1
662,36506900,660,1
663,36506993,674,1
664,36507074,744,1
665,36507155,720,1
666,36507245,712,1
667,36507337,745,1
668,36507433,675,1
669,36507513,678,1
670,36507597,658,1
671,36507683,620,1
672,36507782,580,1
673,36507880,610,1
674,36507969,585,1
675,36508057,527,1
676,36508157,566,1
677,36508239,586,1
678,36508320,535,1
679,36508407,565,1
680,36508487,612,1
681,36508574,584,1
682,36508669,562,1
683,36508755,616,1
684,36508835,569,0
685,36508917,563,0
686,36509004,621,0
687,36509084,587,0
688,36509167,569,0
689,36509265,626,0
690,36509353,606,0
691,36509449,572,0
692,36509544,625,0
693,36509643,583,0
694,36509729,580,0
695,36509824,614,0
696,36509907,627,0
697,36509987,578,0
698,36510067,610,0
699,36510164,639,0
700,36510259,584,0
701,36510339,599,0
702,36510437,644,0
703,36510535,603,0
704,36510629,592,0
705,36510728,594,0
706,36510809,609,0
707,36510901,583,0
708,36511000,641,0
709,36511080,616,0
710,36511163,576,0
711,36511257,630,0
712,36511343,631,0
713,36511428,580,0
714,36511508,622,0
715,36511600,640,0
716,36511685,581,0
717,36511766,624,0
718,36511863,645,0
719,36511948,587,0
720,36512044,603,0
721,36512143,650,0
722,36512235,598,0
723,36512329,596,0
724,36512417,648,0
725,36512509,609,0
726,36512606,585,0
727,36512695,638,0
728,36512781,621,0
729,36512865,650,0
730,36512947,634,0
731,36513031,630,0
732,36513126,582,0
733,36513226,624,0
734,36513321,637,0
735,36513405,583,0
736,36513485,622,0
737,36513575,642,0
738,36513664,586,0
739,36513755,604,0
740,36513842,647,0
741,36513939,634,0
742,36514020,594,0
743,36514105,649,0
744,36514192,613,0
745,36514276,590,0
746,36514358,640,0
747,36514443,631,0
748,36514538,584,0
749,36514626,637,0
750,36514712,631,0
751,36514796,584,0
752,36514883,626,0
753,36514972,595,0
754,36515072,583,0
755,36515166,614,0
756,36515253,648,0
757,36515341,592,0
758,36515426,606,0
759,36515522,646,0
760,36515622,600,0
761,36515719,594,0
762,36515814,647,0
763,36515904,611,0
764,36516004,587,0
765,36516101,584,0
766,36516197,620,0
767,36516282,583,0
768,36516371,634,0
769,36516460,630,0
770,36516559,580,0
771,36516654,620,0
772,36516743,638,0
773,36516843,584,0
774,36516937,618,0
775,36517023,646,0
776,36517120,594,0
777,36517205,615,0
778,36517286,647,0
779,36517371,601,0
780,36517467,593,0
781,36517565,646,0
782,36517648,611,0
783,36517742,584,0
784,36517822,646,0
785,36517913,619,0
786,36518011,588,0
787,36518095,636,0
788,36518193,631,0
789,36518293,645,0
790,36518373,620,0
791,36518466,640,0
792,36518557,586,0
793,36518645,615,0
794,36518732,645,0
795,36518823,591,0
796,36518918,601,0
797,36519010,647,0
798,36519093,602,0
799,36519192,592,0
800,36519290,642,0
801,36519388,643,0
802,36519474,584,0
803,36519563,641,0
804,36519659,618,0
805,36519742,584,0
806,36519837,635,0
807,36519918,632,0
808,36520008,583,0
809,36520093,621,0
810,36520190,642,0
811,36520289,583,0
812,36520386,611,0
813,36520477,610,0
814,36520575,591,0
815,36520660,604,0
816,36520746,648,0
817,36520828,600,0
818,36520915,593,0
819,36521009,646,0
820,36521089,611,0
821,36521189,585,0
822,36521286,639,0
823,36521372,622,0
824,36521458,583,0
825,36521543,585,0
826,36521639,634,0
827,36521731,583,0
828,36521814,622,0
829,36521911,644,0
830,36521999,586,0
831,36522085,614,0
832,36522177,647,0
833,36522262,595,0
834,36522343,598,0
835,36522438,647,0
836,36522525,603,0
837,36522624,602,0
838,36522719,647,0
839,36522812,613,0
840,36522912,584,0
841,36523011,642,0
842,36523092,623,0
843,36523177,583,0
844,36523276,630,0
845,36523364,631,0
846,36523444,589,0
847,36523543,620,0
848,36523625,642,0
849,36523714,635,0
850,36523811,613,0
851,36523895,645,0
852,36523986,595,0
853,36524068,596,0
854,36524168,645,0
855,36524260,604,0
856,36524355,590,0
857,36524439,647,0
858,36524532,611,0
859,36524618,591,0
860,36524717,649,0
861,36524798,646,0
862,36524893,583,0
863,36524983,627,0
864,36525078,635,0
865,36525163,578,0
866,36525252,616,0
867,36525343,641,0
868,36525437,586,0
869,36525520,610,0
870,36525617,647,0
871,36525704,601,0
872,36525786,599,0
873,36525871,623,0
874,36525969,606,0
875,36526051,585,0
876,36526136,643,0
877,36526228,616,0
878,36526325,585,0
879,36526419,635,0
880,36526504,626,0
881,36526585,584,0
882,36526675,628,0
883,36526767,634,0
884,36526849,585,0
885,36526949,590,0
886,36527045,643,0
887,36527141,590,0
888,36527230,608,0
889,36527325,653,0
890,36527405,596,0
891,36527488,595,0
892,36527571,648,0
893,36527666,606,0
894,36527751,586,0
895,36527838,641,0
896,36527922,619,0
897,36528011,587,0
898,36528094,640,0
899,36528192,635,0
