0,36447261,-4,0
1,36447349,29,0
2,36447447,-25,0
3,36447543,-17,0
4,36447626,31,0
5,36447719,-8,0
6,36447812,-29,0
7,36447905,23,0
8,36448003,5,0
9,36448103,-37,0
10,36448185,16,0
11,36448280,17,0
12,36448373,-31,0
13,36448457,4,0
14,36448554,26,0
15,36448654,-29,0
16,36448753,24,0
17,36448847,31,0
18,36448933,-8,0
19,36449022,-25,0
20,36449115,30,0
21,36449203,3,0
22,36449283,-31,0
23,36449373,14,0
24,36449453,13,0
25,36449549,-31,0
26,36449638,1,0
27,36449726,24,0
28,36449819,5,0
29,36449904,-13,0
30,36449992,31,0
31,36450092,-16,0
32,36450187,-26,0
33,36450283,27,0
34,36450364,-1,0
35,36450450,-32,0
36,36450549,19,0
37,36450643,11,0
38,36450734,-31,0
39,36450821,5,0
40,36450919,-15,0
41,36451008,-34,0
42,36451095,-7,0
43,36451180,30,0
44,36451273,-15,0
45,36451353,-24,0
46,36451433,32,0
47,36451531,-2,0
48,36451630,-29,0
49,36451721,19,0
50,36451802,9,0
51,36451884,-32,0
52,36451977,-31,0
53,36452067,20,0
54,36452155,-32,0
55,36452236,-7,0
56,36452326,26,0
57,36452419,-23,0
58,36452513,-17,0
59,36452608,28,0
60,36452708,-9,0
61,36452801,-26,0
62,36452888,23,0
63,36452982,5,0
64,36453069,-36,0
65,36453152,13,0
66,36453245,18,0
67,36453339,-32,0
68,36453434,1,0
69,36453533,27,0
70,36453622,-25,0
71,36453717,-16,0
72,36453800,24,0
73,36453894,-12,0
74,36453980,-28,0
75,36454077,-26,0
76,36454157,1,0
77,36454248,-32,0
78,36454343,17,0
79,36454434,12,0
80,36454529,-36,0
81,36454611,0,0
82,36454692,26,0
83,36454788,-25,0
84,36454882,-13,0
85,36454967,31,0
86,36455058,-15,0
87,36455146,-7,0
88,36455242,29,0
89,36455333,3,0
90,36455430,-34,0
91,36455512,19,0
92,36455607,11,0
93,36455704,-35,0
94,36455799,1,0
95,36455887,24,0
96,36455987,-31,0
97,36456073,-8,0
98,36456160,28,0
99,36456246,9,0
100,36456336,-25,0
101,36456418,30,0
102,36456502,-4,0
103,36456600,-35,0
104,36456691,18,0
105,36456786,6,0
106,36456884,-34,0
107,36456967,7,0
108,36457060,21,0
109,36457152,-31,0
110,36457238,-9,0
111,36457329,26,0
112,36457428,-23,0
113,36457526,-19,0
114,36457623,25,0
115,36457718,-5,0
116,36457798,-33,0
117,36457878,23,0
118,36457966,7,0
119,36458066,-36,0
120,36458151,13,0
121,36458249,19,0
122,36458336,-29,0
123,36458418,29,0
124,36458503,24,0
125,36458594,-27,0
126,36458680,-20,0
127,36458771,33,0
128,36458868,-11,0
129,36458963,-31,0
130,36459052,23,0
131,36459137,2,0
132,36459230,-32,0
133,36459310,12,0
134,36459399,16,0
135,36459491,23,0
136,36459583,-2,0
137,36459682,23,0
138,36459776,-25,0
139,36459866,-15,0
140,36459953,26,0
141,36460036,-13,0
142,36460124,-25,0
143,36460214,27,0
144,36460304,2,0
145,36460395,-36,0
146,36460486,15,0
147,36460583,6,0
148,36460683,-37,0
149,36460780,0,0
150,36460879,24,0
151,36460975,-26,0
152,36461067,-11,0
153,36461164,32,0
154,36461253,-17,0
155,36461335,-25,0
156,36461433,26,0
157,36461515,-4,0
158,36461604,-34,0
159,36461697,-10,0
160,36461788,10,0
161,36461871,-34,0
162,36461969,5,0
163,36462069,20,0
164,36462168,-34,0
165,36462254,-9,0
166,36462345,26,0
167,36462443,-26,0
168,36462524,-25,0
169,36462610,20,0
170,36462706,-16,0
171,36462796,-41,0
172,36462880,7,1
173,36462978,-9,1
174,36463059,-59,1
175,36463145,-17,1
176,36463231,-15,1
177,36463330,-77,1
178,36463413,-65,1
179,36463496,-47,1
180,36463595,-127,1
181,36463679,-150,1
182,36463760,-146,1
183,36463841,-243,1
184,36463937,-225,1
185,36464024,-108,1
186,36464111,-100,1
187,36464191,-118,1
188,36464283,-53,1
189,36464379,-49,1
190,36464464,-72,1
191,36464550,-63,1
192,36464644,-118,1
193,36464735,-271,1
194,36464816,-322,1
195,36464915,-352,1
196,36465005,-316,1
197,36465094,-297,1
198,36465180,-211,1
199,36465263,-206,1
200,36465348,-208,1
201,36465436,-131,1
202,36465523,-110,1
203,36465611,-131,1
204,36465693,-67,1
205,36465782,-26,1
206,36465865,-64,1
207,36465957,-30,1
208,36466045,3,1
209,36466141,-29,1
210,36466233,-23,1
211,36466322,24,1
212,36466403,-6,1
213,36466502,-28,1
214,36466597,21,1
215,36466687,5,1
216,36466769,-32,1
217,36466869,13,1
218,36466961,15,1
219,36467058,-28,1
220,36467145,3,1
221,36467238,31,1
222,36467337,-20,1
223,36467437,-12,1
224,36467530,33,1
225,36467616,-8,1
226,36467712,-22,1
227,36467799,29,1
228,36467883,7,1
229,36467973,-28,1
230,36468065,32,1
231,36468158,24,1
232,36468238,-28,1
233,36468335,3,1
234,36468431,27,1
235,36468527,-22,1
236,36468627,-10,1
237,36468711,31,1
238,36468792,-14,1
239,36468884,-21,1
240,36468974,31,1
241,36469061,-1,1
242,36469150,31,1
243,36469241,24,1
244,36469326,17,1
245,36469420,-30,1
246,36469500,13,1
247,36469598,25,1
248,36469680,-27,1
249,36469777,-7,1
250,36469862,31,1
251,36469957,-18,1
252,36470048,-16,1
253,36470132,32,1
254,36470221,20,1
255,36470306,-27,1
256,36470391,20,1
257,36470483,11,1
258,36470574,-30,1
259,36470661,16,1
260,36470741,15,1
261,36470823,-31,1
262,36470918,0,1
263,36471018,26,1
264,36471115,-23,1
265,36471199,-13,1
266,36471293,-2,1
267,36471391,-13,1
268,36471476,-25,1
269,36471564,33,1
270,36471661,6,1
271,36471756,-29,1
272,36471836,23,1
273,36471916,18,1
274,36471998,-29,1
275,36472090,7,1
276,36472174,30,1
277,36472266,-25,1
278,36472353,-16,1
279,36472452,32,1
280,36472542,-15,1
281,36472627,-15,1
282,36472709,28,1
283,36472803,2,1
284,36472900,-28,1
285,36472998,27,1
286,36473082,9,1
287,36473171,-29,1
288,36473264,11,1
289,36473363,23,1
290,36473455,-31,1
291,36473543,-6,1
292,36473633,30,1
293,36473720,-22,1
294,36473803,-15,1
295,36473899,35,1
296,36473986,-9,1
297,36474069,-22,1
298,36474154,28,1
299,36474239,2,1
300,36474335,-29,1
301,36474423,18,1
302,36474509,-27,1
303,36474598,-28,1
304,36474686,4,1
305,36474786,25,1
306,36474867,-25,1
307,36474963,-5,1
308,36475049,37,1
309,36475148,-18,1
310,36475248,-18,1
311,36475346,34,1
312,36475446,0,1
313,36475529,-26,1
314,36475614,-2,1
315,36475714,12,1
316,36475797,-29,1
317,36475887,17,1
318,36475986,17,1
319,36476067,-24,1
320,36476153,5,1
321,36476235,31,1
322,36476320,-22,1
323,36476412,-11,1
324,36476508,33,1
325,36476600,-14,1
326,36476692,6,1
327,36476773,28,1
328,36476853,1,1
329,36476946,-27,1
330,36477034,24,1
331,36477126,16,1
332,36477209,-29,1
333,36477293,9,1
334,36477392,26,1
335,36477485,-29,1
336,36477580,4,1
337,36477675,39,1
338,36477766,-13,1
339,36477854,-4,1
340,36477935,40,1
341,36478030,0,1
342,36478117,-10,1
343,36478212,39,1
344,36478306,15,1
345,36478389,-14,1
346,36478489,31,1
347,36478571,28,1
348,36478667,-19,1
349,36478752,16,1
350,36478846,-20,1
351,36478929,-17,1
352,36479022,6,1
353,36479110,38,1
354,36479197,-8,1
355,36479277,-6,1
356,36479358,42,1
357,36479455,5,1
358,36479554,-18,1
359,36479647,37,1
360,36479739,9,1
361,36479838,-25,1
362,36479923,-6,1
363,36480020,21,1
364,36480113,-24,1
365,36480202,15,1
366,36480295,34,1
367,36480390,-19,1
368,36480473,0,1
369,36480565,37,1
370,36480664,-12,1
371,36480751,-15,1
372,36480834,32,1
373,36480922,-1,1
374,36481003,13,1
375,36481102,33,1
376,36481185,10,1
377,36481266,-25,1
378,36481366,4,1
379,36481460,4,1
380,36481550,-53,1
381,36481643,-35,1
382,36481738,-27,1
383,36481827,-96,1
384,36481919,-104,1
385,36482010,-90,1
386,36482097,-112,1
387,36482190,-197,1
388,36482276,-173,1
389,36482359,-232,1
390,36482457,-293,1
391,36482539,-272,1
392,36482625,-299,1
393,36482718,-332,1
394,36482800,-229,1
395,36482883,-127,1
396,36482964,-87,1
397,36483057,-20,1
398,36483140,-8,1
399,36483231,-37,1
400,36483326,-57,1
401,36483407,-23,1
402,36483503,-108,1
403,36483602,-160,1
404,36483693,-154,1
405,36483791,-199,1
406,36483886,-174,1
407,36483986,-81,1
408,36484069,-84,1
409,36484166,-99,0
410,36484266,-61,0
411,36484353,-23,0
412,36484441,-65,0
413,36484541,-23,0
414,36484624,-5,0
415,36484723,-47,0
416,36484810,-24,0
417,36484900,16,0
418,36484997,-26,0
419,36485079,-28,0
420,36485160,22,0
421,36485248,-14,0
422,36485330,-34,0
423,36485410,21,0
424,36485506,0,0
425,36485586,-32,0
426,36485675,11,0
427,36485761,12,0
428,36485847,-35,0
429,36485946,4,0
430,36486035,23,0
431,36486120,-30,0
432,36486200,-10,0
433,36486290,27,0
434,36486381,-32,0
435,36486464,-25,0
436,36486553,30,0
437,36486647,-10,0
438,36486744,-29,0
439,36486837,25,0
440,36486933,0,0
441,36487013,-32,0
442,36487112,15,0
443,36487211,9,0
444,36487302,-32,0
445,36487382,5,0
446,36487477,-6,0
447,36487566,-33,0
448,36487658,-6,0
449,36487751,25,0
450,36487836,-23,0
451,36487933,-20,0
452,36488027,33,0
453,36488112,-12,0
454,36488198,-21,0
455,36488291,30,0
456,36488386,-1,0
457,36488475,-32,0
458,36488558,27,0
459,36488652,7,0
460,36488739,-33,0
461,36488837,12,0
462,36488924,18,0
463,36489015,-34,0
464,36489115,3,0
465,36489195,29,0
466,36489288,-27,0
467,36489380,-15,0
468,36489471,31,0
469,36489571,-20,0
470,36489658,21,0
471,36489740,27,0
472,36489837,-10,0
473,36489923,-30,0
474,36490004,24,0
475,36490103,2,0
476,36490186,-32,0
477,36490270,14,0
478,36490368,14,0
479,36490464,-34,0
480,36490559,7,0
481,36490651,19,0
482,36490738,-3,0
483,36490819,-5,0
484,36490901,27,0
485,36490983,-23,0
486,36491070,-15,0
487,36491153,26,0
488,36491247,-12,0
489,36491327,-23,0
490,36491413,27,0
491,36491509,-5,0
492,36491604,-35,0
493,36491703,25,0
494,36491795,-31,0
495,36491895,-35,0
496,36491986,11,0
497,36492085,15,0
498,36492172,-35,0
499,36492270,1,0
500,36492360,23,0
501,36492451,-30,0
502,36492531,-8,0
503,36492614,27,0
504,36492708,-25,0
505,36492802,-17,0
506,36492901,-25,0
507,36492993,-14,0
508,36493089,-25,0
509,36493174,26,0
510,36493267,-2,0
511,36493358,-30,0
512,36493443,20,0
513,36493523,10,0
514,36493609,-35,0
515,36493702,10,0
516,36493790,18,0
517,36493879,-36,0
