0,36447261,629,0
1,36447346,612,0
2,36447439,625,0
3,36447519,623,0
4,36447607,615,0
5,36447702,621,0
6,36447788,629,0
7,36447869,612,0
8,36447966,621,0
9,36448053,630,0
10,36448134,613,0
11,36448218,616,0
12,36448315,629,0
13,36448412,621,0
14,36448493,612,0
15,36448590,625,0
16,36448675,613,0
17,36448773,613,0
18,36448857,623,0
19,36448946,625,0
20,36449041,611,0
21,36449128,621,0
22,36449228,631,0
23,36449319,614,0
24,36449399,612,0
25,36449497,628,0
26,36449582,617,0
27,36449665,612,0
28,36449759,621,0
29,36449841,621,0
30,36449921,614,0
31,36450002,622,0
32,36450093,628,0
33,36450193,613,0
34,36450290,623,0
35,36450378,626,0
36,36450463,613,0
37,36450562,617,0
38,36450651,630,0
39,36450748,629,0
40,36450830,628,0
41,36450914,624,0
42,36451011,621,0
43,36451096,612,0
44,36451193,626,0
45,36451290,623,0
46,36451387,610,0
47,36451470,625,0
48,36451557,636,0
49,36451652,613,0
50,36451745,620,0
51,36451841,636,0
52,36451922,626,0
53,36452019,616,0
54,36452113,630,0
55,36452199,621,0
56,36452299,613,0
57,36452398,626,0
58,36452494,629,0
59,36452575,611,0
60,36452666,621,0
61,36452758,626,0
62,36452850,617,0
63,36452946,619,0
64,36453035,631,0
65,36453120,617,0
66,36453220,613,0
67,36453317,633,0
68,36453399,620,0
69,36453493,611,0
70,36453588,628,0
71,36453669,624,0
72,36453767,614,0
73,36453866,622,0
74,36453947,622,0
75,36454033,625,0
76,36454121,619,0
77,36454201,623,0
78,36454291,616,0
79,36454372,630,0
80,36454461,630,0
81,36454553,621,0
82,36454644,612,0
83,36454731,629,0
84,36454824,618,0
85,36454911,613,0
86,36454998,625,0
87,36455084,622,0
88,36455172,611,0
89,36455260,621,0
90,36455358,631,0
91,36455449,614,0
92,36455529,618,0
93,36455617,629,0
94,36455717,615,0
95,36455812,615,0
96,36455911,624,0
97,36455991,624,0
98,36456087,610,0
99,36456180,618,0
100,36456279,629,0
101,36456373,612,0
102,36456460,622,0
103,36456558,627,0
104,36456642,614,0
105,36456739,618,0
106,36456837,632,0
107,36456922,620,0
108,36457006,614,0
109,36457093,628,0
110,36457188,637,0
111,36457273,612,0
112,36457371,628,0
113,36457453,626,0
114,36457534,611,0
115,36457623,623,0
116,36457706,629,0
117,36457791,615,0
118,36457876,617,0
119,36457973,629,0
120,36458059,620,0
121,36458147,616,0
122,36458230,627,0
123,36458316,610,0
124,36458408,619,0
125,36458499,628,0
126,36458596,626,0
127,36458680,608,0
128,36458769,625,0
129,36458860,627,0
130,36458943,611,0
131,36459025,622,0
132,36459123,632,0
133,36459204,617,0
134,36459284,616,0
135,36459368,618,0
136,36459467,620,0
137,36459554,615,0
138,36459640,630,0
139,36459729,625,0
140,36459811,609,0
141,36459900,625,0
142,36459989,640,0
143,36460076,616,0
144,36460156,622,0
145,36460248,635,0
146,36460334,618,0
147,36460434,623,0
148,36460524,631,0
149,36460624,624,0
150,36460713,618,0
151,36460806,629,0
152,36460896,627,0
153,36460991,623,0
154,36461076,641,0
155,36461164,639,0
156,36461250,624,0
157,36461333,631,0
158,36461431,639,0
159,36461518,638,0
160,36461602,628,0
161,36461701,645,0
162,36461788,640,0
163,36461878,634,0
164,36461971,651,0
165,36462071,648,0
166,36462154,641,0
167,36462249,661,0
168,36462336,663,0
169,36462418,657,0
170,36462515,668,0
171,36462608,679,0
172,36462695,681,1
173,36462791,692,1
174,36462878,707,1
175,36462969,702,1
176,36463063,706,1
177,36463161,729,1
178,36463246,732,1
179,36463334,726,1
180,36463424,760,1
181,36463510,750,1
182,36463606,717,1
183,36463701,676,1
184,36463787,611,1
185,36463871,547,1
186,36463956,544,1
187,36464053,563,1
188,36464141,601,1
189,36464238,631,1
190,36464318,683,1
191,36464405,719,1
192,36464492,753,1
193,36464578,752,1
194,36464658,688,1
195,36464757,614,1
196,36464849,545,1
197,36464939,490,1
198,36465037,450,1
199,36465135,434,1
200,36465234,428,1
201,36465325,403,1
202,36465425,401,1
203,36465517,410,1
204,36465611,392,1
205,36465693,392,1
206,36465777,405,1
207,36465863,403,1
208,36465948,393,1
209,36466036,410,1
210,36466118,410,1
211,36466200,398,1
212,36466283,415,1
213,36466364,429,1
214,36466458,403,1
215,36466547,402,1
216,36466645,418,1
217,36466731,405,1
218,36466826,400,1
219,36466918,411,1
220,36467013,405,1
221,36467102,395,1
222,36467189,411,1
223,36467269,405,1
224,36467366,396,1
225,36467463,406,1
226,36467563,410,1
227,36467648,398,1
228,36467748,398,1
229,36467848,407,1
230,36467946,390,1
231,36468030,395,1
232,36468121,409,1
233,36468219,398,1
234,36468311,395,1
235,36468398,408,1
236,36468489,408,1
237,36468587,392,1
238,36468670,418,1
239,36468770,407,1
240,36468855,390,1
241,36468939,402,1
242,36469025,392,1
243,36469119,395,1
244,36469200,401,1
245,36469295,413,1
246,36469382,403,1
247,36469473,398,1
248,36469560,413,1
249,36469654,401,1
250,36469748,396,1
251,36469837,407,1
252,36469925,406,1
253,36470024,390,1
254,36470112,397,1
255,36470196,405,1
256,36470296,394,1
257,36470386,395,1
258,36470466,408,1
259,36470563,398,1
260,36470647,395,1
261,36470744,408,1
262,36470828,401,1
263,36470910,391,1
264,36471004,409,1
265,36471086,407,1
266,36471180,400,1
267,36471274,407,1
268,36471358,418,1
269,36471458,393,1
270,36471554,400,1
271,36471647,413,1
272,36471730,397,1
273,36471821,399,1
274,36471918,413,1
275,36471998,422,1
276,36472084,396,1
277,36472173,412,1
278,36472264,413,1
279,36472349,395,1
280,36472442,409,1
281,36472540,413,1
282,36472625,394,1
283,36472718,403,1
284,36472805,410,1
285,36472896,413,1
286,36472985,401,1
287,36473073,409,1
288,36473160,401,1
289,36473253,394,1
290,36473334,411,1
291,36473425,400,1
292,36473513,387,1
293,36473596,405,1
294,36473678,405,1
295,36473767,389,1
296,36473847,409,1
297,36473939,409,1
298,36474031,395,1
299,36474126,401,1
300,36474221,410,1
301,36474309,399,1
302,36474404,410,1
303,36474499,410,1
304,36474584,397,1
305,36474677,397,1
306,36474765,429,1
307,36474857,416,1
308,36474940,402,1
309,36475030,409,1
310,36475118,406,1
311,36475201,394,1
312,36475287,408,1
313,36475385,414,1
314,36475479,405,1
315,36475561,404,1
316,36475648,413,1
317,36475737,399,1
318,36475829,401,1
319,36475924,422,1
320,36476012,412,1
321,36476108,391,1
322,36476189,405,1
323,36476269,405,1
324,36476355,390,1
325,36476435,402,1
326,36476517,402,1
327,36476609,396,1
328,36476705,406,1
329,36476790,415,1
330,36476886,398,1
331,36476976,396,1
332,36477074,411,1
333,36477171,396,1
334,36477258,391,1
335,36477347,409,1
336,36477430,405,1
337,36477518,403,1
338,36477612,420,1
339,36477694,418,1
340,36477792,412,1
341,36477880,415,1
342,36477961,418,1
343,36478048,404,1
344,36478146,409,1
345,36478227,420,1
346,36478321,404,1
347,36478402,414,1
348,36478492,425,1
349,36478578,404,1
350,36478665,414,1
351,36478765,422,1
352,36478846,411,1
353,36478937,399,1
354,36479026,411,1
355,36479125,413,1
356,36479220,398,1
357,36479306,411,1
358,36479404,420,1
359,36479503,416,1
360,36479585,413,1
361,36479666,417,1
362,36479750,414,1
363,36479848,402,1
364,36479946,419,1
365,36480041,408,1
366,36480133,403,1
367,36480230,421,1
368,36480322,412,1
369,36480413,412,1
370,36480507,417,1
371,36480601,428,1
372,36480701,405,1
373,36480792,422,1
374,36480882,412,1
375,36480968,407,1
376,36481049,412,1
377,36481149,423,1
378,36481229,404,1
379,36481310,405,1
380,36481395,412,1
381,36481477,405,1
382,36481574,396,1
383,36481660,412,1
384,36481747,405,1
385,36481845,400,1
386,36481931,407,1
387,36482016,430,1
388,36482103,438,1
389,36482191,468,1
390,36482284,507,1
391,36482367,526,1
392,36482458,602,1
393,36482554,692,1
394,36482635,737,1
395,36482715,770,1
396,36482800,751,1
397,36482885,684,1
398,36482969,651,1
399,36483050,634,1
400,36483146,573,1
401,36483233,528,1
402,36483333,531,1
403,36483418,555,1
404,36483512,600,1
405,36483595,691,1
406,36483675,727,1
407,36483755,712,1
408,36483846,738,1
409,36483930,731,0
410,36484016,715,0
411,36484105,710,0
412,36484199,707,0
413,36484291,689,0
414,36484373,686,0
415,36484473,690,0
416,36484557,677,0
417,36484641,662,0
418,36484727,670,0
419,36484812,669,0
420,36484892,655,0
421,36484991,659,0
422,36485073,660,0
423,36485168,637,0
424,36485264,642,0
425,36485359,649,0
426,36485448,636,0
427,36485539,636,0
428,36485630,645,0
429,36485726,638,0
430,36485820,628,0
431,36485916,641,0
432,36486016,634,0
433,36486113,625,0
434,36486213,641,0
435,36486296,634,0
436,36486384,625,0
437,36486483,631,0
438,36486569,633,0
439,36486653,632,0
440,36486733,624,0
441,36486825,638,0
442,36486920,621,0
443,36487002,623,0
444,36487098,634,0
445,36487179,620,0
446,36487277,624,0
447,36487360,635,0
448,36487440,625,0
449,36487537,618,0
450,36487618,632,0
451,36487710,625,0
452,36487809,616,0
453,36487891,627,0
454,36487980,627,0
455,36488067,616,0
456,36488150,625,0
457,36488232,633,0
458,36488315,614,0
459,36488399,619,0
460,36488480,651,0
461,36488560,621,0
462,36488658,620,0
463,36488753,630,0
464,36488836,623,0
465,36488927,612,0
466,36489008,634,0
467,36489098,622,0
468,36489198,614,0
469,36489291,628,0
470,36489387,618,0
471,36489484,622,0
472,36489567,627,0
473,36489647,630,0
474,36489733,618,0
475,36489833,625,0
476,36489929,632,0
477,36490015,618,0
478,36490113,622,0
479,36490211,632,0
480,36490299,622,0
481,36490388,631,0
482,36490484,622,0
483,36490565,622,0
484,36490648,619,0
485,36490736,629,0
486,36490821,626,0
487,36490913,615,0
488,36490994,628,0
489,36491083,628,0
490,36491170,616,0
491,36491250,622,0
492,36491341,627,0
493,36491431,617,0
494,36491518,630,0
495,36491600,632,0
496,36491681,618,0
497,36491774,619,0
498,36491872,632,0
499,36491959,624,0
500,36492041,617,0
501,36492136,627,0
502,36492218,627,0
503,36492308,614,0
504,36492392,630,0
505,36492475,624,0
506,36492567,631,0
507,36492664,626,0
508,36492760,626,0
509,36492844,614,0
510,36492936,623,0
511,36493030,634,0
512,36493121,619,0
513,36493209,624,0
514,36493295,635,0
515,36493384,619,0
516,36493477,618,0
517,36493559,634,0
