0,36447261,363,0
1,36447350,398,0
2,36447434,356,0
3,36447534,349,0
4,36447625,397,0
5,36447706,367,0
6,36447787,348,0
7,36447887,395,0
8,36447979,376,0
9,36448071,344,0
10,36448169,387,0
11,36448267,386,0
12,36448353,340,0
13,36448433,377,0
14,36448531,393,0
15,36448613,346,0
16,36448698,381,0
17,36448787,398,0
18,36448876,350,0
19,36448956,361,0
20,36449043,399,0
21,36449132,354,0
22,36449225,348,0
23,36449321,397,0
24,36449407,371,0
25,36449495,343,0
26,36449583,392,0
27,36449678,376,0
28,36449774,350,0
29,36449870,384,0
30,36449968,388,0
31,36450062,340,0
32,36450161,371,0
33,36450243,393,0
34,36450340,346,0
35,36450425,366,0
36,36450514,396,0
37,36450594,356,0
38,36450689,355,0
39,36450770,396,0
40,36450857,340,0
41,36450951,346,0
42,36451036,393,0
43,36451123,369,0
44,36451216,340,0
45,36451299,387,0
46,36451384,380,0
47,36451476,343,0
48,36451569,381,0
49,36451649,388,0
50,36451748,340,0
51,36451836,366,0
52,36451931,355,0
53,36452015,349,0
54,36452102,359,0
55,36452199,397,0
56,36452299,354,0
57,36452382,348,0
58,36452474,395,0
59,36452574,366,0
60,36452674,344,0
61,36452760,392,0
62,36452856,375,0
63,36452952,339,0
64,36453044,379,0
65,36453128,386,0
66,36453217,340,0
67,36453302,377,0
68,36453399,393,0
69,36453491,345,0
70,36453582,363,0
71,36453663,399,0
72,36453756,353,0
73,36453846,354,0
74,36453932,396,0
75,36454017,399,0
76,36454116,347,0
77,36454214,393,0
78,36454304,370,0
79,36454398,342,0
80,36454485,384,0
81,36454581,382,0
82,36454679,341,0
83,36454773,377,0
84,36454859,392,0
85,36454940,341,0
86,36455039,367,0
87,36455119,381,0
88,36455207,344,0
89,36455306,358,0
90,36455398,397,0
91,36455484,356,0
92,36455583,350,0
93,36455678,398,0
94,36455761,366,0
95,36455845,343,0
96,36455925,391,0
97,36456014,376,0
98,36456102,339,0
99,36456188,356,0
100,36456273,387,0
101,36456363,396,0
102,36456453,372,0
103,36456543,344,0
104,36456638,344,0
105,36456732,379,0
106,36456827,395,0
107,36456909,382,0
108,36456993,349,0
109,36457084,342,0
110,36457169,363,0
111,36457257,396,0
112,36457353,397,0
113,36457433,364,0
114,36457518,340,0
115,36457618,357,0
116,36457702,382,0
117,36457782,395,0
118,36457879,373,0
119,36457979,342,0
120,36458076,345,0
121,36458157,377,0
122,36458246,396,0
123,36458335,381,0
124,36458423,349,0
125,36458518,344,0
126,36458607,362,0
127,36458696,393,0
128,36458782,392,0
129,36458868,356,0
130,36458965,340,0
131,36459059,356,0
132,36459151,384,0
133,36459242,393,0
134,36459322,375,0
135,36459406,343,0
136,36459493,348,0
137,36459576,376,0
138,36459670,397,0
139,36459767,379,0
140,36459856,352,0
141,36459954,341,0
142,36460044,365,0
143,36460134,395,0
144,36460225,392,0
145,36460319,360,0
146,36460404,338,0
147,36460486,358,0
148,36460570,388,0
149,36460662,396,0
150,36460753,375,0
151,36460849,343,0
152,36460931,347,0
153,36461017,378,0
154,36461098,397,0
155,36461183,380,0
156,36461271,353,0
157,36461368,341,0
158,36461453,367,0
159,36461543,396,0
160,36461641,389,0
161,36461737,357,0
162,36461837,339,0
163,36461922,363,0
164,36462020,386,0
165,36462119,395,0
166,36462214,372,0
167,36462310,341,0
168,36462402,348,0
169,36462499,385,0
170,36462599,397,0
171,36462699,375,0
172,36462791,353,0
173,36462886,345,0
174,36462976,371,0
175,36463071,397,0
176,36463169,387,0
177,36463256,350,0
178,36463353,338,0
179,36463442,367,0
180,36463531,392,0
181,36463630,395,0
182,36463720,366,0
183,36463813,341,0
184,36463894,354,0
185,36463984,385,0
186,36464068,397,0
187,36464148,373,0
188,36464236,348,0
189,36464332,351,0
190,36464416,375,0
191,36464506,398,0
192,36464586,385,0
193,36464682,349,0
194,36464770,344,0
195,36464870,368,0
196,36464963,397,0
197,36465058,392,0
198,36465149,362,0
199,36465234,341,0
200,36465324,357,0
201,36465412,394,0
202,36465503,399,0
203,36465592,367,0
204,36465679,344,0
205,36465773,349,0
206,36465858,381,0
207,36465941,399,0
208,36466035,379,0
209,36466126,344,0
210,36466215,344,0
211,36466314,378,0
212,36466413,398,0
213,36466503,386,0
214,36466601,356,0
215,36466687,344,0
216,36466769,365,0
217,36466866,396,0
218,36466955,393,0
219,36467055,358,0
220,36467146,342,0
221,36467237,360,0
222,36467323,390,0
223,36467409,393,0
224,36467498,370,0
225,36467584,341,0
226,36467683,344,0
227,36467778,387,0
228,36467871,398,0
229,36467952,378,0
230,36468050,346,0
231,36468139,342,0
232,36468220,370,0
233,36468304,397,0
234,36468394,387,0
235,36468475,347,0
236,36468573,334,0
237,36468667,361,0
238,36468758,384,0
239,36468852,378,0
240,36468949,352,0
241,36469046,327,0
242,36469142,345,0
243,36469232,378,0
244,36469313,384,0
245,36469411,352,0
246,36469498,327,0
247,36469583,330,0
248,36469672,362,0
249,36469753,374,0
250,36469842,356,0
251,36469922,318,1
252,36470004,316,1
253,36470088,345,1
254,36470181,365,1
255,36470278,350,1
256,36470373,317,1
257,36470462,300,1
258,36470549,318,1
259,36470644,347,1
260,36470730,341,1
261,36470822,301,1
262,36470906,282,1
263,36470986,298,1
264,36471068,323,1
265,36471161,327,1
266,36471252,296,1
267,36471342,266,1
268,36471433,273,1
269,36471518,305,1
270,36471599,314,1
271,36471690,287,1
272,36471781,259,1
273,36471868,257,1
274,36471952,285,1
275,36472043,306,1
276,36472141,294,1
277,36472231,261,1
278,36472326,255,1
279,36472414,280,1
280,36472495,312,1
281,36472580,305,1
282,36472672,277,1
283,36472765,263,1
284,36472849,284,1
285,36472942,322,1
286,36473033,328,1
287,36473118,301,1
288,36473203,277,1
289,36473293,296,1
290,36473384,333,1
291,36473483,347,1
292,36473576,330,1
293,36473676,304,1
294,36473768,311,1
295,36473859,347,1
296,36473940,365,1
297,36474037,349,1
298,36474135,315,1
299,36474230,310,1
300,36474313,328,1
301,36474409,361,1
302,36474499,347,1
303,36474590,315,1
304,36474680,304,1
305,36474760,323,1
306,36474854,346,1
307,36474946,343,1
308,36475041,327,1
309,36475132,304,1
310,36475215,323,1
311,36475303,369,1
312,36475387,386,1
313,36475470,365,1
314,36475559,341,1
315,36475648,355,1
316,36475734,386,1
317,36475820,403,1
318,36475902,393,1
319,36475985,360,1
320,36476080,359,1
321,36476180,386,1
322,36476262,399,1
323,36476347,378,1
324,36476434,334,1
325,36476530,310,1
326,36476622,314,1
327,36476716,337,1
328,36476810,332,1
329,36476906,292,1
330,36476989,271,1
331,36477078,289,1
332,36477169,318,1
333,36477266,328,1
334,36477354,306,1
335,36477454,270,1
336,36477547,263,1
337,36477634,280,1
338,36477726,276,1
339,36477818,228,1
340,36477907,176,1
341,36477991,145,1
342,36478074,145,1
343,36478157,150,1
344,36478256,112,1
345,36478337,54,1
346,36478423,22,1
347,36478518,32,1
348,36478614,42,1
349,36478714,31,1
350,36478795,-5,1
351,36478876,-25,1
352,36478957,-5,1
353,36479054,31,1
354,36479139,43,1
355,36479222,26,1
356,36479320,10,1
357,36479418,27,1
358,36479517,70,1
359,36479615,98,1
360,36479703,88,1
361,36479793,70,1
362,36479892,81,1
363,36479990,129,1
364,36480079,164,1
365,36480164,164,1
366,36480257,147,1
367,36480352,150,1
368,36480434,188,1
369,36480530,232,1
370,36480615,243,1
371,36480708,224,1
372,36480789,225,1
373,36480887,257,1
374,36480972,294,1
375,36481054,311,1
376,36481151,299,1
377,36481238,286,1
378,36481338,302,1
379,36481420,346,1
380,36481512,371,1
381,36481599,356,1
382,36481685,339,1
383,36481769,347,1
384,36481849,383,1
385,36481946,418,1
386,36482039,416,1
387,36482126,384,1
388,36482210,376,1
389,36482297,408,1
390,36482395,439,1
391,36482487,426,1
392,36482574,408,1
393,36482662,398,1
394,36482749,414,1
395,36482846,452,1
396,36482934,441,1
397,36483029,417,1
398,36483129,395,1
399,36483217,403,1
400,36483304,449,1
401,36483401,451,1
402,36483482,439,1
403,36483576,398,1
404,36483668,376,1
405,36483750,411,1
406,36483842,424,1
407,36483922,422,1
408,36484020,381,1
409,36484106,348,1
410,36484197,365,1
411,36484296,376,1
412,36484381,362,1
413,36484476,310,1
414,36484565,280,1
415,36484659,292,1
416,36484740,313,1
417,36484823,306,1
418,36484906,274,1
419,36484998,239,1
420,36485092,254,1
421,36485180,292,1
422,36485274,312,1
423,36485355,290,1
424,36485446,268,1
425,36485534,269,1
426,36485634,305,1
427,36485720,337,1
428,36485802,324,1
429,36485893,297,1
430,36485986,294,1
431,36486084,327,1
432,36486166,356,1
433,36486256,351,1
434,36486354,327,1
435,36486436,312,1
436,36486528,330,1
437,36486608,317,1
438,36486700,371,1
439,36486798,350,1
440,36486895,321,1
441,36486984,366,1
442,36487067,368,1
443,36487161,327,1
444,36487250,359,1
445,36487337,383,1
446,36487424,332,1
447,36487513,329,1
448,36487597,387,1
449,36487685,347,1
450,36487770,341,1
451,36487867,389,1
452,36487951,364,1
453,36488051,333,1
454,36488137,383,1
455,36488226,376,1
456,36488323,338,1
457,36488423,375,1
458,36488521,389,1
459,36488618,352,1
460,36488700,363,1
461,36488785,395,1
462,36488875,349,1
463,36488967,347,1
464,36489056,394,1
465,36489136,362,1
466,36489226,343,1
467,36489314,393,1
468,36489413,373,1
469,36489505,340,1
470,36489588,382,1
471,36489685,374,1
472,36489772,342,1
473,36489871,368,1
474,36489966,397,1
475,36490050,350,1
476,36490134,358,1
477,36490221,400,1
478,36490312,361,1
479,36490402,348,1
480,36490485,394,1
481,36490577,374,1
482,36490666,342,1
483,36490755,390,1
484,36490844,383,1
485,36490938,342,1
486,36491038,374,1
487,36491138,397,1
488,36491237,348,1
489,36491327,363,1
490,36491419,396,1
491,36491514,358,1
492,36491614,351,1
493,36491712,395,1
494,36491806,371,1
495,36491898,397,1
496,36491981,391,1
497,36492079,385,1
498,36492179,340,1
499,36492275,379,1
500,36492373,394,1
501,36492467,345,1
502,36492554,366,1
503,36492639,397,1
504,36492726,356,1
505,36492820,353,1
506,36492920,401,1
507,36493015,393,1
508,36493095,345,1
509,36493188,367,1
510,36493274,378,1
511,36493360,357,1
512,36493450,383,1
513,36493535,399,1
514,36493619,341,1
515,36493705,347,1
516,36493797,392,1
517,36493878,378,1
518,36493968,358,1
519,36494068,385,1
520,36494153,359,1
521,36494242,374,1
522,36494333,392,1
523,36494418,395,1
524,36494502,343,1
525,36494586,344,1
526,36494668,387,1
527,36494751,389,1
528,36494850,374,1
529,36494942,371,1
530,36495042,350,1
531,36495125,350,1
532,36495225,400,1
533,36495314,400,1
534,36495413,350,1
535,36495495,349,1
536,36495582,370,1
537,36495668,373,1
538,36495749,391,1
539,36495849,385,1
540,36495929,342,1
541,36496020,340,1
542,36496119,390,1
543,36496199,399,1
544,36496296,371,1
545,36496387,359,1
546,36496481,353,1
547,36496575,360,1
548,36496673,399,1
549,36496754,399,1
550,36496847,347,1
551,36496931,340,1
552,36497028,377,1
553,36497127,381,1
554,36497224,389,1
555,36497318,377,1
556,36497410,339,1
557,36497508,346,1
558,36497589,392,1
559,36497686,396,1
560,36497784,358,1
561,36497876,355,1
562,36497957,357,1
563,36498038,364,1
564,36498132,399,1
565,36498231,393,1
566,36498325,343,1
567,36498411,341,1
568,36498498,383,1
569,36498578,385,1
570,36498672,377,1
571,36498770,374,1
572,36498852,343,1
573,36498940,346,1
574,36499021,395,1
575,36499119,396,1
576,36499208,357,1
577,36499291,346,1
578,36499383,363,1
579,36499465,370,1
580,36499555,393,1
581,36499639,383,1
582,36499737,343,1
583,36499817,342,1
584,36499913,387,1
585,36500000,395,1
586,36500097,372,1
587,36500181,367,1
588,36500275,348,1
589,36500366,350,1
590,36500452,397,1
591,36500541,397,1
592,36500637,348,1
593,36500734,345,1
594,36500814,368,1
595,36500903,376,1
596,36500989,388,1
597,36501084,384,1
598,36501175,340,1
599,36501275,339,1
600,36501370,395,1
601,36501460,397,1
602,36501554,369,1
603,36501650,360,1
604,36501749,353,1
605,36501844,355,1
606,36501936,397,1
607,36502027,394,1
608,36502121,346,1
609,36502210,348,1
610,36502290,376,1
611,36502375,386,1
612,36502465,383,1
613,36502556,381,1
614,36502638,343,1
615,36502725,342,1
616,36502816,392,1
617,36502905,398,1
618,36503005,359,1
619,36503103,358,1
620,36503203,355,1
621,36503300,361,1
622,36503391,396,1
623,36503472,395,1
624,36503564,347,1
625,36503645,340,1
626,36503725,379,1
627,36503809,387,1
628,36503891,384,1
629,36503975,372,1
630,36504066,343,1
631,36504148,347,1
632,36504242,398,1
633,36504341,397,1
634,36504423,355,1
635,36504510,355,1
636,36504607,359,1
637,36504703,363,1
638,36504792,397,1
639,36504884,395,1
640,36504975,344,1
641,36505075,338,1
642,36505167,385,1
643,36505264,387,1
644,36505356,375,1
645,36505447,372,1
646,36505546,346,1
647,36505629,350,1
648,36505725,395,1
649,36505825,400,1
650,36505922,357,1
651,36506007,348,1
652,36506099,362,1
653,36506196,366,1
654,36506291,394,1
655,36506379,389,1
656,36506461,341,1
657,36506556,343,1
658,36506652,383,1
659,36506739,392,1
660,36506829,373,1
661,36506925,368,1
662,36507006,346,1
663,36507090,350,1
664,36507188,398,1
665,36507285,399,1
666,36507377,352,1
667,36507474,346,1
668,36507573,369,1
669,36507664,375,1
670,36507750,392,1
671,36507837,379,1
672,36507935,339,1
673,36508025,341,1
674,36508111,389,1
675,36508197,398,1
676,36508297,369,1
677,36508387,363,1
678,36508471,348,1
679,36508552,353,1
680,36508645,398,1
681,36508730,395,1
682,36508830,350,1
683,36508921,339,1
684,36509016,369,1
685,36509110,375,1
686,36509193,387,1
687,36509274,385,1
688,36509368,341,1
689,36509455,341,1
690,36509554,392,1
691,36509637,393,1
692,36509721,366,1
693,36509808,362,1
694,36509901,352,1
695,36509991,359,1
696,36510076,398,1
697,36510170,397,1
698,36510262,344,1
699,36510359,340,1
700,36510451,367,1
701,36510532,382,1
702,36510614,384,1
703,36510700,378,1
704,36510785,334,1
705,36510883,334,1
706,36510978,385,1
707,36511065,387,1
708,36511159,352,1
709,36511244,350,1
710,36511342,338,1
711,36511436,341,1
712,36511518,378,1
713,36511599,376,1
714,36511695,323,1
715,36511792,314,1
716,36511881,341,1
717,36511961,348,1
718,36512041,340,1
719,36512134,329,1
720,36512217,277,1
721,36512299,268,1
722,36512389,314,1
723,36512473,305,1
724,36512558,266,1
725,36512642,254,1
726,36512725,268,1
727,36512815,285,1
728,36512909,362,1
729,36513005,375,1
730,36513098,325,1
731,36513180,361,1
732,36513275,399,1
733,36513366,416,1
734,36513460,431,1
735,36513556,431,1
736,36513640,386,1
737,36513728,380,1
738,36513822,451,1
739,36513916,437,1
740,36514012,403,1
741,36514107,399,1
742,36514196,377,1
743,36514280,384,1
744,36514365,411,1
745,36514447,388,1
746,36514539,322,1
747,36514625,296,1
748,36514708,305,1
749,36514804,289,1
750,36514899,268,1
751,36514988,232,1
752,36515077,168,1
753,36515164,145,1
754,36515264,171,1
755,36515353,146,1
756,36515450,88,1
757,36515549,59,1
758,36515631,35,1
759,36515728,25,1
760,36515818,45,1
761,36515915,25,1
762,36516011,-25,1
763,36516110,-35,1
764,36516190,4,1
765,36516272,29,1
766,36516371,61,1
767,36516459,92,1
768,36516554,92,1
769,36516651,137,1
770,36516740,231,1
771,36516832,270,1
772,36516916,271,1
773,36517016,276,1
774,36517096,265,1
775,36517185,271,1
776,36517276,318,1
777,36517375,333,1
778,36517465,304,1
779,36517564,323,1
780,36517662,365,1
781,36517745,382,1
782,36517829,399,1
783,36517928,394,1
784,36518009,347,1
785,36518096,343,1
786,36518193,386,1
787,36518293,383,1
788,36518376,354,1
789,36518471,336,1
790,36518557,309,1
791,36518645,312,1
792,36518739,349,1
793,36518837,345,1
794,36518920,303,1
795,36519020,302,1
796,36519112,322,1
797,36519195,328,1
798,36519292,351,1
799,36519392,348,1
800,36519485,297,1
801,36519578,299,1
802,36519664,346,1
803,36519753,355,1
804,36519853,341,1
805,36519933,341,1
806,36520027,310,1
807,36520114,316,1
808,36520213,362,1
809,36520295,359,1
810,36520384,314,1
811,36520465,306,1
812,36520561,310,1
813,36520644,317,1
814,36520737,337,1
815,36520827,335,1
816,36520914,280,1
817,36521009,277,1
818,36521098,312,1
819,36521184,314,1
820,36521269,310,1
821,36521363,297,1
822,36521446,266,1
823,36521536,265,1
824,36521630,313,1
825,36521727,315,1
826,36521808,278,1
827,36521892,270,1
828,36521978,263,1
829,36522068,272,1
830,36522148,304,1
831,36522243,306,1
832,36522324,259,1
833,36522421,257,1
834,36522512,276,1
835,36522596,286,1
836,36522688,303,1
837,36522775,300,1
838,36522866,253,1
839,36522958,260,1
840,36523056,308,1
841,36523136,315,1
842,36523233,298,1
843,36523313,298,1
844,36523407,277,1
845,36523506,288,1
846,36523599,338,1
847,36523690,342,1
848,36523787,300,1
849,36523871,303,1
850,36523964,317,1
851,36524051,332,0
852,36524134,358,0
853,36524216,357,0
854,36524313,307,0
855,36524409,311,0
856,36524495,350,0
857,36524593,357,0
858,36524685,357,0
859,36524781,350,0
860,36524876,315,0
861,36524959,323,0
862,36525047,372,0
863,36525137,372,0
864,36525219,345,0
865,36525318,341,0
866,36525403,336,0
867,36525503,335,0
868,36525592,378,0
869,36525678,380,0
870,36525773,333,0
871,36525864,327,0
872,36525948,355,0
873,36526048,360,0
874,36526140,376,0
875,36526233,369,0
876,36526325,325,0
877,36526408,328,0
878,36526494,370,0
879,36526590,378,0
880,36526685,357,0
881,36526782,344,0
882,36526875,327,0
883,36526969,334,0
884,36527053,379,0
885,36527143,380,0
886,36527225,342,0
887,36527311,335,0
888,36527392,343,0
889,36527480,348,0
890,36527580,381,0
891,36527675,376,0
892,36527770,329,0
893,36527860,325,0
894,36527954,367,0
895,36528050,365,0
896,36528141,367,0
897,36528226,363,0
898,36528323,327,0
899,36528406,328,0
900,36528496,380,0
901,36528578,381,0
902,36528661,350,0
903,36528743,341,0
904,36528823,335,0
905,36528909,342,0
906,36529009,385,0
907,36529106,379,0
908,36529202,331,0
909,36529293,333,0
910,36529385,352,0
911,36529473,364,0
912,36529555,375,0
913,36529637,369,0
914,36529733,323,0
915,36529825,323,0
916,36529910,369,0
917,36529999,373,0
918,36530096,360,0
919,36530178,357,0
920,36530272,329,0
921,36530362,333,0
922,36530448,380,0
923,36530535,382,0
924,36530618,342,0
925,36530704,336,0
926,36530802,345,0
927,36530899,348,0
928,36530992,380,0
929,36531082,378,0
930,36531164,327,0
931,36531252,327,0
932,36531347,364,0
933,36531447,366,0
934,36531528,372,0
935,36531624,361,0
936,36531719,323,0
937,36531804,331,0
938,36531898,379,0
939,36531985,381,0
940,36532071,349,0
941,36532155,339,0
942,36532239,334,0
943,36532321,340,0
944,36532420,381,0
945,36532512,380,0
946,36532596,332,0
947,36532677,333,0
948,36532770,355,0
949,36532854,354,0
950,36532954,372,0
951,36533035,371,0
952,36533122,323,0
953,36533217,324,0
954,36533311,369,0
955,36533407,374,0
956,36533501,357,0
957,36533593,354,0
958,36533682,329,0
959,36533773,333,0
960,36533871,384,0
961,36533967,383,0
962,36534051,339,0
963,36534136,335,0
964,36534217,342,0
965,36534317,347,0
966,36534407,380,0
967,36534502,375,0
968,36534598,328,0
969,36534693,327,0
970,36534785,363,0
971,36534885,374,0
972,36534977,369,0
973,36535061,364,0
974,36535150,324,0
975,36535247,328,0
976,36535340,376,0
977,36535426,381,0
978,36535515,349,0
979,36535598,346,0
980,36535684,335,0
981,36535772,338,0
982,36535852,383,0
983,36535949,383,0
984,36536044,332,0
985,36536134,330,0
986,36536215,352,0
987,36536312,359,0
988,36536394,375,0
989,36536490,372,0
990,36536573,321,0
991,36536658,325,0
992,36536753,370,0
993,36536851,370,0
994,36536939,357,0
995,36537024,358,0
996,36537122,327,0
997,36537205,332,0
998,36537300,379,0
999,36537382,380,0
1000,36537469,340,0
1001,36537552,332,0
1002,36537632,342,0
1003,36537715,344,0
1004,36537799,377,0
1005,36537889,378,0
1006,36537989,327,0
1007,36538085,325,0
1008,36538174,358,0
1009,36538261,364,0
1010,36538357,371,0
1011,36538455,364,0
1012,36538541,323,0
1013,36538632,329,0
1014,36538728,375,0
1015,36538814,381,0
1016,36538895,352,0
1017,36538982,346,0
1018,36539070,336,0
1019,36539159,339,0
1020,36539243,381,0
1021,36539323,381,0
1022,36539417,333,0
1023,36539501,329,0
1024,36539593,351,0
1025,36539678,355,0
1026,36539778,379,0
1027,36539868,373,0
1028,36539953,325,0
1029,36540038,325,0
1030,36540135,371,0
1031,36540224,377,0
1032,36540316,358,0
1033,36540403,354,0
1034,36540500,325,0
1035,36540595,331,0
1036,36540682,381,0
1037,36540778,384,0
1038,36540873,344,0
1039,36540959,337,0
1040,36541041,342,0
1041,36541141,351,0
1042,36541238,380,0
1043,36541333,380,0
1044,36541421,327,0
1045,36541516,327,0
1046,36541609,363,0
1047,36541705,365,0
1048,36541785,369,0
1049,36541871,367,0
1050,36541967,327,0
1051,36542060,329,0
1052,36542146,379,0
1053,36542236,379,0
1054,36542320,352,0
1055,36542404,346,0
1056,36542489,336,0
1057,36542585,337,0
1058,36542671,384,0
1059,36542751,383,0
1060,36542842,328,0
1061,36542936,324,0
1062,36543028,354,0
1063,36543124,359,0
1064,36543212,373,0
1065,36543309,370,0
1066,36543408,324,0
1067,36543499,321,0
1068,36543599,371,0
1069,36543681,374,0
1070,36543779,358,0
