0,36447261,-449,0
1,36447346,-449,0
2,36447441,-445,0
3,36447527,-470,0
4,36447607,-502,0
5,36447703,-479,0
6,36447798,-462,0
7,36447893,-389,0
8,36447985,-217,0
9,36448080,-29,0
10,36448175,42,0
11,36448257,51,0
12,36448341,166,0
13,36448427,173,0
14,36448520,78,0
15,36448620,116,0
16,36448718,138,0
17,36448818,36,0
18,36448909,86,0
19,36448994,161,0
20,36449079,87,0
21,36449168,73,0
22,36449256,162,0
23,36449348,73,0
24,36449429,60,0
25,36449529,153,0
26,36449613,145,0
27,36449699,69,0
28,36449793,136,0
29,36449887,165,0
30,36449981,73,0
31,36450076,113,0
32,36450165,172,0
33,36450245,88,0
34,36450341,86,0
35,36450435,174,0
36,36450528,110,0
37,36450622,72,0
38,36450720,158,0
39,36450802,135,0
40,36450894,69,0
41,36450983,143,0
42,36451079,157,0
43,36451177,68,0
44,36451259,116,0
45,36451342,166,0
46,36451429,81,0
47,36451510,91,0
48,36451605,154,0
49,36451686,70,0
50,36451777,106,0
51,36451870,163,0
52,36451958,76,0
53,36452053,78,0
54,36452140,156,0
55,36452220,92,0
56,36452300,55,0
57,36452387,140,0
58,36452477,110,0
59,36452572,106,0
60,36452666,116,0
61,36452754,124,0
62,36452846,32,0
63,36452937,84,0
64,36453026,126,0
65,36453121,33,0
66,36453219,44,0
67,36453304,116,0
68,36453396,44,0
69,36453477,17,0
70,36453568,102,1
71,36453649,89,1
72,36453741,-1,1
73,36453835,77,1
74,36453919,67,1
75,36454018,-11,1
76,36454106,50,1
77,36454199,77,1
78,36454284,-14,1
79,36454377,18,1
80,36454467,84,1
81,36454558,0,1
82,36454642,-8,1
83,36454723,83,1
84,36454816,31,1
85,36454914,-10,1
86,36454996,76,1
87,36455076,65,1
88,36455163,-3,1
89,36455260,78,1
90,36455355,104,1
91,36455450,24,1
92,36455534,75,1
93,36455633,137,1
94,36455729,57,1
95,36455815,136,1
96,36455901,154,1
97,36455999,93,1
98,36456095,65,1
99,36456175,153,1
100,36456270,119,1
101,36456350,58,1
102,36456435,135,1
103,36456518,140,1
104,36456616,54,1
105,36456711,109,1
106,36456794,149,1
107,36456888,116,1
108,36456973,79,1
109,36457062,156,1
110,36457160,80,1
111,36457251,59,1
112,36457344,148,1
113,36457443,101,1
114,36457532,52,1
115,36457620,137,1
116,36457707,125,1
117,36457790,49,1
118,36457872,113,1
119,36457958,83,1
120,36458053,61,1
121,36458141,99,1
122,36458239,160,1
123,36458327,82,1
124,36458412,75,1
125,36458500,159,1
126,36458594,107,1
127,36458679,64,1
128,36458764,152,1
129,36458855,129,1
130,36458944,62,1
131,36459033,66,1
132,36459117,150,1
133,36459216,63,1
134,36459311,105,1
135,36459392,161,1
136,36459477,75,1
137,36459560,83,1
138,36459653,160,1
139,36459735,97,1
140,36459831,61,1
141,36459911,153,1
142,36459997,124,1
143,36460085,55,1
144,36460175,129,1
145,36460255,141,1
146,36460353,56,1
147,36460452,113,1
148,36460547,156,1
149,36460635,70,1
150,36460733,87,1
151,36460825,159,1
152,36460922,91,1
153,36461013,72,1
154,36461094,72,1
155,36461185,124,1
156,36461282,59,1
157,36461369,141,1
158,36461469,139,1
159,36461559,58,1
160,36461649,118,1
161,36461737,152,1
162,36461837,67,1
163,36461929,97,1
164,36462015,159,1
165,36462107,86,1
166,36462202,104,1
167,36462300,158,1
168,36462397,106,1
169,36462494,61,1
170,36462591,148,1
171,36462689,129,1
172,36462780,56,1
173,36462873,127,1
174,36462966,148,1
175,36463055,63,1
176,36463155,101,1
177,36463238,162,1
178,36463319,136,1
179,36463408,81,1
180,36463494,163,1
181,36463575,97,1
182,36463675,63,1
183,36463773,150,1
184,36463861,124,1
185,36463954,55,1
186,36464046,130,1
187,36464128,146,1
188,36464227,57,1
189,36464311,110,1
190,36464404,160,1
191,36464502,71,1
192,36464602,89,1
193,36464697,162,1
194,36464781,91,1
195,36464862,66,1
196,36464961,156,1
197,36465051,117,1
198,36465150,59,1
199,36465250,142,1
200,36465342,137,1
201,36465437,57,1
202,36465528,161,1
203,36465615,154,1
204,36465710,68,1
205,36465804,97,1
206,36465900,162,1
207,36465989,87,1
208,36466071,74,1
209,36466153,160,1
210,36466251,111,1
211,36466347,62,1
212,36466440,146,1
213,36466522,131,1
214,36466619,142,1
215,36466705,130,1
216,36466786,152,1
217,36466876,63,1
218,36466970,105,1
219,36467054,161,1
220,36467144,78,1
221,36467231,83,1
222,36467331,159,1
223,36467418,96,1
224,36467501,64,1
225,36467586,150,1
226,36467678,106,1
227,36467759,52,1
228,36467849,130,1
229,36467949,132,1
230,36468035,53,1
231,36468118,106,1
232,36468208,148,1
233,36468297,62,1
234,36468388,78,1
235,36468468,153,1
236,36468564,80,1
237,36468648,63,1
238,36468731,65,1
239,36468821,106,1
240,36468914,53,1
241,36469007,136,1
242,36469098,134,1
243,36469180,55,1
244,36469270,122,1
245,36469366,153,1
246,36469447,67,1
247,36469545,97,1
248,36469644,160,1
249,36469742,78,1
250,36469835,53,1
251,36469932,149,1
252,36470020,87,1
253,36470105,41,1
254,36470193,119,1
255,36470280,93,1
256,36470366,0,1
257,36470454,68,1
258,36470552,77,1
259,36470645,-20,1
260,36470728,29,1
261,36470808,80,1
262,36470906,-11,1
263,36470994,29,1
264,36471086,112,1
265,36471167,46,1
266,36471251,45,1
267,36471342,138,1
268,36471430,104,1
269,36471515,50,1
270,36471602,140,1
271,36471685,141,1
272,36471784,68,1
273,36471881,135,1
274,36471970,111,1
275,36472055,88,1
276,36472142,125,0
277,36472227,192,0
278,36472318,117,0
279,36472404,113,0
280,36472497,202,0
281,36472581,145,0
282,36472662,104,0
283,36472762,194,0
284,36472858,175,0
285,36472938,102,0
286,36473037,178,0
287,36473123,191,0
288,36473219,107,0
289,36473307,156,0
290,36473403,203,0
291,36473494,116,0
292,36473588,131,0
293,36473670,208,0
294,36473755,137,0
295,36473835,113,0
296,36473922,202,0
297,36474010,203,0
298,36474097,101,0
299,36474181,187,0
300,36474276,181,0
301,36474363,104,0
302,36474449,164,0
303,36474547,198,0
304,36474629,106,0
305,36474718,143,0
306,36474801,205,0
307,36474891,125,0
308,36474978,125,0
309,36475073,207,0
310,36475157,148,0
311,36475250,107,0
312,36475348,195,0
313,36475442,168,0
314,36475526,101,0
315,36475609,178,0
316,36475704,187,0
317,36475803,103,0
318,36475888,157,0
319,36475987,200,0
320,36476083,111,0
321,36476179,176,0
322,36476269,207,0
323,36476360,132,0
324,36476459,115,0
325,36476555,203,0
326,36476646,155,0
327,36476727,102,0
328,36476809,190,0
329,36476897,177,0
330,36476987,97,0
331,36477078,171,0
332,36477176,193,0
333,36477275,137,0
334,36477367,148,0
335,36477454,204,0
336,36477544,118,0
337,36477639,129,0
338,36477720,207,0
339,36477809,139,0
