0,36447261,806,0
1,36447345,839,0
2,36447440,790,0
3,36447540,787,0
4,36447628,838,0
5,36447713,806,0
6,36447813,789,0
7,36447904,837,0
8,36447996,817,0
9,36448084,786,0
10,36448183,826,0
11,36448279,827,0
12,36448371,784,0
13,36448458,820,0
14,36448552,836,0
15,36448650,786,0
16,36448734,823,0
17,36448815,835,0
18,36448908,792,0
19,36448996,801,0
20,36449090,838,0
21,36449187,794,0
22,36449272,789,0
23,36449355,836,0
24,36449444,810,0
25,36449528,786,0
26,36449609,832,0
27,36449706,818,0
28,36449794,793,0
29,36449884,828,0
30,36449964,831,0
31,36450058,782,0
32,36450139,815,0
33,36450231,836,0
34,36450327,786,0
35,36450413,809,0
36,36450497,835,0
37,36450580,799,0
38,36450664,799,0
39,36450746,838,0
40,36450839,782,0
41,36450925,786,0
42,36451012,833,0
43,36451112,810,0
44,36451194,781,0
45,36451277,825,0
46,36451360,822,0
47,36451441,782,0
48,36451529,822,0
49,36451620,828,0
50,36451701,784,0
51,36451790,797,0
52,36451873,795,0
53,36451957,791,0
54,36452044,801,0
55,36452135,837,0
56,36452235,797,0
57,36452334,790,0
58,36452434,837,0
59,36452515,811,0
60,36452603,787,0
61,36452688,830,0
62,36452787,819,0
63,36452884,781,0
64,36452975,822,0
65,36453055,829,0
66,36453148,783,0
67,36453228,820,0
68,36453325,833,0
69,36453410,787,0
70,36453507,805,0
71,36453598,837,0
72,36453692,793,0
73,36453783,793,0
74,36453863,838,0
75,36453961,838,0
76,36454046,785,0
77,36454127,836,0
78,36454215,814,0
79,36454311,784,0
80,36454402,828,0
81,36454496,823,0
82,36454596,775,0
83,36454696,815,0
84,36454777,831,0
85,36454862,785,0
86,36454945,807,0
87,36455038,823,0
88,36455124,785,0
89,36455209,799,0
90,36455309,839,0
91,36455396,799,0
92,36455482,792,0
93,36455572,840,0
94,36455666,799,0
95,36455760,778,0
96,36455848,832,0
97,36455932,817,0
98,36456015,779,0
99,36456102,796,0
100,36456195,829,0
101,36456282,837,0
102,36456373,814,0
103,36456456,783,0
104,36456541,785,0
105,36456624,818,0
106,36456720,833,0
107,36456814,816,0
108,36456897,793,0
109,36456994,784,0
110,36457091,804,0
111,36457190,838,0
112,36457279,837,0
113,36457366,796,0
114,36457464,783,0
115,36457544,795,0
116,36457640,823,0
117,36457727,837,0
118,36457823,816,0
119,36457916,786,0
120,36458003,787,0
121,36458083,818,0
122,36458179,837,0
123,36458274,820,0
124,36458360,792,0
125,36458449,780,0
126,36458542,800,0
127,36458630,835,0
128,36458711,836,0
129,36458810,797,0
130,36458898,784,0
131,36458991,798,0
132,36459071,827,0
133,36459163,837,0
134,36459249,816,0
135,36459344,784,0
136,36459424,785,0
137,36459504,814,0
138,36459584,830,0
139,36459664,820,0
140,36459753,791,0
141,36459835,784,0
142,36459931,806,0
143,36460013,835,0
144,36460112,833,0
145,36460210,794,0
146,36460298,781,0
147,36460393,800,0
148,36460486,831,0
149,36460570,836,0
150,36460659,819,0
151,36460751,785,0
152,36460840,790,0
153,36460940,820,0
154,36461027,833,0
155,36461119,819,0
156,36461203,795,0
157,36461283,781,0
158,36461381,806,0
159,36461463,838,0
160,36461554,830,0
161,36461652,797,0
162,36461740,780,0
163,36461840,803,0
164,36461923,826,0
165,36462022,835,0
166,36462116,814,0
167,36462211,783,0
168,36462306,787,0
169,36462404,827,0
170,36462491,840,0
171,36462590,818,0
172,36462687,794,0
173,36462779,789,0
174,36462867,811,0
175,36462963,841,0
176,36463061,832,0
177,36463146,794,0
178,36463227,779,0
179,36463314,806,0
180,36463404,836,0
181,36463491,838,0
182,36463583,807,0
183,36463673,783,0
184,36463770,797,0
185,36463857,823,0
186,36463942,838,0
187,36464037,813,0
188,36464127,788,0
189,36464207,789,0
190,36464301,818,0
191,36464381,837,0
192,36464465,826,0
193,36464553,789,0
194,36464649,786,0
195,36464749,812,0
196,36464834,839,0
197,36464918,833,0
198,36465008,806,0
199,36465097,780,0
200,36465190,797,0
201,36465285,835,0
202,36465380,840,0
203,36465466,806,0
204,36465560,783,0
205,36465660,791,0
206,36465760,814,0
207,36465846,838,0
208,36465940,820,0
209,36466029,783,0
210,36466124,785,0
211,36466212,820,0
212,36466296,840,0
213,36466385,829,0
214,36466465,796,0
215,36466557,785,0
216,36466649,805,0
217,36466741,836,0
218,36466841,835,0
219,36466938,799,0
220,36467032,782,0
221,36467123,800,0
222,36467206,830,0
223,36467305,837,0
224,36467390,814,0
225,36467488,784,0
226,36467571,789,0
227,36467662,821,0
228,36467762,839,0
229,36467862,818,0
230,36467959,787,0
231,36468051,786,0
232,36468140,814,0
233,36468233,840,0
234,36468331,833,0
235,36468429,792,0
236,36468516,781,0
237,36468606,798,0
238,36468689,833,0
239,36468786,827,0
240,36468866,802,0
241,36468950,779,0
242,36469030,795,0
243,36469119,832,0
244,36469199,837,0
245,36469284,810,0
246,36469384,784,0
247,36469473,790,0
248,36469553,823,0
249,36469634,836,0
250,36469725,820,0
251,36469824,779,0
252,36469923,785,0
253,36470022,818,0
254,36470105,841,0
255,36470200,825,0
256,36470287,795,0
257,36470372,782,0
258,36470456,800,0
259,36470537,833,0
260,36470623,831,0
261,36470717,792,0
262,36470805,781,0
263,36470887,801,0
264,36470985,827,0
265,36471066,835,0
266,36471163,809,0
267,36471245,784,0
268,36471345,780,0
269,36471438,817,0
270,36471521,837,0
271,36471610,811,0
272,36471693,784,0
273,36471793,783,0
274,36471875,811,0
275,36471961,834,0
276,36472054,820,0
277,36472142,786,0
278,36472234,778,0
279,36472332,805,0
280,36472415,830,0
281,36472504,821,0
282,36472596,793,0
283,36472692,777,0
284,36472773,791,0
285,36472868,825,0
286,36472968,827,0
287,36473055,798,0
288,36473135,775,0
289,36473231,785,0
290,36473324,818,1
291,36473421,827,1
292,36473515,801,1
293,36473608,739,1
294,36473706,730,1
295,36473793,730,1
296,36473888,729,1
297,36473968,690,1
298,36474051,626,1
299,36474135,602,1
300,36474229,638,1
301,36474329,670,1
302,36474410,672,1
303,36474502,663,1
304,36474589,663,1
305,36474688,666,1
306,36474774,661,1
307,36474871,620,1
308,36474963,569,1
309,36475045,523,1
310,36475132,506,1
311,36475218,525,1
312,36475313,526,1
313,36475408,488,1
314,36475499,449,1
315,36475597,443,1
316,36475686,459,1
317,36475771,460,1
318,36475869,439,1
319,36475951,395,1
320,36476046,384,1
321,36476132,411,1
322,36476222,428,1
323,36476318,417,1
324,36476413,382,1
325,36476496,373,1
326,36476593,392,1
327,36476685,425,1
328,36476772,425,1
329,36476865,389,1
330,36476961,366,1
331,36477054,387,1
332,36477150,416,1
333,36477237,424,1
334,36477334,402,1
335,36477416,372,1
336,36477500,380,1
337,36477597,414,1
338,36477679,431,1
339,36477768,404,1
340,36477859,377,1
341,36477952,369,1
342,36478041,393,1
343,36478138,430,1
344,36478230,417,1
345,36478310,380,1
346,36478395,375,1
347,36478493,397,1
348,36478583,421,1
349,36478677,421,1
350,36478769,390,1
351,36478861,366,1
352,36478943,382,1
353,36479027,416,1
354,36479123,422,1
355,36479221,395,1
356,36479317,372,1
357,36479403,382,1
358,36479502,411,1
359,36479582,429,1
360,36479681,407,1
361,36479776,372,1
362,36479861,374,1
363,36479960,405,1
364,36480045,422,1
365,36480135,415,1
366,36480218,383,1
367,36480318,370,1
368,36480401,394,1
369,36480487,423,1
370,36480583,419,1
371,36480672,386,1
372,36480768,374,1
373,36480865,389,1
374,36480962,419,1
375,36481049,421,1
376,36481141,397,1
377,36481236,373,1
378,36481330,378,1
379,36481419,412,1
380,36481516,428,1
381,36481601,405,1
382,36481685,378,1
383,36481776,370,1
384,36481873,397,1
385,36481954,418,1
386,36482048,420,1
387,36482138,379,1
388,36482225,369,1
389,36482316,399,1
390,36482413,425,1
391,36482495,416,1
392,36482582,388,1
393,36482662,367,1
394,36482757,382,1
395,36482842,422,1
396,36482930,420,1
397,36483013,393,1
398,36483096,371,1
399,36483180,386,1
400,36483263,415,1
401,36483356,425,1
402,36483444,406,1
403,36483544,376,1
404,36483634,375,1
405,36483722,406,1
406,36483816,419,1
407,36483899,414,1
408,36483985,384,1
409,36484070,375,1
410,36484166,398,1
411,36484256,427,1
412,36484356,418,1
413,36484445,383,1
414,36484526,372,1
415,36484622,392,1
416,36484715,418,1
417,36484795,423,1
418,36484880,401,1
419,36484968,372,1
420,36485054,380,1
421,36485143,417,1
422,36485225,426,1
423,36485310,398,1
424,36485398,371,1
425,36485495,370,1
426,36485585,405,1
427,36485670,428,1
428,36485768,411,1
429,36485851,380,1
430,36485948,373,1
431,36486037,398,1
432,36486121,425,1
433,36486221,415,1
434,36486316,389,1
435,36486401,371,1
436,36486481,383,1
437,36486570,375,1
438,36486669,425,1
439,36486756,403,1
440,36486851,371,1
441,36486945,414,1
442,36487045,417,1
443,36487142,368,1
444,36487238,403,1
445,36487326,420,1
446,36487410,372,1
447,36487500,367,1
448,36487581,427,1
449,36487669,384,1
450,36487749,377,1
451,36487830,420,1
452,36487919,400,1
453,36488013,371,1
454,36488111,414,1
455,36488197,404,1
456,36488283,365,1
457,36488379,406,1
458,36488469,422,1
459,36488560,386,1
460,36488642,394,1
461,36488733,423,1
462,36488823,379,1
463,36488913,381,1
464,36489001,422,1
465,36489081,391,1
466,36489178,373,1
467,36489277,423,1
468,36489372,402,1
469,36489459,370,1
470,36489546,414,1
471,36489637,406,1
472,36489720,372,1
473,36489805,398,1
474,36489905,424,1
475,36489996,377,1
476,36490089,385,1
477,36490180,427,1
478,36490261,390,1
479,36490344,376,1
480,36490432,427,1
481,36490524,404,1
482,36490615,368,1
483,36490708,422,1
484,36490793,412,1
485,36490892,365,1
486,36490975,405,1
487,36491055,425,1
488,36491143,375,1
489,36491238,389,1
490,36491328,427,1
491,36491409,383,1
492,36491499,380,1
493,36491596,423,1
494,36491688,396,1
495,36491786,422,1
496,36491878,411,1
497,36491975,406,1
498,36492059,365,1
499,36492151,404,1
500,36492250,419,1
501,36492335,372,1
502,36492426,393,1
503,36492521,422,1
504,36492605,384,1
505,36492690,379,1
506,36492788,430,1
507,36492879,420,1
508,36492963,363,1
509,36493061,389,1
510,36493150,405,1
511,36493244,383,1
512,36493332,413,1
513,36493417,434,1
514,36493502,377,1
515,36493582,390,1
516,36493673,437,1
517,36493759,423,1
518,36493843,417,1
519,36493940,446,1
520,36494027,427,1
521,36494126,464,1
522,36494219,484,1
523,36494303,495,1
524,36494386,452,1
525,36494476,461,1
526,36494565,505,1
527,36494663,534,1
528,36494753,520,1
529,36494841,530,1
530,36494924,526,1
531,36495012,548,1
532,36495106,622,1
533,36495206,671,1
534,36495300,630,1
535,36495394,651,1
536,36495489,677,1
537,36495582,686,1
538,36495677,694,1
539,36495760,654,1
540,36495845,603,1
541,36495930,607,1
542,36496014,640,1
543,36496099,654,1
544,36496199,650,1
545,36496295,667,1
546,36496375,676,1
547,36496461,697,0
548,36496546,763,0
549,36496634,791,0
550,36496718,758,0
551,36496804,765,0
552,36496897,804,0
553,36496982,811,0
554,36497063,818,0
555,36497163,810,0
556,36497252,769,0
557,36497340,780,0
558,36497430,823,0
559,36497530,830,0
560,36497629,793,0
561,36497726,790,0
562,36497814,793,0
563,36497899,797,0
564,36497996,836,0
565,36498082,828,0
566,36498174,778,0
567,36498254,777,0
568,36498336,821,0
569,36498418,823,0
570,36498508,815,0
571,36498608,811,0
572,36498708,782,0
573,36498802,784,0
574,36498893,835,0
575,36498980,833,0
576,36499072,795,0
577,36499170,786,0
578,36499260,796,0
579,36499352,807,0
580,36499433,829,0
581,36499521,817,0
582,36499621,780,0
583,36499721,782,0
584,36499806,826,0
585,36499896,836,0
586,36499988,808,0
587,36500085,805,0
588,36500182,787,0
589,36500274,789,0
590,36500363,831,0
591,36500463,840,0
592,36500561,790,0
593,36500645,786,0
594,36500726,809,0
595,36500812,814,0
596,36500909,827,0
597,36500999,821,0
598,36501098,779,0
599,36501188,778,0
600,36501282,832,0
601,36501376,838,0
602,36501474,812,0
603,36501562,799,0
604,36501646,793,0
605,36501730,796,0
606,36501816,838,0
607,36501898,833,0
608,36501993,779,0
609,36502079,784,0
610,36502167,817,0
611,36502249,825,0
612,36502348,821,0
613,36502448,819,0
614,36502543,785,0
615,36502624,782,0
616,36502713,832,0
617,36502801,837,0
618,36502883,800,0
619,36502965,795,0
620,36503045,797,0
621,36503136,804,0
622,36503216,837,0
623,36503306,836,0
624,36503393,787,0
625,36503474,780,0
626,36503554,817,0
627,36503635,825,0
628,36503716,824,0
629,36503813,813,0
630,36503903,781,0
631,36503986,784,0
632,36504066,837,0
633,36504156,838,0
634,36504236,792,0
635,36504332,795,0
636,36504416,802,0
637,36504508,803,0
638,36504605,838,0
639,36504698,835,0
640,36504798,786,0
641,36504881,780,0
642,36504965,818,0
643,36505065,824,0
644,36505158,816,0
645,36505254,814,0
646,36505342,787,0
647,36505442,790,0
648,36505526,834,0
649,36505616,840,0
650,36505697,795,0
651,36505788,790,0
652,36505880,800,0
653,36505969,803,0
654,36506055,829,0
655,36506148,828,0
656,36506243,782,0
657,36506334,784,0
658,36506430,828,0
659,36506528,831,0
660,36506618,812,0
661,36506716,806,0
662,36506812,786,0
663,36506911,789,0
664,36507005,834,0
665,36507086,840,0
666,36507176,789,0
667,36507264,786,0
668,36507356,812,0
669,36507439,814,0
670,36507524,835,0
671,36507617,820,0
672,36507715,778,0
673,36507813,782,0
674,36507905,831,0
675,36507998,836,0
676,36508080,810,0
677,36508180,805,0
678,36508273,790,0
679,36508357,793,0
680,36508448,837,0
681,36508529,837,0
682,36508616,787,0
683,36508696,780,0
684,36508790,807,0
685,36508872,816,0
686,36508952,827,0
687,36509052,824,0
