0,36447261,481,0
1,36447349,514,0
2,36447444,457,0
3,36447536,467,0
4,36447623,513,0
5,36447721,473,0
6,36447818,455,0
7,36447913,505,0
8,36448001,486,0
9,36448081,446,0
10,36448172,497,0
11,36448261,498,0
12,36448352,446,0
13,36448438,480,0
14,36448538,502,0
15,36448628,447,0
16,36448710,500,0
17,36448792,505,0
18,36448891,465,0
19,36448991,444,0
20,36449090,504,0
21,36449174,473,0
22,36449267,444,0
23,36449356,490,0
24,36449437,489,0
25,36449517,443,0
26,36449602,475,0
27,36449693,500,0
28,36449780,482,0
29,36449876,459,0
30,36449960,504,0
31,36450048,457,0
32,36450137,448,0
33,36450228,498,0
34,36450313,473,0
35,36450407,442,0
36,36450493,493,0
37,36450581,484,0
38,36450681,444,0
39,36450774,483,0
40,36450869,464,0
41,36450952,444,0
42,36451034,469,0
43,36451117,507,0
44,36451197,459,0
45,36451280,453,0
46,36451369,506,0
47,36451468,478,0
48,36451557,447,0
49,36451650,501,0
50,36451733,488,0
51,36451818,443,0
52,36451901,449,0
53,36451982,499,0
54,36452078,448,0
55,36452161,473,0
56,36452251,510,0
57,36452331,457,0
58,36452412,458,0
59,36452511,511,0
60,36452596,469,0
61,36452680,448,0
62,36452773,501,0
63,36452857,482,0
64,36452952,440,0
65,36453047,489,0
66,36453142,497,0
67,36453237,446,0
68,36453331,480,0
69,36453425,504,0
70,36453519,452,0
71,36453612,462,0
72,36453704,500,0
73,36453792,461,0
74,36453886,444,0
75,36453969,454,0
76,36454050,477,0
77,36454135,441,0
78,36454231,492,0
79,36454323,486,0
80,36454412,440,0
81,36454497,477,0
82,36454578,500,0
83,36454668,450,0
84,36454752,463,0
85,36454851,506,0
86,36454936,463,0
87,36455020,465,0
88,36455109,501,0
89,36455197,480,0
90,36455287,444,0
91,36455372,493,0
92,36455471,490,0
93,36455555,446,0
94,36455644,479,0
95,36455744,500,0
96,36455844,447,0
97,36455942,464,0
98,36456028,501,0
99,36456122,486,0
100,36456221,452,0
101,36456317,502,0
102,36456406,470,0
103,36456494,443,0
104,36456589,494,0
105,36456673,481,0
106,36456755,443,0
107,36456846,483,0
108,36456936,499,0
109,36457033,443,0
110,36457115,466,0
111,36457199,504,0
112,36457287,454,0
113,36457379,455,0
114,36457479,499,0
115,36457572,469,0
116,36457672,446,0
117,36457760,498,0
118,36457845,481,0
119,36457925,438,0
120,36458022,484,0
121,36458109,494,0
122,36458196,449,0
123,36458282,505,0
124,36458373,502,0
125,36458462,450,0
126,36458542,454,0
127,36458641,506,0
128,36458723,467,0
129,36458805,447,0
130,36458905,500,0
131,36458989,480,0
132,36459084,448,0
133,36459181,488,0
134,36459277,492,0
135,36459358,499,0
136,36459451,476,0
137,36459542,503,0
138,36459628,453,0
139,36459723,461,0
140,36459807,501,0
141,36459895,459,0
142,36459978,447,0
143,36460067,504,0
144,36460152,477,0
145,36460237,441,0
146,36460328,492,0
147,36460417,480,0
148,36460516,441,0
149,36460604,480,0
150,36460704,497,0
151,36460791,453,0
152,36460872,466,0
153,36460963,508,0
154,36461063,457,0
155,36461154,446,0
156,36461252,497,0
157,36461336,470,0
158,36461433,443,0
159,36461526,466,0
160,36461609,490,0
161,36461701,441,0
162,36461789,483,0
163,36461885,496,0
164,36461979,443,0
165,36462066,463,0
166,36462149,507,0
167,36462229,456,0
168,36462318,459,0
169,36462414,500,0
170,36462513,466,0
171,36462611,443,0
172,36462702,498,0
173,36462789,484,0
174,36462885,441,0
175,36462977,484,0
176,36463067,493,0
177,36463164,443,0
178,36463245,471,0
179,36463343,502,0
180,36463425,449,0
181,36463517,457,0
182,36463604,503,0
183,36463692,441,0
184,36463776,446,0
185,36463864,498,0
186,36463954,474,0
187,36464035,440,0
188,36464122,490,0
189,36464215,493,0
190,36464311,442,0
191,36464396,475,0
192,36464479,502,0
193,36464569,449,0
194,36464650,460,0
195,36464741,446,0
196,36464834,461,0
197,36464924,451,0
198,36465022,504,0
199,36465117,474,0
200,36465201,443,0
201,36465296,492,0
202,36465387,487,0
203,36465477,443,0
204,36465576,479,0
205,36465674,499,0
206,36465774,448,0
207,36465868,469,0
208,36465949,497,0
209,36466038,456,0
210,36466130,451,0
211,36466228,493,0
212,36466308,461,0
213,36466389,432,0
214,36466478,482,0
215,36466571,465,0
216,36466651,424,0
217,36466746,463,0
218,36466830,462,0
219,36466916,411,0
220,36467003,441,0
221,36467086,462,0
222,36467174,406,1
223,36467265,409,1
224,36467352,447,1
225,36467443,402,1
226,36467536,380,1
227,36467627,422,1
228,36467718,401,1
229,36467810,354,1
230,36467893,406,1
231,36467977,394,1
232,36468075,333,1
233,36468167,365,1
234,36468250,378,1
235,36468335,319,1
236,36468432,326,1
237,36468518,365,1
238,36468602,316,1
239,36468697,298,1
240,36468791,345,1
241,36468881,306,1
242,36468980,334,1
243,36469061,321,1
244,36469157,310,1
245,36469246,261,1
246,36469342,294,1
247,36469438,308,1
248,36469525,252,1
249,36469607,268,1
250,36469706,305,1
251,36469797,251,1
252,36469890,251,1
253,36469970,298,1
254,36470058,285,1
255,36470157,237,1
256,36470246,288,1
257,36470346,268,1
258,36470442,228,1
259,36470522,271,1
260,36470613,272,1
261,36470694,227,1
262,36470787,252,1
263,36470882,282,1
264,36470970,226,1
265,36471060,241,1
266,36471149,247,1
267,36471242,239,1
268,36471338,222,1
269,36471430,279,1
270,36471520,250,1
271,36471604,220,1
272,36471699,266,1
273,36471795,265,1
274,36471891,219,1
275,36471990,260,1
276,36472090,277,1
277,36472187,222,1
278,36472267,230,1
279,36472349,281,1
280,36472448,234,1
281,36472530,234,1
282,36472624,282,1
283,36472718,255,1
284,36472801,222,1
285,36472889,281,1
286,36472975,268,1
287,36473058,224,1
288,36473155,267,1
289,36473250,279,1
290,36473350,229,1
291,36473443,256,1
292,36473524,294,1
293,36473617,243,1
294,36473712,247,1
295,36473808,299,1
296,36473896,257,1
297,36473994,245,1
298,36474080,298,1
299,36474163,275,1
300,36474256,245,1
301,36474337,293,1
302,36474417,246,1
303,36474515,245,1
304,36474614,281,1
305,36474701,304,1
306,36474793,252,1
307,36474879,274,1
308,36474976,313,1
309,36475057,266,1
310,36475155,264,1
311,36475244,317,1
312,36475336,284,1
313,36475422,262,1
314,36475514,282,1
315,36475599,299,1
316,36475696,262,1
317,36475780,305,1
318,36475869,314,1
319,36475960,270,1
320,36476043,302,1
321,36476124,332,1
322,36476218,278,1
323,36476315,292,1
324,36476400,332,1
325,36476489,294,1
326,36476584,308,1
327,36476674,341,1
328,36476761,307,1
329,36476847,279,1
330,36476934,334,1
331,36477017,326,1
332,36477113,286,1
333,36477213,324,1
334,36477300,340,1
335,36477392,287,1
336,36477485,312,1
337,36477568,347,1
338,36477668,295,1
339,36477767,306,1
340,36477855,349,1
341,36477937,315,1
342,36478021,299,1
343,36478111,357,1
344,36478207,333,1
345,36478302,300,1
346,36478394,349,1
347,36478487,344,1
348,36478575,300,1
349,36478664,341,1
350,36478763,304,1
351,36478855,307,1
352,36478936,330,1
353,36479022,365,1
354,36479116,321,1
355,36479216,323,1
356,36479313,370,1
357,36479403,336,1
358,36479484,315,1
359,36479566,366,1
360,36479649,346,1
361,36479741,314,1
362,36479839,327,1
363,36479920,360,1
364,36480007,316,1
365,36480105,352,1
366,36480201,377,1
367,36480301,322,1
368,36480391,336,1
369,36480487,380,1
370,36480574,336,1
371,36480656,333,1
372,36480745,385,1
373,36480840,346,1
374,36480932,363,1
375,36481021,383,1
376,36481116,361,1
377,36481214,324,1
378,36481296,371,1
379,36481378,373,1
380,36481474,322,1
381,36481571,353,1
382,36481664,381,1
383,36481747,329,1
384,36481838,342,1
385,36481924,381,1
386,36482005,380,1
387,36482088,334,1
388,36482176,376,1
389,36482260,345,1
390,36482360,324,1
391,36482460,374,1
392,36482554,362,1
393,36482638,324,1
394,36482732,375,1
395,36482823,367,1
396,36482914,318,1
397,36483010,361,1
398,36483107,376,1
399,36483199,327,1
400,36483298,338,1
401,36483391,382,1
402,36483487,337,1
403,36483580,332,1
404,36483668,383,1
405,36483756,343,1
406,36483837,325,1
407,36483917,380,1
408,36484007,358,1
409,36484102,324,1
410,36484190,344,1
411,36484277,374,1
412,36484359,322,1
413,36484444,357,1
414,36484526,378,1
415,36484608,331,1
416,36484699,347,1
417,36484799,393,1
418,36484895,349,1
419,36484981,338,1
420,36485072,387,1
421,36485168,350,1
422,36485248,326,1
423,36485335,381,1
424,36485421,359,1
425,36485520,323,1
426,36485614,370,1
427,36485707,371,1
428,36485800,321,1
429,36485885,360,1
430,36485981,378,1
431,36486065,327,1
432,36486151,348,1
433,36486250,382,1
434,36486330,323,1
435,36486410,331,1
436,36486505,389,1
437,36486592,348,1
438,36486681,330,1
439,36486764,381,1
440,36486862,353,1
441,36486944,327,1
442,36487035,372,1
443,36487116,369,1
444,36487205,324,1
445,36487293,362,1
446,36487376,349,1
447,36487460,326,1
448,36487548,349,1
449,36487635,378,1
450,36487730,333,1
451,36487828,338,1
452,36487921,386,1
453,36488018,346,1
454,36488098,333,1
455,36488187,382,1
456,36488278,353,1
457,36488359,322,1
458,36488452,382,1
459,36488540,367,1
460,36488634,320,1
461,36488714,368,1
462,36488812,370,1
463,36488903,325,1
464,36488998,359,1
465,36489090,380,1
466,36489174,328,1
467,36489264,343,1
468,36489362,385,1
469,36489448,340,1
470,36489545,379,1
471,36489645,383,1
472,36489744,346,1
473,36489832,327,1
474,36489924,378,1
475,36490011,359,1
476,36490100,320,1
477,36490198,377,1
478,36490288,369,1
479,36490373,325,1
480,36490466,363,1
481,36490562,376,1
482,36490651,355,1
483,36490737,350,1
484,36490831,383,1
485,36490926,334,1
486,36491018,342,1
487,36491104,384,1
488,36491193,343,1
489,36491286,331,1
490,36491372,384,1
491,36491461,354,1
492,36491543,323,1
493,36491624,377,1
494,36491712,324,1
495,36491806,322,1
496,36491899,365,1
497,36491985,373,1
498,36492073,319,1
499,36492170,355,1
500,36492269,377,1
501,36492356,325,1
502,36492443,350,1
503,36492524,380,1
504,36492609,336,1
505,36492703,335,1
506,36492789,331,1
507,36492876,344,1
508,36492965,332,1
509,36493056,380,1
510,36493141,354,1
511,36493221,324,1
512,36493306,376,1
513,36493400,365,1
514,36493499,322,1
515,36493587,370,1
516,36493670,380,1
517,36493758,324,1
518,36493850,369,1
519,36493940,375,1
520,36494021,330,1
521,36494102,348,1
522,36494189,384,1
523,36494278,337,1
524,36494366,336,1
525,36494449,384,1
526,36494545,344,1
527,36494629,319,1
528,36494722,379,1
529,36494811,357,1
530,36494910,381,1
531,36495009,374,1
532,36495096,364,1
533,36495193,325,1
534,36495275,370,1
535,36495355,374,1
536,36495438,329,1
537,36495518,356,1
538,36495602,380,1
539,36495698,325,1
540,36495790,339,1
541,36495882,379,1
542,36495982,362,1
543,36496077,330,1
544,36496172,376,1
545,36496266,342,1
546,36496361,320,1
547,36496457,373,1
548,36496547,355,1
549,36496635,321,1
550,36496731,360,1
551,36496812,365,1
552,36496900,314,1
553,36497000,360,1
554,36497080,326,1
555,36497178,318,1
556,36497260,352,1
557,36497355,379,1
558,36497447,326,1
559,36497542,338,1
560,36497637,377,1
561,36497717,334,1
562,36497801,328,1
563,36497892,378,1
564,36497972,342,1
565,36498068,318,1
566,36498167,316,1
567,36498251,350,1
568,36498344,318,1
569,36498439,369,1
570,36498531,361,1
571,36498612,315,1
572,36498709,358,1
573,36498809,369,1
574,36498889,320,1
575,36498984,349,1
576,36499079,372,1
577,36499163,323,1
578,36499245,353,1
579,36499342,376,1
580,36499427,331,1
581,36499510,327,1
582,36499602,377,1
583,36499691,341,1
584,36499791,323,1
585,36499876,371,1
586,36499961,350,1
587,36500049,318,1
588,36500141,367,1
589,36500235,358,1
590,36500328,378,1
591,36500413,359,1
592,36500499,373,1
593,36500580,317,1
594,36500670,353,1
595,36500753,375,1
596,36500836,326,1
597,36500918,338,1
598,36501003,376,1
599,36501090,330,1
600,36501171,332,1
601,36501263,378,1
602,36501353,374,1
603,36501439,321,1
604,36501536,374,1
605,36501625,351,1
606,36501713,319,1
607,36501793,368,1
608,36501876,360,1
609,36501957,315,1
610,36502039,361,1
611,36502128,371,1
612,36502210,320,1
613,36502302,346,1
614,36502387,339,1
615,36502485,326,1
616,36502585,341,1
617,36502681,378,1
618,36502777,334,1
619,36502876,330,1
620,36502962,377,1
621,36503056,344,1
622,36503141,322,1
623,36503222,375,1
624,36503314,350,1
625,36503394,316,1
626,36503480,314,1
627,36503566,363,1
628,36503661,317,1
629,36503741,358,1
630,36503836,371,1
631,36503917,322,1
632,36503998,350,1
633,36504084,383,1
634,36504174,324,1
635,36504268,340,1
636,36504351,379,1
637,36504437,333,1
638,36504527,338,1
639,36504614,378,1
640,36504702,344,1
641,36504787,322,1
642,36504885,373,1
643,36504965,358,1
644,36505058,316,1
645,36505152,369,1
646,36505235,365,1
647,36505315,317,1
648,36505409,360,1
649,36505497,372,1
650,36505577,373,1
651,36505673,347,1
652,36505767,378,1
653,36505867,331,1
654,36505967,336,1
655,36506048,381,1
656,36506141,336,1
657,36506222,333,1
658,36506320,381,1
659,36506402,342,1
660,36506486,323,1
661,36506567,374,1
662,36506654,379,1
663,36506749,316,1
664,36506847,364,1
665,36506940,366,1
666,36507031,319,1
667,36507123,356,1
668,36507212,370,1
669,36507307,319,1
670,36507400,347,1
671,36507500,378,1
672,36507580,330,1
673,36507664,335,1
674,36507752,353,1
675,36507851,330,1
676,36507931,322,1
677,36508013,376,1
678,36508096,342,1
679,36508186,318,1
680,36508269,374,1
681,36508364,355,1
682,36508447,320,1
683,36508527,367,1
684,36508621,364,1
685,36508714,313,1
686,36508795,320,1
687,36508887,375,1
688,36508980,318,1
689,36509062,345,1
690,36509143,380,1
691,36509224,323,1
692,36509315,336,1
693,36509415,377,1
694,36509505,333,1
695,36509588,321,1
696,36509683,376,1
697,36509766,343,1
698,36509862,324,1
699,36509958,373,1
700,36510051,348,1
701,36510149,315,1
702,36510249,365,1
703,36510343,368,1
704,36510429,318,1
705,36510513,358,1
706,36510605,374,1
707,36510696,317,1
708,36510782,344,1
709,36510866,374,1
710,36510958,357,1
711,36511057,335,1
712,36511153,374,1
713,36511242,333,1
714,36511322,327,1
715,36511409,378,1
716,36511502,344,1
717,36511590,318,1
718,36511671,372,1
719,36511757,356,1
720,36511853,318,1
721,36511945,367,1
722,36512041,380,1
723,36512135,319,1
724,36512223,358,1
725,36512317,370,1
726,36512410,320,1
727,36512492,342,1
728,36512581,373,1
729,36512667,327,1
730,36512762,337,1
731,36512855,373,1
732,36512950,340,1
733,36513048,325,1
734,36513130,364,1
735,36513221,344,1
736,36513313,320,1
737,36513405,368,1
738,36513487,357,1
739,36513585,317,1
740,36513667,364,1
741,36513766,360,1
742,36513865,320,1
743,36513961,356,1
744,36514050,371,1
745,36514130,318,1
746,36514226,328,1
747,36514315,375,1
748,36514395,323,1
749,36514493,331,1
750,36514576,381,1
751,36514669,334,1
752,36514757,325,1
753,36514844,376,1
754,36514933,346,1
755,36515017,320,1
756,36515099,368,1
757,36515181,357,1
758,36515262,318,1
759,36515349,362,1
760,36515436,366,1
761,36515529,319,1
762,36515618,351,1
763,36515702,376,1
764,36515788,318,1
765,36515874,341,1
766,36515974,375,1
767,36516072,325,1
768,36516167,329,1
769,36516264,377,1
770,36516355,349,1
771,36516435,323,1
772,36516527,373,1
773,36516621,348,1
774,36516703,318,1
775,36516793,372,1
776,36516875,356,1
777,36516973,315,1
778,36517071,361,1
779,36517169,366,1
780,36517267,317,1
781,36517362,351,1
782,36517461,373,1
783,36517552,322,1
784,36517649,341,1
785,36517739,373,1
786,36517833,330,1
787,36517920,333,1
788,36518016,375,1
789,36518112,339,1
790,36518212,315,1
791,36518298,370,1
792,36518397,341,1
793,36518480,310,1
794,36518565,371,1
795,36518661,354,1
796,36518752,310,1
797,36518836,367,1
798,36518922,366,1
799,36519011,316,1
800,36519103,354,1
801,36519194,370,1
802,36519291,320,1
803,36519380,337,1
804,36519465,382,1
805,36519550,330,1
806,36519631,344,1
807,36519724,388,1
808,36519824,353,1
809,36519911,332,1
810,36520009,389,1
811,36520090,364,1
812,36520180,329,1
813,36520262,382,1
814,36520346,371,1
815,36520446,327,1
816,36520530,371,1
817,36520610,383,1
818,36520692,328,1
819,36520777,356,1
820,36520872,392,1
821,36520969,332,1
822,36521056,350,1
823,36521146,392,1
824,36521235,346,1
825,36521316,338,1
826,36521406,390,1
827,36521506,353,1
828,36521606,330,1
829,36521687,380,1
830,36521773,339,1
831,36521866,330,1
832,36521951,376,1
833,36522031,378,1
834,36522120,327,1
835,36522206,359,1
836,36522305,380,1
837,36522405,330,1
838,36522497,352,1
839,36522579,387,1
840,36522660,341,1
841,36522749,347,1
842,36522849,375,1
843,36522935,356,1
844,36523016,340,1
845,36523116,390,1
846,36523208,356,1
847,36523290,329,1
848,36523382,379,1
849,36523468,362,1
850,36523563,333,1
851,36523645,378,1
852,36523737,380,1
853,36523826,334,1
854,36523912,388,1
855,36524009,382,1
856,36524101,333,1
857,36524200,353,1
858,36524282,389,1
859,36524382,337,1
860,36524470,341,1
861,36524553,394,1
862,36524644,347,1
863,36524742,336,1
864,36524824,389,1
865,36524915,354,1
866,36525011,369,1
867,36525103,379,1
868,36525198,364,1
869,36525298,325,1
870,36525390,368,1
871,36525484,375,1
872,36525579,325,1
873,36525675,361,1
874,36525769,383,1
875,36525859,326,1
876,36525940,349,1
877,36526030,386,1
878,36526114,328,1
879,36526207,336,1
880,36526287,381,1
881,36526378,342,1
882,36526458,324,1
883,36526548,376,1
884,36526648,351,1
885,36526741,320,1
886,36526836,367,1
887,36526925,351,1
888,36527016,307,1
889,36527114,347,1
890,36527199,304,1
891,36527297,299,1
892,36527392,332,1
893,36527481,356,1
894,36527573,294,1
895,36527653,308,1
896,36527736,343,1
897,36527818,292,1
898,36527906,290,1
899,36528000,331,1
900,36528092,293,1
901,36528186,267,1
902,36528274,287,1
903,36528365,288,1
904,36528447,249,1
905,36528537,292,1
906,36528623,284,1
907,36528711,236,1
908,36528809,279,1
909,36528906,279,1
910,36528993,228,1
911,36529082,257,1
912,36529163,281,1
913,36529260,226,1
914,36529341,281,1
915,36529436,281,1
916,36529533,232,1
917,36529616,235,1
918,36529702,286,1
919,36529794,247,1
920,36529888,231,1
921,36529972,296,1
922,36530059,277,1
923,36530159,246,1
924,36530257,300,1
925,36530354,305,1
926,36530439,324,1
927,36530532,323,1
928,36530620,343,1
929,36530716,311,1
930,36530805,351,1
931,36530891,398,1
932,36530986,357,1
933,36531068,384,1
934,36531157,442,1
935,36531248,409,1
936,36531342,416,1
937,36531438,478,1
938,36531531,445,1
939,36531612,444,1
940,36531694,499,1
941,36531789,483,1
942,36531881,446,1
943,36531965,495,1
944,36532052,500,1
945,36532139,452,1
946,36532222,486,1
947,36532310,500,1
948,36532408,445,1
949,36532508,468,1
950,36532596,445,1
951,36532679,454,1
952,36532779,459,1
953,36532879,508,1
954,36532965,471,1
955,36533065,461,1
956,36533161,514,1
957,36533248,495,1
958,36533330,459,1
959,36533428,520,1
960,36533522,516,1
961,36533620,471,1
962,36533705,486,1
963,36533804,533,1
964,36533893,484,1
965,36533991,510,0
966,36534078,543,0
967,36534178,489,0
968,36534264,504,0
969,36534346,552,0
970,36534444,507,0
971,36534544,498,0
972,36534628,552,0
973,36534710,520,0
974,36534801,534,0
975,36534892,550,0
976,36534982,533,0
977,36535062,492,0
978,36535149,547,0
979,36535243,546,0
980,36535332,499,0
981,36535429,537,0
982,36535514,556,0
983,36535612,503,0
984,36535706,523,0
985,36535788,560,0
986,36535887,561,0
987,36535979,513,0
988,36536061,562,0
989,36536147,522,0
990,36536229,500,0
991,36536319,565,0
992,36536410,536,0
993,36536497,502,0
994,36536578,552,0
995,36536660,542,0
996,36536754,496,0
997,36536838,547,0
998,36536923,547,0
999,36537018,500,0
1000,36537113,527,0
1001,36537193,557,0
1002,36537280,509,0
1003,36537370,519,0
1004,36537453,562,0
1005,36537547,517,0
1006,36537640,510,0
1007,36537730,557,0
1008,36537822,530,0
1009,36537909,503,0
1010,36538007,516,0
1011,36538090,546,0
1012,36538187,500,0
1013,36538277,546,0
1014,36538362,553,0
1015,36538456,501,0
1016,36538538,531,0
1017,36538635,557,0
1018,36538725,507,0
1019,36538805,518,0
1020,36538889,564,0
1021,36538985,521,0
1022,36539065,501,0
1023,36539150,562,0
1024,36539236,527,0
1025,36539328,503,0
1026,36539412,556,0
1027,36539495,541,0
1028,36539583,498,0
1029,36539679,544,0
1030,36539765,551,0
1031,36539855,499,0
1032,36539952,531,0
1033,36540045,555,0
1034,36540131,506,0
1035,36540216,522,0
1036,36540309,561,0
1037,36540405,518,0
1038,36540503,506,0
1039,36540602,562,0
1040,36540699,525,0
1041,36540779,502,0
1042,36540879,557,0
1043,36540968,539,0
1044,36541061,500,0
1045,36541158,543,0
1046,36541245,532,0
1047,36541333,497,0
1048,36541416,531,0
1049,36541504,554,0
1050,36541599,502,0
1051,36541689,517,0
1052,36541770,560,0
1053,36541858,516,0
1054,36541945,511,0
1055,36542028,562,0
1056,36542123,526,0
1057,36542222,497,0
1058,36542307,563,0
1059,36542403,543,0
1060,36542495,495,0
1061,36542582,549,0
1062,36542664,553,0
1063,36542753,498,0
1064,36542838,530,0
1065,36542925,557,0
1066,36543016,504,0
1067,36543114,521,0
1068,36543207,558,0
1069,36543289,510,0
1070,36543389,561,0
1071,36543488,559,0
1072,36543579,529,0
1073,36543670,503,0
1074,36543769,555,0
1075,36543856,544,0
1076,36543954,497,0
1077,36544046,544,0
1078,36544127,555,0
1079,36544207,503,0
1080,36544295,529,0
1081,36544393,563,0
1082,36544477,540,0
1083,36544570,519,0
1084,36544651,563,0
1085,36544744,516,0
1086,36544828,506,0
1087,36544919,563,0
1088,36545004,528,0
1089,36545088,497,0
1090,36545183,550,0
1091,36545270,547,0
1092,36545366,499,0
1093,36545455,540,0
1094,36545539,517,0
1095,36545625,500,0
1096,36545720,523,0
1097,36545808,562,0
1098,36545896,513,0
1099,36545984,512,0
1100,36546078,561,0
1101,36546177,520,0
1102,36546264,508,0
1103,36546359,553,0
1104,36546444,532,0
1105,36546542,500,0
1106,36546627,499,0
1107,36546725,547,0
1108,36546818,500,0
1109,36546909,536,0
1110,36546993,554,0
1111,36547085,499,0
1112,36547171,522,0
1113,36547256,558,0
1114,36547355,515,0
1115,36547444,508,0
1116,36547526,565,0
1117,36547607,528,0
1118,36547697,505,0
1119,36547791,556,0
1120,36547891,537,0
1121,36547980,502,0
1122,36548070,546,0
1123,36548168,550,0
1124,36548255,502,0
1125,36548336,527,0
1126,36548428,561,0
1127,36548521,512,0
1128,36548604,515,0
1129,36548685,565,0
1130,36548770,523,0
1131,36548869,504,0
1132,36548960,557,0
1133,36549049,537,0
1134,36549131,497,0
1135,36549223,547,0
1136,36549304,547,0
1137,36549401,500,0
1138,36549483,533,0
1139,36549573,557,0
1140,36549656,508,0
1141,36549755,521,0
1142,36549835,546,0
1143,36549927,520,0
1144,36550015,509,0
1145,36550110,557,0
1146,36550195,536,0
1147,36550286,500,0
1148,36550373,552,0
