0,36447261,212,0
1,36447355,212,0
2,36447444,119,0
3,36447535,100,0
4,36447633,151,0
5,36447726,-40,0
6,36447817,-139,0
7,36447910,-153,0
8,36448000,-217,0
9,36448085,-265,0
10,36448182,-196,0
11,36448263,-186,0
12,36448357,-232,0
13,36448448,-213,0
14,36448531,-182,0
15,36448621,-204,0
16,36448707,-176,0
17,36448800,-148,0
18,36448898,-155,0
19,36448994,-169,0
20,36449091,-135,0
21,36449175,-134,0
22,36449261,-171,0
23,36449347,-134,0
24,36449446,-130,0
25,36449535,-135,0
26,36449625,-86,0
27,36449711,-33,0
28,36449802,-79,0
29,36449897,-91,0
30,36449984,-35,0
31,36450070,-63,0
32,36450152,-95,0
33,36450232,-43,0
34,36450312,-46,0
35,36450401,-96,0
36,36450486,-58,0
37,36450584,-37,0
38,36450679,-92,0
39,36450771,-72,0
40,36450862,-37,0
41,36450945,-82,0
42,36451025,-83,0
43,36451107,-32,0
44,36451201,-67,0
45,36451288,-93,0
46,36451368,-40,0
47,36451468,-52,0
48,36451566,-86,0
49,36451651,-38,0
50,36451737,-64,0
51,36451826,-96,0
52,36451918,-44,0
53,36452015,-48,0
54,36452097,-95,0
55,36452181,-53,0
56,36452265,-36,0
57,36452357,-95,0
58,36452454,-69,0
59,36452550,-70,0
60,36452640,-85,0
61,36452736,-85,0
62,36452832,-32,0
63,36452915,-73,0
64,36452998,-95,0
65,36453093,-41,0
66,36453179,-58,0
67,36453276,-100,0
68,36453376,-56,0
69,36453468,-44,0
70,36453566,-96,0
71,36453660,-94,0
72,36453752,-37,0
73,36453851,-91,0
74,36453937,-81,0
75,36454024,-35,0
76,36454120,-80,0
77,36454215,-94,0
78,36454301,-43,0
79,36454387,-67,0
80,36454481,-103,0
81,36454565,-54,0
82,36454663,-51,0
83,36454746,-108,0
84,36454827,-69,0
85,36454921,-46,0
86,36455018,-101,0
87,36455098,-86,0
88,36455178,-41,0
89,36455277,-94,0
90,36455361,-102,0
91,36455441,-49,0
92,36455528,-84,0
93,36455625,-113,0
94,36455710,-62,0
95,36455796,-109,0
96,36455877,-119,0
97,36455971,-78,0
98,36456060,-58,0
99,36456158,-115,0
100,36456246,-88,0
101,36456340,-50,0
102,36456439,-98,0
103,36456538,-93,0
104,36456620,-40,0
105,36456710,-72,0
106,36456799,-90,0
107,36456889,-61,0
108,36456981,-45,0
109,36457074,-81,0
110,36457163,-29,0
111,36457257,-19,0
112,36457345,-66,0
113,36457431,-35,0
114,36457515,-4,0
115,36457615,-57,0
116,36457709,-46,0
117,36457794,3,0
118,36457874,-48,0
119,36457954,-27,0
120,36458034,-12,0
121,36458132,-44,0
122,36458213,-88,0
123,36458307,-40,0
124,36458394,-49,0
125,36458493,-106,0
126,36458578,-75,0
127,36458668,-56,1
128,36458764,-113,1
129,36458853,-97,1
130,36458940,-57,1
131,36459039,-60,1
132,36459129,-111,1
133,36459220,-58,1
134,36459308,-87,1
135,36459390,-113,1
136,36459485,-63,1
137,36459570,-72,1
138,36459655,-116,1
139,36459749,-73,1
140,36459841,-57,1
141,36459938,-113,1
142,36460023,-91,1
143,36460109,-64,1
144,36460208,-109,1
145,36460305,-111,1
146,36460400,-59,1
147,36460485,-101,1
148,36460585,-128,1
149,36460682,-73,1
150,36460780,-93,1
151,36460870,-139,1
152,36460955,-93,1
153,36461053,-83,1
154,36461140,-90,1
155,36461221,-114,1
156,36461303,-77,1
157,36461390,-138,1
158,36461471,-130,1
159,36461563,-77,1
160,36461656,-120,1
161,36461751,-133,1
162,36461835,-81,1
163,36461920,-107,1
164,36462010,-142,1
165,36462109,-92,1
166,36462197,-111,1
167,36462286,-143,1
168,36462370,-108,1
169,36462465,-80,1
170,36462545,-135,1
171,36462629,-121,1
172,36462724,-77,1
173,36462806,-125,1
174,36462895,-134,1
175,36462976,-80,1
176,36463073,-110,1
177,36463163,-145,1
178,36463250,-131,1
179,36463347,-99,1
180,36463434,-148,1
181,36463528,-101,1
182,36463619,-88,1
183,36463717,-142,1
184,36463801,-118,1
185,36463892,-79,1
186,36463989,-129,1
187,36464069,-132,1
188,36464152,-78,1
189,36464243,-115,1
190,36464340,-145,1
191,36464432,-85,1
192,36464515,-104,1
193,36464606,-144,1
194,36464706,-100,1
195,36464794,-87,1
196,36464874,-142,1
197,36464963,-111,1
198,36465048,-80,1
199,36465144,-131,1
200,36465235,-124,1
201,36465326,-77,1
202,36465418,-143,1
203,36465499,-136,1
204,36465586,-85,1
205,36465680,-105,1
206,36465763,-141,1
207,36465856,-92,1
208,36465943,-92,1
209,36466042,-142,1
210,36466126,-107,1
211,36466215,-81,1
212,36466297,-134,1
213,36466377,-120,1
214,36466470,-130,1
215,36466551,-125,1
216,36466636,-135,1
217,36466720,-81,1
218,36466807,-113,1
219,36466892,-143,1
220,36466985,-91,1
221,36467076,-97,1
222,36467158,-142,1
223,36467254,-101,1
224,36467351,-87,1
225,36467436,-143,1
226,36467527,-108,1
227,36467624,-82,1
228,36467711,-133,1
229,36467792,-128,1
230,36467878,-82,1
231,36467965,-115,1
232,36468059,-139,1
233,36468140,-84,1
234,36468232,-106,1
235,36468321,-141,1
236,36468421,-97,1
237,36468520,-89,1
238,36468611,-91,1
239,36468699,-111,1
240,36468791,-79,1
241,36468875,-137,1
242,36468958,-127,1
243,36469051,-79,1
244,36469140,-121,1
245,36469224,-135,1
246,36469315,-81,1
247,36469397,-111,1
248,36469489,-144,1
249,36469575,-92,1
250,36469661,-81,1
251,36469747,-145,1
252,36469828,-106,1
253,36469924,-85,1
254,36470006,-140,1
255,36470106,-117,1
256,36470202,-78,1
257,36470286,-127,1
258,36470371,-131,1
259,36470463,-80,1
260,36470560,-114,1
261,36470660,-140,1
262,36470749,-85,1
263,36470849,-98,1
264,36470937,-141,1
265,36471036,-98,1
266,36471129,-88,1
267,36471227,-142,1
268,36471311,-110,1
269,36471391,-79,1
270,36471489,-132,1
271,36471580,-123,1
272,36471679,-85,1
273,36471764,-128,1
274,36471848,-111,1
275,36471943,-92,1
276,36472040,-114,1
277,36472122,-151,1
278,36472208,-100,1
279,36472289,-99,1
280,36472370,-151,1
281,36472466,-115,1
282,36472559,-92,1
283,36472650,-149,1
284,36472750,-127,1
285,36472842,-90,1
286,36472926,-133,1
287,36473008,-139,1
288,36473096,-290,1
289,36473186,-206,1
290,36473273,-206,1
291,36473353,-135,1
292,36473433,-158,1
293,36473530,-198,1
294,36473622,-142,1
295,36473710,-135,1
296,36473795,-191,1
297,36473889,-181,1
298,36473984,-105,1
299,36474068,-146,1
300,36474156,-126,1
301,36474250,-76,1
302,36474339,-116,1
303,36474432,-130,1
304,36474521,-52,1
305,36474614,-87,1
306,36474709,-130,1
307,36474806,-83,1
308,36474903,-86,1
309,36474996,-133,1
310,36475085,-99,1
311,36475167,-79,1
312,36475258,-130,1
313,36475358,-107,1
314,36475443,-73,1
315,36475526,-121,1
316,36475621,-121,1
317,36475721,-73,1
318,36475808,-110,1
319,36475889,-131,1
320,36475978,-78,1
321,36476066,-115,1
322,36476155,-137,1
323,36476254,-88,1
324,36476335,-83,1
325,36476428,-136,1
326,36476513,-104,1
327,36476612,-74,1
328,36476694,-131,1
329,36476780,-115,1
330,36476870,-73,1
331,36476961,-116,1
332,36477054,-126,1
333,36477149,-88,1
334,36477237,-105,1
335,36477319,-134,1
336,36477416,-82,1
337,36477499,-92,1
338,36477595,-139,1
339,36477687,-94,1
340,36477777,-79,1
341,36477868,-135,1
342,36477948,-107,1
343,36478034,-80,1
344,36478114,-127,1
345,36478210,-78,1
346,36478309,-73,1
347,36478397,-116,1
348,36478482,-135,1
349,36478581,-76,1
350,36478666,-102,1
351,36478746,-141,1
352,36478828,-89,1
353,36478915,-95,1
354,36479012,-141,1
355,36479092,-99,1
356,36479173,-79,1
357,36479259,-75,1
358,36479353,-110,1
359,36479438,-76,1
360,36479537,-128,1
361,36479634,-119,1
362,36479725,-74,1
363,36479806,-115,1
364,36479890,-136,1
365,36479970,-78,1
366,36480051,-106,1
367,36480145,-142,1
368,36480237,-89,1
369,36480318,-98,1
370,36480416,-139,1
371,36480509,-102,1
372,36480591,-80,1
373,36480672,-133,1
374,36480766,-110,1
375,36480859,-78,1
376,36480959,-127,1
377,36481055,-125,1
378,36481150,-81,1
379,36481247,-117,1
380,36481336,-139,1
381,36481433,-132,1
382,36481521,-107,1
383,36481618,-145,1
384,36481700,-90,1
385,36481788,-94,1
386,36481878,-141,1
387,36481976,-106,1
388,36482061,-88,1
389,36482144,-142,1
390,36482228,-118,1
391,36482310,-79,1
392,36482391,-131,1
393,36482489,-147,1
394,36482575,-82,1
395,36482655,-125,1
396,36482755,-137,1
397,36482849,-84,1
398,36482938,-105,1
399,36483028,-140,1
400,36483117,-88,1
401,36483209,-90,1
402,36483296,-138,1
403,36483377,-96,1
404,36483457,-74,1
405,36483552,-68,1
406,36483637,-102,1
407,36483730,-64,1
408,36483822,-116,1
409,36483902,-114,1
410,36484000,-61,1
411,36484084,-101,1
412,36484172,-118,1
413,36484271,-60,1
414,36484367,-87,1
415,36484465,-117,1
416,36484558,-65,1
417,36484641,-78,1
418,36484733,-118,1
419,36484824,-77,1
420,36484913,-61,1
421,36485006,-116,1
422,36485092,-88,1
423,36485176,-56,1
424,36485258,-110,1
425,36485344,-104,1
426,36485427,-59,1
427,36485507,-105,1
428,36485596,-117,1
429,36485693,-118,1
430,36485781,-95,1
431,36485879,-127,1
432,36485972,-70,1
433,36486070,-69,1
434,36486164,-108,1
435,36486251,-55,1
436,36486351,-39,1
437,36486436,-77,1
438,36486523,-35,1
439,36486623,-3,1
440,36486708,-52,1
441,36486796,-68,1
442,36486886,-3,0
443,36486969,-68,0
444,36487052,-79,0
445,36487143,-38,0
446,36487234,-81,0
447,36487331,-109,0
448,36487420,-60,0
449,36487511,-79,0
450,36487597,-109,0
451,36487694,-52,0
452,36487779,-52,0
453,36487877,-82,0
454,36487969,-54,0
455,36488059,-29,0
456,36488148,-84,0
457,36488231,-49,0
458,36488322,-11,0
459,36488416,-59,0
460,36488507,-58,0
461,36488593,-7,0
462,36488684,-50,0
463,36488774,-64,0
464,36488861,-8,0
465,36488944,-19,0
466,36489039,-70,0
467,36489120,-17,0
468,36489200,-27,0
469,36489285,-71,0
470,36489379,-28,0
471,36489476,-17,0
472,36489556,-71,0
473,36489649,-37,0
474,36489734,-10,0
475,36489831,-64,0
476,36489912,-51,0
477,36489996,-9,0
478,36490089,-57,0
479,36490171,-61,0
480,36490253,-11,0
481,36490339,-45,0
482,36490435,-68,0
483,36490530,-17,0
484,36490613,-34,0
485,36490712,-77,0
486,36490794,-26,0
487,36490882,-22,0
488,36490975,-75,0
489,36491075,-33,0
490,36491155,-15,0
491,36491238,-69,0
492,36491320,-45,0
493,36491403,-9,0
494,36491489,-63,0
495,36491584,-55,0
496,36491674,-9,0
497,36491774,-54,0
498,36491862,-65,0
499,36491945,-9,0
500,36492030,-41,0
501,36492128,-63,0
502,36492222,-17,0
503,36492316,-33,0
504,36492411,-74,0
505,36492506,-26,0
506,36492593,-20,0
507,36492683,-74,0
508,36492778,-36,0
509,36492866,-11,0
510,36492950,-68,0
511,36493034,-49,0
512,36493119,-10,0
513,36493205,-72,0
514,36493296,-60,0
515,36493393,-9,0
516,36493475,-54,0
517,36493568,-68,0
518,36493654,-13,0
519,36493750,-39,0
520,36493844,-74,0
521,36493944,-21,0
522,36494034,-29,0
523,36494118,-74,0
