0,36447261,19,0
1,36447359,-44,0
2,36447441,10,0
3,36447540,28,0
4,36447623,-45,0
5,36447720,-5,0
6,36447804,41,0
7,36447892,-32,0
8,36447988,-18,0
9,36448082,39,0
10,36448180,-18,0
11,36448272,-32,0
12,36448370,36,0
13,36448467,-5,0
14,36448565,-42,0
15,36448651,27,0
16,36448731,-32,0
17,36448828,-45,0
18,36448926,14,0
19,36449006,24,0
20,36449101,-43,0
21,36449198,4,0
22,36449284,34,0
23,36449367,-39,0
24,36449458,-9,0
25,36449548,35,0
26,36449646,-24,0
27,36449745,-26,0
28,36449832,12,0
29,36449929,-15,0
30,36450015,-32,0
31,36450115,34,0
32,36450211,2,0
33,36450311,-42,0
34,36450395,29,0
35,36450475,23,0
36,36450570,-40,0
37,36450657,14,0
38,36450751,31,0
39,36450832,-43,0
40,36450915,39,0
41,36450995,37,0
42,36451076,-32,0
43,36451166,-16,0
44,36451248,40,0
45,36451344,-21,0
46,36451443,-31,0
47,36451535,37,0
48,36451629,-4,0
49,36451720,-36,0
50,36451820,34,0
51,36451911,10,0
52,36452011,24,0
53,36452091,19,0
54,36452175,21,0
55,36452273,-42,0
56,36452357,11,0
57,36452443,35,0
58,36452525,-36,0
59,36452612,-7,0
60,36452708,41,0
61,36452798,-30,0
62,36452886,-25,0
63,36452971,39,0
64,36453059,-13,0
65,36453146,-38,0
66,36453241,34,0
67,36453326,1,0
68,36453413,-43,0
69,36453493,26,0
70,36453574,12,0
71,36453668,-39,0
72,36453760,15,0
73,36453849,28,0
74,36453941,-42,0
75,36454027,-45,0
76,36454113,35,0
77,36454197,-35,0
78,36454288,-16,0
79,36454379,38,0
80,36454461,-20,0
81,36454556,-29,0
82,36454655,38,0
83,36454735,-6,0
84,36454818,-40,0
85,36454918,29,0
86,36455010,7,0
87,36455096,-33,0
88,36455179,17,0
89,36455263,19,0
90,36455352,-42,0
91,36455435,7,0
92,36455529,33,0
93,36455609,-32,0
94,36455700,-13,0
95,36455799,37,0
96,36455898,-27,0
97,36455989,-24,0
98,36456072,37,0
99,36456161,3,0
100,36456251,-35,0
101,36456335,-36,0
102,36456425,4,0
103,36456520,39,0
104,36456603,23,0
105,36456700,-29,0
106,36456782,-45,0
107,36456868,-12,0
108,36456959,31,0
109,36457046,31,0
110,36457140,-5,0
111,36457226,-47,0
112,36457323,-29,0
113,36457403,18,0
114,36457485,39,0
115,36457580,6,0
116,36457662,-35,0
117,36457759,-37,0
118,36457840,2,0
119,36457929,40,0
120,36458011,24,0
121,36458097,-30,0
122,36458192,-40,0
123,36458282,-9,0
124,36458371,32,0
125,36458470,33,0
126,36458562,-7,0
127,36458659,-45,0
128,36458755,-26,0
129,36458835,20,0
130,36458915,34,0
131,36459011,2,0
132,36459101,-36,0
133,36459195,-40,0
134,36459280,3,0
135,36459375,36,0
136,36459473,24,0
137,36459566,-31,0
138,36459650,-43,0
139,36459732,-6,0
140,36459829,31,0
141,36459912,29,0
142,36460001,-11,0
143,36460084,-45,0
144,36460173,-31,0
145,36460272,20,0
146,36460357,39,0
147,36460457,3,0
148,36460554,-35,0
149,36460635,-38,0
150,36460723,1,0
151,36460803,40,0
152,36460901,20,0
153,36460998,-29,0
154,36461095,-43,0
155,36461181,-7,0
156,36461263,30,0
157,36461360,29,0
158,36461455,-10,0
159,36461546,-42,0
160,36461635,-28,0
161,36461727,24,0
162,36461825,36,0
163,36461919,3,0
164,36462000,-40,0
165,36462098,-32,0
166,36462195,7,0
167,36462276,36,0
168,36462362,15,0
169,36462454,-31,0
170,36462551,-40,0
171,36462651,-2,0
172,36462744,36,0
173,36462830,28,0
174,36462928,-16,0
175,36463017,-44,0
176,36463109,-17,0
177,36463207,28,0
178,36463290,35,0
179,36463370,-8,0
180,36463455,-37,0
181,36463555,-30,0
182,36463644,13,0
183,36463744,39,0
184,36463833,12,0
185,36463926,-39,0
186,36464019,-35,0
187,36464105,4,0
188,36464200,37,0
189,36464290,16,0
190,36464380,-25,0
191,36464472,-40,0
192,36464571,-11,0
193,36464651,32,0
194,36464747,32,0
195,36464827,-13,0
196,36464927,-42,0
197,36465012,-19,0
198,36465103,19,0
199,36465186,36,0
200,36465277,7,0
201,36465366,-38,0
202,36465458,-35,0
203,36465549,13,0
204,36465635,37,0
205,36465723,15,0
206,36465814,-30,0
207,36465895,-41,0
208,36465995,-4,0
209,36466079,39,0
210,36466176,28,0
211,36466269,-25,0
212,36466350,-45,0
213,36466435,-13,0
214,36466519,28,0
215,36466607,34,0
216,36466703,-10,0
217,36466796,-42,0
218,36466891,-30,0
219,36466977,22,0
220,36467065,36,0
221,36467152,7,0
222,36467251,-40,0
223,36467336,-35,0
224,36467433,6,0
225,36467513,38,0
226,36467596,22,0
227,36467696,-34,0
228,36467793,-42,0
229,36467888,-3,0
230,36467976,33,0
231,36468057,24,0
232,36468139,-19,0
233,36468226,-46,0
234,36468325,-16,0
235,36468416,33,0
236,36468503,35,0
237,36468596,-11,0
238,36468692,-45,0
239,36468777,-25,0
240,36468872,19,0
241,36468966,36,0
242,36469047,9,0
243,36469140,-45,0
244,36469226,-35,0
245,36469312,10,0
246,36469402,41,0
247,36469488,18,0
248,36469586,-30,0
249,36469686,-43,0
250,36469770,-4,0
251,36469850,36,0
252,36469943,24,0
253,36470032,-26,0
254,36470114,-43,0
255,36470213,-12,0
256,36470299,27,0
257,36470393,33,0
258,36470480,-7,0
259,36470569,-42,0
260,36470649,-30,0
261,36470733,19,0
262,36470813,38,0
263,36470905,-1,0
264,36471000,-36,0
265,36471098,-31,0
266,36471193,9,0
267,36471276,42,0
268,36471361,19,0
269,36471460,-34,0
270,36471556,-45,0
271,36471638,6,0
272,36471720,34,0
273,36471815,21,0
274,36471909,-23,0
275,36471991,-42,0
276,36472076,-17,0
277,36472169,30,0
278,36472254,30,0
279,36472344,-13,0
280,36472428,-46,0
281,36472521,-20,0
282,36472620,24,0
283,36472707,34,0
284,36472800,3,0
285,36472899,-42,0
286,36472992,-35,0
287,36473078,10,0
288,36473164,37,0
289,36473245,11,0
290,36473337,-35,0
291,36473428,-39,0
292,36473524,-2,0
293,36473611,39,0
294,36473703,22,0
295,36473788,-32,0
296,36473874,-43,0
297,36473970,-9,0
298,36474064,31,0
299,36474151,30,0
300,36474242,-10,0
301,36474324,-43,0
302,36474410,-23,0
303,36474497,28,0
304,36474591,40,0
305,36474680,-2,0
306,36474771,-37,0
307,36474852,-26,0
308,36474946,19,0
309,36475030,45,0
310,36475130,19,0
311,36475229,-25,0
312,36475310,-29,0
313,36475396,19,0
314,36475494,49,0
315,36475580,33,0
316,36475664,-10,0
317,36475746,-20,0
318,36475831,16,0
319,36475921,70,0
320,36476017,68,0
321,36476105,29,0
322,36476195,8,1
323,36476291,45,1
324,36476383,100,1
325,36476469,126,1
326,36476549,114,1
327,36476649,85,1
328,36476737,105,1
329,36476826,148,1
330,36476915,161,1
331,36476995,141,1
332,36477092,106,1
333,36477172,100,1
334,36477265,109,1
335,36477362,100,1
336,36477451,42,1
337,36477531,-4,1
338,36477613,-2,1
339,36477696,49,1
340,36477784,116,1
341,36477866,106,1
342,36477946,89,1
343,36478037,101,1
344,36478131,139,1
345,36478215,193,1
346,36478296,199,1
347,36478382,140,1
348,36478462,90,1
349,36478542,87,1
350,36478636,123,1
351,36478723,146,1
352,36478804,117,1
353,36478889,74,1
354,36478986,86,1
355,36479066,137,1
356,36479155,166,1
357,36479250,143,1
358,36479337,99,1
359,36479431,85,1
360,36479524,122,1
361,36479617,165,1
362,36479702,157,1
363,36479785,102,1
364,36479878,85,1
365,36479978,116,1
366,36480068,162,1
367,36480165,163,1
368,36480263,116,1
369,36480360,82,1
370,36480440,102,1
371,36480522,152,1
372,36480615,168,1
373,36480697,128,1
374,36480794,89,1
375,36480888,94,1
376,36480982,138,1
377,36481069,167,1
378,36481155,143,1
379,36481235,93,1
380,36481325,88,1
381,36481424,130,1
382,36481507,164,1
383,36481591,150,1
384,36481677,108,1
385,36481762,81,1
386,36481855,111,1
387,36481948,161,1
388,36482028,161,1
389,36482109,115,1
390,36482206,85,1
391,36482305,105,1
392,36482395,144,1
393,36482483,166,1
394,36482583,134,1
395,36482682,88,1
396,36482772,94,1
397,36482855,139,1
398,36482945,164,1
399,36483026,137,1
400,36483107,99,1
401,36483197,85,1
402,36483289,124,1
403,36483381,161,1
404,36483481,150,1
405,36483564,105,1
406,36483654,84,1
407,36483749,121,1
408,36483845,159,1
409,36483943,159,1
410,36484031,119,1
411,36484121,79,1
412,36484214,99,1
413,36484305,151,1
414,36484393,170,1
415,36484477,125,1
416,36484558,85,1
417,36484651,95,1
418,36484748,137,1
419,36484834,165,1
420,36484930,139,1
421,36485023,92,1
422,36485117,84,1
423,36485214,131,1
424,36485313,164,1
425,36485405,148,1
426,36485491,105,1
427,36485577,85,1
428,36485657,118,1
429,36485737,161,1
430,36485831,162,1
431,36485926,110,1
432,36486010,83,1
433,36486092,105,1
434,36486192,150,1
435,36486287,160,1
436,36486371,124,1
437,36486461,165,1
438,36486545,94,1
439,36486634,108,1
440,36486731,164,1
441,36486823,106,1
442,36486904,93,1
443,36486989,164,1
444,36487074,126,1
445,36487171,87,1
446,36487269,149,1
447,36487367,164,1
448,36487461,80,1
449,36487545,130,1
450,36487626,162,1
451,36487726,87,1
452,36487807,116,1
453,36487900,169,1
454,36487986,104,1
455,36488069,93,1
456,36488157,158,1
457,36488243,121,1
458,36488323,87,1
459,36488418,154,1
460,36488517,139,1
461,36488600,83,1
462,36488699,140,1
463,36488782,160,1
464,36488880,85,1
465,36488970,123,1
466,36489054,163,1
467,36489152,98,1
468,36489242,104,1
469,36489323,169,1
470,36489405,120,1
471,36489496,127,1
472,36489585,165,1
473,36489673,137,1
474,36489756,84,1
475,36489851,146,1
476,36489936,154,1
477,36490032,83,1
478,36490114,128,1
479,36490198,166,1
480,36490279,97,1
481,36490375,109,1
482,36490462,167,1
483,36490550,102,1
484,36490639,96,1
485,36490721,163,1
486,36490814,134,1
487,36490906,83,1
488,36490995,151,1
489,36491085,148,1
490,36491183,81,1
491,36491271,131,1
492,36491355,162,1
493,36491452,94,1
494,36491549,114,1
495,36491649,85,1
496,36491732,100,1
497,36491830,100,1
498,36491930,171,1
499,36492023,126,1
500,36492121,89,1
501,36492220,153,1
502,36492302,145,1
503,36492398,81,1
504,36492483,138,1
505,36492563,158,1
506,36492649,85,1
507,36492735,90,1
508,36492824,168,1
509,36492904,142,1
510,36492998,107,1
511,36493092,137,1
512,36493181,119,1
513,36493261,90,1
514,36493359,158,1
515,36493455,164,1
516,36493542,83,1
517,36493626,105,1
518,36493720,151,1
519,36493811,116,1
520,36493902,129,1
521,36493999,108,1
522,36494085,93,1
523,36494182,98,1
524,36494266,166,1
525,36494358,168,1
526,36494442,94,1
527,36494536,92,1
528,36494621,128,1
529,36494709,140,1
530,36494801,151,1
531,36494886,149,1
532,36494976,81,1
533,36495071,88,1
534,36495168,155,1
535,36495254,165,1
536,36495335,121,1
537,36495419,110,1
538,36495514,103,1
539,36495594,115,1
540,36495678,168,1
541,36495778,159,1
542,36495859,84,1
543,36495951,85,1
544,36496034,139,1
545,36496131,149,1
546,36496226,146,1
547,36496310,131,1
548,36496410,88,1
549,36496493,91,1
550,36496577,165,1
551,36496663,168,1
552,36496756,110,1
553,36496848,100,1
554,36496942,113,1
555,36497028,123,1
556,36497125,161,1
557,36497207,158,1
558,36497295,84,1
559,36497389,81,1
560,36497473,149,1
561,36497554,158,1
562,36497647,136,1
563,36497745,124,1
564,36497828,92,1
565,36497928,95,1
566,36498008,169,1
567,36498100,172,1
568,36498192,98,1
569,36498279,92,1
570,36498375,125,1
571,36498463,138,1
572,36498562,161,1
573,36498649,148,1
574,36498737,84,1
575,36498831,86,1
576,36498917,157,1
577,36499001,165,1
578,36499084,125,1
579,36499173,113,1
580,36499263,101,1
581,36499361,117,1
582,36499458,173,1
583,36499555,165,1
584,36499652,95,1
585,36499745,87,1
586,36499844,131,1
587,36499925,143,1
588,36500024,150,1
589,36500106,142,1
590,36500203,85,1
591,36500299,88,1
592,36500390,162,1
593,36500480,166,1
594,36500575,115,1
595,36500657,110,1
596,36500739,107,1
597,36500838,116,1
598,36500936,169,1
599,36501028,164,1
600,36501112,88,1
601,36501208,85,1
602,36501293,142,1
603,36501380,149,1
604,36501462,144,1
605,36501552,131,1
606,36501632,88,1
607,36501714,90,1
608,36501802,165,1
609,36501896,168,1
610,36501988,110,1
611,36502087,92,1
612,36502171,112,1
613,36502262,129,1
614,36502344,160,1
615,36502428,158,1
616,36502527,87,1
617,36502611,82,1
618,36502710,149,1
619,36502805,156,1
620,36502894,134,1
621,36502980,125,1
622,36503073,94,1
623,36503161,96,1
624,36503246,165,1
625,36503346,168,1
626,36503444,102,1
627,36503543,92,1
628,36503631,117,1
629,36503722,131,1
630,36503819,163,1
631,36503904,154,1
632,36503988,84,1
633,36504086,86,1
634,36504179,150,1
635,36504275,159,1
636,36504360,132,1
637,36504451,119,1
638,36504548,95,1
639,36504645,101,1
640,36504730,171,1
641,36504813,169,1
642,36504908,99,1
643,36504988,90,1
644,36505070,122,1
645,36505153,136,1
646,36505238,154,1
647,36505323,150,1
648,36505421,90,1
649,36505516,89,1
650,36505608,158,1
651,36505703,162,1
652,36505802,124,1
653,36505887,120,1
654,36505975,99,1
655,36506055,109,1
656,36506147,167,1
657,36506234,167,1
658,36506322,90,1
659,36506405,90,1
660,36506498,133,1
661,36506590,143,1
662,36506685,150,1
663,36506784,143,1
664,36506865,85,1
665,36506957,85,1
666,36507047,161,1
667,36507132,166,1
668,36507226,120,1
669,36507324,112,1
670,36507424,102,1
671,36507510,123,1
672,36507602,168,1
673,36507699,163,1
674,36507799,94,1
675,36507891,87,1
676,36507984,138,1
677,36508070,144,1
678,36508170,148,1
679,36508254,139,1
680,36508346,85,1
681,36508431,89,1
682,36508514,163,1
683,36508613,163,1
684,36508697,113,1
685,36508784,107,1
686,36508880,106,1
687,36508972,116,1
688,36509061,166,1
689,36509154,161,1
690,36509250,87,1
691,36509345,87,1
692,36509429,142,1
693,36509522,151,1
694,36509612,143,1
695,36509710,137,1
696,36509803,90,1
697,36509902,90,1
698,36509983,164,1
699,36510082,171,1
700,36510165,112,1
701,36510248,94,1
702,36510332,112,1
703,36510412,117,1
704,36510511,168,1
705,36510592,164,1
706,36510680,87,1
707,36510770,87,1
708,36510852,143,1
709,36510952,149,1
710,36511052,139,1
711,36511144,132,1
712,36511227,91,1
713,36511311,92,1
714,36511402,168,1
715,36511487,168,1
716,36511574,105,1
717,36511663,95,1
718,36511745,114,1
719,36511829,118,1
720,36511927,162,1
721,36512008,156,1
722,36512095,87,1
723,36512175,83,1
724,36512275,147,1
725,36512370,153,1
726,36512453,136,1
727,36512539,130,1
728,36512620,91,1
729,36512709,97,1
730,36512796,161,1
731,36512892,164,1
732,36512975,104,1
733,36513070,98,1
734,36513168,113,1
735,36513268,122,1
736,36513359,160,1
737,36513442,158,1
738,36513537,87,1
739,36513634,83,1
740,36513726,147,1
741,36513825,156,1
742,36513917,136,1
743,36514013,132,1
744,36514096,92,1
745,36514194,96,1
746,36514292,168,1
747,36514385,169,1
748,36514478,104,1
749,36514573,98,1
750,36514654,109,1
751,36514743,119,1
752,36514831,167,1
753,36514913,158,1
754,36515001,85,1
755,36515099,87,1
756,36515185,144,1
757,36515270,153,1
758,36515366,139,1
759,36515464,130,1
760,36515563,87,1
761,36515659,99,1
762,36515754,164,1
763,36515837,164,1
764,36515929,110,1
765,36516017,101,1
766,36516099,108,1
767,36516194,113,1
768,36516291,155,1
769,36516386,147,1
770,36516478,66,1
771,36516559,59,1
772,36516650,119,1
773,36516743,153,1
774,36516842,148,1
775,36516936,164,1
776,36517032,122,1
777,36517129,121,1
778,36517210,190,1
779,36517298,160,1
780,36517392,77,1
781,36517481,51,1
782,36517568,35,1
783,36517649,35,1
784,36517736,74,1
785,36517826,59,1
786,36517914,-13,1
787,36518006,223,1
788,36518097,7,1
789,36518195,15,0
790,36518276,19,0
791,36518375,5,0
792,36518469,-43,0
793,36518565,-41,0
794,36518661,28,0
795,36518756,35,0
796,36518852,-9,0
797,36518948,-19,0
798,36519031,-21,0
799,36519130,-21,0
800,36519214,36,0
801,36519312,36,0
802,36519398,-34,0
803,36519494,-43,0
804,36519576,-1,0
805,36519670,8,0
806,36519768,28,0
807,36519860,21,0
808,36519958,-44,0
809,36520058,-37,0
810,36520146,27,0
811,36520234,30,0
812,36520322,4,0
813,36520404,-8,0
814,36520496,-33,0
815,36520589,-30,0
816,36520685,44,0
817,36520765,40,0
818,36520857,-27,0
819,36520941,-29,0
820,36521036,-12,0
821,36521127,6,0
822,36521226,31,0
823,36521319,29,0
824,36521399,-41,0
825,36521480,-43,0
826,36521572,15,0
827,36521657,25,0
828,36521747,13,0
829,36521828,4,0
830,36521918,-40,0
831,36522013,-38,0
832,36522098,38,0
833,36522193,39,0
834,36522275,-17,0
835,36522366,-21,0
836,36522460,-23,0
837,36522542,-12,0
838,36522623,39,0
839,36522716,39,0
840,36522803,-37,0
841,36522898,-39,0
842,36522983,5,0
843,36523070,12,0
844,36523160,21,0
845,36523260,18,0
846,36523349,-42,0
847,36523435,-39,0
848,36523532,31,0
849,36523624,34,0
850,36523714,0,0
851,36523813,-15,0
852,36523901,-32,0
853,36523998,-29,0
854,36524097,39,0
855,36524180,40,0
856,36524268,-28,0
857,36524358,-34,0
858,36524441,-9,0
859,36524541,-4,0
860,36524624,37,0
861,36524724,28,0
862,36524815,-42,0
863,36524895,-43,0
864,36524982,19,0
865,36525071,26,0
866,36525154,14,0
867,36525247,6,0
868,36525327,-41,0
869,36525424,-35,0
870,36525513,33,0
871,36525598,39,0
872,36525686,-15,0
873,36525771,-20,0
874,36525854,-29,0
875,36525950,-19,0
876,36526037,38,0
877,36526128,34,0
878,36526220,-31,0
879,36526300,-38,0
880,36526399,2,0
881,36526481,19,0
882,36526579,26,0
883,36526659,20,0
884,36526753,-44,0
885,36526837,-41,0
886,36526932,28,0
887,36527032,30,0
888,36527123,-1,0
889,36527211,-8,0
890,36527309,-38,0
891,36527402,-28,0
892,36527498,41,0
893,36527588,41,0
894,36527673,-23,0
895,36527767,-29,0
896,36527860,-13,0
897,36527952,-5,0
898,36528051,33,0
899,36528139,30,0
900,36528219,-45,0
901,36528313,-44,0
902,36528401,14,0
903,36528491,21,0
904,36528577,12,0
905,36528669,10,0
906,36528763,-42,0
907,36528857,-38,0
908,36528942,33,0
909,36529036,38,0
910,36529122,-12,0
911,36529205,-30,0
912,36529285,-24,0
913,36529372,-21,0
914,36529467,40,0
915,36529547,36,0
916,36529646,-34,0
917,36529745,-38,0
918,36529828,1,0
919,36529925,10,0
920,36530011,25,0
921,36530097,20,0
922,36530188,-42,0
923,36530280,-43,0
924,36530370,22,0
925,36530469,33,0
926,36530556,0,0
927,36530656,-8,0
928,36530749,-40,0
929,36530841,-33,0
930,36530940,39,0
931,36531028,39,0
932,36531113,-29,0
933,36531197,-32,0
934,36531278,-13,0
935,36531377,-2,0
936,36531470,35,0
937,36531561,32,0
938,36531660,-41,0
939,36531751,-39,0
940,36531839,17,0
941,36531921,24,0
942,36532013,14,0
943,36532097,7,0
944,36532179,-39,0
945,36532264,-39,0
946,36532354,36,0
947,36532442,38,0
948,36532537,-10,0
949,36532628,-18,0
950,36532710,-25,0
951,36532795,-17,0
952,36532888,37,0
953,36532982,38,0
954,36533064,-35,0
955,36533157,-39,0
956,36533239,0,0
957,36533330,6,0
958,36533419,28,0
959,36533507,18,0
960,36533591,-45,0
961,36533675,-43,0
962,36533770,27,0
963,36533851,33,0
964,36533949,2,0
965,36534030,-9,0
966,36534128,-36,0
967,36534210,-31,0
968,36534292,40,0
969,36534388,37,0
970,36534487,-27,0
971,36534584,-39,0
972,36534664,-19,0
973,36534760,-11,0
