0,36447261,151,0
1,36447361,182,0
2,36447460,131,0
3,36447549,137,0
4,36447632,184,0
5,36447715,145,0
6,36447808,125,0
7,36447907,179,0
8,36447999,157,0
9,36448082,120,0
10,36448165,170,0
11,36448258,171,0
12,36448345,122,0
13,36448443,155,0
14,36448542,179,0
15,36448635,126,0
16,36448722,177,0
17,36448812,183,0
18,36448894,144,0
19,36448980,125,0
20,36449068,180,0
21,36449154,153,0
22,36449252,122,0
23,36449341,168,0
24,36449423,166,0
25,36449523,120,0
26,36449620,154,0
27,36449712,178,0
28,36449807,158,0
29,36449906,139,0
30,36449991,182,0
31,36450084,136,0
32,36450181,128,0
33,36450277,177,0
34,36450372,149,0
35,36450458,120,0
36,36450556,171,0
37,36450648,164,0
38,36450746,120,0
39,36450839,159,0
40,36450923,140,0
41,36451004,121,0
42,36451101,146,0
43,36451182,183,0
44,36451276,135,0
45,36451364,129,0
46,36451445,181,0
47,36451528,148,0
48,36451608,123,0
49,36451705,173,0
50,36451795,164,0
51,36451882,118,0
52,36451966,123,0
53,36452064,174,0
54,36452155,121,0
55,36452237,146,0
56,36452327,181,0
57,36452420,134,0
58,36452502,133,0
59,36452592,182,0
60,36452691,143,0
61,36452777,125,0
62,36452877,178,0
63,36452958,159,0
64,36453052,117,0
65,36453144,166,0
66,36453240,172,0
67,36453332,123,0
68,36453419,155,0
69,36453517,180,0
70,36453614,127,0
71,36453705,141,0
72,36453802,179,0
73,36453894,142,0
74,36453994,124,0
75,36454086,129,0
76,36454182,154,0
77,36454279,119,0
78,36454365,170,0
79,36454456,165,0
80,36454537,118,0
81,36454623,155,0
82,36454709,178,0
83,36454804,128,0
84,36454895,139,0
85,36454981,183,0
86,36455065,137,0
87,36455156,141,0
88,36455237,176,0
89,36455329,152,0
90,36455423,117,0
91,36455517,166,0
92,36455602,161,0
93,36455700,114,0
94,36455785,149,0
95,36455877,172,0
96,36455973,116,0
97,36456071,137,0
98,36456158,174,0
99,36456240,155,0
100,36456340,120,0
101,36456434,171,0
102,36456524,140,0
103,36456619,110,0
104,36456706,163,0
105,36456800,149,0
106,36456894,110,0
107,36456976,149,0
108,36457067,166,0
109,36457151,112,0
110,36457238,139,0
111,36457336,174,0
112,36457425,126,0
113,36457514,131,0
114,36457614,177,0
115,36457700,146,0
116,36457781,119,0
117,36457871,174,0
118,36457955,157,0
119,36458040,114,0
120,36458134,160,0
121,36458224,166,0
122,36458310,112,0
123,36458401,164,0
124,36458482,155,0
125,36458569,95,0
126,36458665,95,0
127,36458765,135,1
128,36458860,88,1
129,36458941,61,1
130,36459033,105,1
131,36459133,81,1
132,36459231,42,1
133,36459313,84,1
134,36459398,87,1
135,36459479,97,1
136,36459576,76,1
137,36459663,107,1
138,36459753,62,1
139,36459851,82,1
140,36459937,128,1
141,36460027,94,1
142,36460120,96,1
143,36460207,158,1
144,36460304,137,1
145,36460391,106,1
146,36460477,163,1
147,36460559,158,1
148,36460643,126,1
149,36460740,167,1
150,36460822,198,1
151,36460911,153,1
152,36460995,172,1
153,36461082,218,1
154,36461177,174,1
155,36461266,170,1
156,36461362,227,1
157,36461448,203,1
158,36461546,178,1
159,36461633,201,1
160,36461731,225,1
161,36461829,179,1
162,36461920,222,1
163,36462018,237,1
164,36462102,183,1
165,36462194,205,1
166,36462285,243,1
167,36462369,194,1
168,36462460,195,1
169,36462552,243,1
170,36462646,208,1
171,36462739,183,1
172,36462826,236,1
173,36462925,222,1
174,36463006,179,1
175,36463096,222,1
176,36463195,234,1
177,36463285,182,1
178,36463380,208,1
179,36463473,239,1
180,36463569,191,1
181,36463668,194,1
182,36463751,243,1
183,36463846,178,1
184,36463939,187,1
185,36464038,239,1
186,36464130,213,1
187,36464220,181,1
188,36464310,227,1
189,36464391,230,1
190,36464477,180,1
191,36464577,213,1
192,36464662,239,1
193,36464754,186,1
194,36464842,199,1
195,36464940,189,1
196,36465027,200,1
197,36465118,188,1
198,36465203,240,1
199,36465293,213,1
200,36465376,180,1
201,36465462,230,1
202,36465553,225,1
203,36465644,182,1
204,36465731,217,1
205,36465820,240,1
206,36465910,186,1
207,36465992,207,1
208,36466092,237,1
209,36466190,195,1
210,36466287,194,1
211,36466379,239,1
212,36466476,209,1
213,36466570,184,1
214,36466651,235,1
215,36466738,218,1
216,36466826,180,1
217,36466921,224,1
218,36467012,226,1
219,36467105,180,1
220,36467186,215,1
221,36467268,241,1
222,36467352,189,1
223,36467434,197,1
224,36467525,242,1
225,36467614,202,1
226,36467695,189,1
227,36467792,240,1
228,36467881,216,1
229,36467973,180,1
230,36468060,241,1
231,36468148,233,1
232,36468233,182,1
233,36468325,215,1
234,36468407,237,1
235,36468500,188,1
236,36468593,201,1
237,36468677,242,1
238,36468758,199,1
239,36468851,189,1
240,36468932,238,1
241,36469019,209,1
242,36469103,240,1
243,36469202,233,1
244,36469290,226,1
245,36469371,182,1
246,36469469,223,1
247,36469569,237,1
248,36469655,184,1
249,36469748,204,1
250,36469834,243,1
251,36469922,191,1
252,36470009,194,1
253,36470099,243,1
254,36470183,232,1
255,36470263,184,1
256,36470343,236,1
257,36470432,220,1
258,36470512,181,1
259,36470608,226,1
260,36470689,230,1
261,36470778,183,1
262,36470860,209,1
263,36470958,241,1
264,36471056,186,1
265,36471153,197,1
266,36471252,207,1
267,36471348,199,1
268,36471439,184,1
269,36471536,241,1
270,36471622,214,1
271,36471719,181,1
272,36471802,227,1
273,36471885,233,1
274,36471969,188,1
275,36472067,224,1
276,36472153,248,1
277,36472236,192,1
278,36472331,199,1
279,36472429,249,1
280,36472528,203,1
281,36472628,202,1
282,36472712,247,1
283,36472806,219,1
284,36472897,189,1
285,36472996,246,1
286,36473083,229,1
287,36473180,187,1
288,36473266,231,1
289,36473355,238,1
290,36473447,185,1
291,36473545,216,1
292,36473625,245,1
293,36473712,197,1
294,36473793,203,1
295,36473874,251,1
296,36473957,208,1
297,36474057,192,1
298,36474147,243,1
299,36474230,214,1
300,36474328,179,1
301,36474420,227,1
302,36474503,181,1
303,36474600,179,1
304,36474697,211,1
305,36474777,233,1
306,36474875,185,1
307,36474965,207,1
308,36475048,244,1
309,36475140,194,1
310,36475239,193,1
311,36475338,245,1
312,36475426,210,1
313,36475526,183,1
314,36475624,206,1
315,36475712,224,1
316,36475810,184,1
317,36475898,226,1
318,36475995,233,1
319,36476090,187,1
320,36476190,216,1
321,36476290,244,1
322,36476372,191,1
323,36476467,200,1
324,36476550,243,1
325,36476630,202,1
326,36476730,216,1
327,36476823,243,1
328,36476908,211,1
329,36477003,183,1
330,36477088,235,1
331,36477187,226,1
332,36477273,183,1
333,36477367,222,1
334,36477460,238,1
335,36477542,184,1
336,36477638,209,1
337,36477725,244,1
338,36477812,188,1
339,36477894,195,1
340,36477982,242,1
341,36478064,206,1
342,36478156,188,1
343,36478250,243,1
344,36478336,218,1
345,36478426,186,1
346,36478515,234,1
347,36478595,230,1
348,36478694,183,1
349,36478789,220,1
350,36478871,182,1
351,36478965,186,1
352,36479061,210,1
353,36479141,242,1
354,36479225,197,1
355,36479306,197,1
356,36479389,244,1
357,36479476,208,1
358,36479560,186,1
359,36479641,240,1
360,36479727,219,1
361,36479817,181,1
362,36479915,198,1
363,36480008,230,1
364,36480092,181,1
365,36480178,220,1
366,36480258,239,1
367,36480358,188,1
368,36480456,205,1
369,36480555,245,1
370,36480643,195,1
371,36480728,194,1
372,36480817,241,1
373,36480897,208,1
374,36480986,221,1
375,36481073,240,1
376,36481171,218,1
377,36481266,182,1
378,36481365,228,1
379,36481446,228,1
380,36481529,180,1
381,36481627,213,1
382,36481716,238,1
383,36481803,183,1
384,36481894,201,1
385,36481988,239,1
386,36482087,237,1
387,36482183,186,1
388,36482264,233,1
389,36482348,198,1
390,36482431,175,1
391,36482527,225,1
392,36482610,210,1
393,36482696,167,1
394,36482788,217,1
395,36482873,210,1
396,36482966,161,1
397,36483053,197,1
398,36483147,208,1
399,36483230,158,1
400,36483312,171,1
401,36483403,208,1
402,36483492,159,1
403,36483587,152,1
404,36483679,198,1
405,36483775,157,1
406,36483871,134,1
407,36483969,180,1
408,36484069,156,1
409,36484167,116,1
410,36484258,133,1
411,36484355,155,1
412,36484439,101,1
413,36484529,128,1
414,36484609,143,1
415,36484709,87,1
416,36484808,102,1
417,36484901,132,1
418,36485001,83,1
419,36485091,71,1
420,36485173,118,1
421,36485273,75,1
422,36485370,49,1
423,36485460,101,1
424,36485542,76,1
425,36485630,40,1
426,36485728,86,1
427,36485812,88,1
428,36485893,42,1
429,36485982,83,1
430,36486071,106,1
431,36486170,61,1
432,36486265,89,1
433,36486352,143,1
434,36486438,93,1
435,36486526,109,1
436,36486620,169,1
437,36486709,138,1
438,36486803,126,1
439,36486898,175,1
440,36486983,153,1
441,36487073,119,1
442,36487154,165,0
443,36487234,156,0
444,36487314,110,0
445,36487406,151,0
446,36487493,139,0
447,36487585,112,0
448,36487683,140,0
449,36487777,172,0
450,36487859,126,0
451,36487946,134,0
452,36488026,184,0
453,36488107,142,0
454,36488191,128,0
455,36488279,182,0
456,36488365,149,0
457,36488448,118,0
458,36488534,178,0
459,36488622,161,0
460,36488705,119,0
461,36488788,164,0
462,36488873,172,0
463,36488973,120,0
464,36489073,155,0
465,36489170,180,0
466,36489266,127,0
467,36489353,139,0
468,36489451,183,0
469,36489550,135,0
470,36489647,179,0
471,36489731,182,0
472,36489829,143,0
473,36489921,126,0
474,36490001,179,0
475,36490098,158,0
476,36490178,123,0
477,36490278,171,0
478,36490371,168,0
479,36490468,120,0
480,36490563,162,0
481,36490652,175,0
482,36490749,152,0
483,36490837,149,0
484,36490933,182,0
485,36491029,132,0
486,36491115,141,0
487,36491200,184,0
488,36491291,142,0
489,36491380,132,0
490,36491463,184,0
491,36491558,152,0
492,36491643,123,0
493,36491732,177,0
494,36491822,122,0
495,36491902,123,0
496,36491992,168,0
497,36492089,172,0
498,36492171,121,0
499,36492252,155,0
500,36492349,178,0
501,36492442,124,0
502,36492525,148,0
503,36492605,182,0
504,36492699,132,0
505,36492779,138,0
506,36492861,130,0
507,36492953,142,0
508,36493036,132,0
509,36493118,180,0
510,36493215,154,0
511,36493295,124,0
512,36493391,174,0
513,36493473,163,0
514,36493561,123,0
515,36493651,168,0
516,36493741,176,0
517,36493825,123,0
518,36493908,168,0
519,36493997,177,0
520,36494092,129,0
521,36494176,146,0
522,36494265,184,0
523,36494364,136,0
