0,36447261,124,0
1,36447350,155,0
2,36447434,104,0
3,36447521,110,0
4,36447602,158,0
5,36447694,118,0
6,36447790,97,0
7,36447888,152,0
8,36447987,131,0
9,36448083,93,0
10,36448180,143,0
11,36448267,145,0
12,36448364,98,0
13,36448460,132,0
14,36448544,154,0
15,36448638,102,0
16,36448735,150,0
17,36448816,158,0
18,36448909,119,0
19,36449009,99,0
20,36449097,157,0
21,36449197,128,0
22,36449287,98,0
23,36449370,144,0
24,36449458,141,0
25,36449553,95,0
26,36449652,132,0
27,36449752,155,0
28,36449851,134,0
29,36449932,117,0
30,36450027,158,0
31,36450123,114,0
32,36450219,105,0
33,36450309,156,0
34,36450407,127,0
35,36450499,98,0
36,36450593,147,0
37,36450692,141,0
38,36450778,96,0
39,36450863,135,0
40,36450963,115,0
41,36451046,96,0
42,36451127,121,0
43,36451222,158,0
44,36451317,108,0
45,36451417,100,0
46,36451503,152,0
47,36451602,119,0
48,36451702,92,0
49,36451784,143,0
50,36451871,130,0
51,36451956,85,0
52,36452037,85,0
53,36452125,135,0
54,36452212,79,0
55,36452308,103,0
56,36452391,135,0
57,36452480,84,0
58,36452573,85,0
59,36452665,130,0
60,36452760,88,0
61,36452848,67,0
62,36452941,115,0
63,36453035,94,0
64,36453119,50,0
65,36453216,90,0
66,36453298,92,0
67,36453382,41,0
68,36453464,70,0
69,36453560,91,0
70,36453653,36,1
71,36453736,44,1
72,36453816,82,1
73,36453907,40,1
74,36453993,20,1
75,36454091,21,1
76,36454181,46,1
77,36454281,9,1
78,36454368,55,1
79,36454450,49,1
80,36454550,1,1
81,36454631,39,1
82,36454731,62,1
83,36454814,14,1
84,36454905,28,1
85,36454985,76,1
86,36455076,33,1
87,36455173,45,1
88,36455267,86,1
89,36455354,68,1
90,36455440,39,1
91,36455526,96,1
92,36455606,99,1
93,36455699,61,1
94,36455796,103,1
95,36455879,129,1
96,36455966,79,1
97,36456064,105,1
98,36456159,144,1
99,36456246,128,1
100,36456335,93,1
101,36456419,145,1
102,36456501,112,1
103,36456590,84,1
104,36456681,134,1
105,36456772,120,1
106,36456868,78,1
107,36456954,117,1
108,36457044,130,1
109,36457141,76,1
110,36457224,100,1
111,36457318,132,1
112,36457403,85,1
113,36457490,88,1
114,36457587,133,1
115,36457684,103,1
116,36457771,76,1
117,36457866,133,1
118,36457960,117,1
119,36458055,76,1
120,36458150,124,1
121,36458237,135,1
122,36458323,86,1
123,36458408,143,1
124,36458507,141,1
125,36458593,90,1
126,36458677,98,1
127,36458764,148,1
128,36458860,111,1
129,36458949,91,1
130,36459045,142,1
131,36459132,123,1
132,36459224,88,1
133,36459319,132,1
134,36459412,134,1
135,36459493,140,1
136,36459577,116,1
137,36459661,143,1
138,36459758,92,1
139,36459839,101,1
140,36459920,142,1
141,36460002,103,1
142,36460097,91,1
143,36460178,144,1
144,36460274,117,1
145,36460373,81,1
146,36460453,131,1
147,36460536,122,1
148,36460618,80,1
149,36460710,117,1
150,36460791,142,1
151,36460879,91,1
152,36460971,105,1
153,36461059,147,1
154,36461146,99,1
155,36461226,91,1
156,36461309,143,1
157,36461390,112,1
158,36461475,86,1
159,36461568,107,1
160,36461662,128,1
161,36461751,83,1
162,36461841,125,1
163,36461928,139,1
164,36462010,84,1
165,36462096,108,1
166,36462183,145,1
167,36462271,95,1
168,36462351,96,1
169,36462445,146,1
170,36462537,112,1
171,36462623,86,1
172,36462721,139,1
173,36462821,125,1
174,36462909,79,1
175,36462997,125,1
176,36463085,135,1
177,36463175,85,1
178,36463261,111,1
179,36463341,144,1
180,36463426,94,1
181,36463508,97,1
182,36463591,144,1
183,36463681,83,1
184,36463775,89,1
185,36463864,142,1
186,36463964,116,1
187,36464048,84,1
188,36464147,131,1
189,36464236,133,1
190,36464323,83,1
191,36464403,117,1
192,36464498,143,1
193,36464585,89,1
194,36464681,101,1
195,36464761,92,1
196,36464842,103,1
197,36464930,92,1
198,36465012,145,1
199,36465096,116,1
200,36465181,85,1
201,36465275,134,1
202,36465356,128,1
203,36465450,85,1
204,36465543,121,1
205,36465637,143,1
206,36465735,91,1
207,36465822,113,1
208,36465917,140,1
209,36466000,99,1
210,36466084,99,1
211,36466167,145,1
212,36466266,115,1
213,36466366,89,1
214,36466451,140,1
215,36466544,125,1
216,36466639,87,1
217,36466721,130,1
218,36466821,130,1
219,36466919,84,1
220,36467016,117,1
221,36467106,145,1
222,36467193,91,1
223,36467286,99,1
224,36467371,143,1
225,36467464,102,1
226,36467562,90,1
227,36467650,137,1
228,36467732,113,1
229,36467814,77,1
230,36467912,138,1
231,36467992,129,1
232,36468084,74,1
233,36468164,110,1
234,36468245,130,1
235,36468327,82,1
236,36468421,94,1
237,36468509,136,1
238,36468600,92,1
239,36468681,84,1
240,36468761,137,1
241,36468845,106,1
242,36468934,139,1
243,36469028,135,1
244,36469115,128,1
245,36469197,85,1
246,36469277,125,1
247,36469369,137,1
248,36469466,85,1
249,36469563,103,1
250,36469649,138,1
251,36469739,82,1
252,36469838,81,1
253,36469919,123,1
254,36470001,106,1
255,36470086,51,1
256,36470186,84,1
257,36470276,60,1
258,36470371,15,1
259,36470460,48,1
260,36470553,50,1
261,36470642,7,1
262,36470724,39,1
263,36470814,86,1
264,36470896,37,1
265,36470996,53,1
266,36471094,88,1
267,36471181,83,1
268,36471272,75,1
269,36471354,138,1
270,36471443,117,1
271,36471541,88,1
272,36471633,141,1
273,36471730,142,1
274,36471820,102,1
275,36471908,143,1
276,36471990,169,0
277,36472075,117,0
278,36472159,125,0
279,36472246,179,0
280,36472327,137,0
281,36472413,139,0
282,36472512,185,0
283,36472598,158,0
284,36472692,129,0
285,36472781,182,0
286,36472862,170,0
287,36472958,128,0
288,36473046,168,0
289,36473127,178,0
290,36473218,127,0
291,36473301,155,0
292,36473382,187,0
293,36473472,137,0
294,36473567,141,0
295,36473663,192,0
296,36473749,148,0
297,36473835,134,0
298,36473916,186,0
299,36474003,161,0
300,36474098,128,0
301,36474190,176,0
302,36474274,128,0
303,36474370,128,0
304,36474466,161,0
305,36474564,181,0
306,36474655,130,0
307,36474755,151,0
308,36474850,190,0
309,36474945,139,0
310,36475028,137,0
311,36475121,189,0
312,36475215,154,0
313,36475305,127,0
314,36475405,153,0
315,36475490,167,0
316,36475572,128,0
317,36475663,170,0
318,36475749,176,0
319,36475841,130,0
320,36475922,160,0
321,36476012,186,0
322,36476096,134,0
323,36476187,146,0
324,36476287,189,0
325,36476375,145,0
326,36476470,161,0
327,36476563,186,0
328,36476659,158,0
329,36476757,128,0
330,36476857,180,0
331,36476938,171,0
332,36477030,127,0
333,36477111,167,0
334,36477202,183,0
335,36477292,129,0
336,36477376,154,0
337,36477475,189,0
338,36477557,133,0
339,36477642,140,0
