0,36447261,439,0
1,36447345,435,0
2,36447435,457,0
3,36447526,449,0
4,36447623,447,0
5,36447704,496,0
6,36447792,482,0
7,36447872,562,0
8,36447960,572,0
9,36448049,524,0
10,36448149,539,0
11,36448240,549,0
12,36448332,415,0
13,36448426,452,0
14,36448519,545,0
15,36448618,462,0
16,36448707,468,0
17,36448789,563,0
18,36448877,500,0
19,36448958,441,0
20,36449058,536,0
21,36449154,529,0
22,36449241,435,0
23,36449330,551,0
24,36449427,546,0
25,36449511,453,0
26,36449606,500,0
27,36449705,564,0
28,36449789,478,0
29,36449881,477,0
30,36449980,564,0
31,36450067,501,0
32,36450153,459,0
33,36450240,553,0
34,36450332,528,0
35,36450425,450,0
36,36450507,531,0
37,36450602,546,0
38,36450693,459,0
39,36450777,505,0
40,36450859,564,0
41,36450950,471,0
42,36451040,482,0
43,36451123,565,0
44,36451207,496,0
45,36451288,461,0
46,36451377,554,0
47,36451458,520,0
48,36451546,477,0
49,36451645,562,0
50,36451738,494,0
51,36451838,459,0
52,36451929,548,0
53,36452024,525,0
54,36452105,452,0
55,36452191,532,0
56,36452271,541,0
57,36452352,452,0
58,36452443,508,0
59,36452523,478,0
60,36452613,469,0
61,36452713,482,0
62,36452811,566,0
63,36452911,489,0
64,36452997,462,0
65,36453080,555,0
66,36453178,516,0
67,36453269,451,0
68,36453368,542,0
69,36453458,537,0
70,36453554,451,0
71,36453636,453,0
72,36453732,561,0
73,36453829,458,0
74,36453915,490,0
75,36453995,562,0
76,36454081,478,0
77,36454163,468,0
78,36454257,562,0
79,36454342,504,0
80,36454434,455,0
81,36454514,549,0
82,36454597,528,0
83,36454691,452,0
84,36454782,524,0
85,36454865,556,0
86,36454957,456,0
87,36455043,500,0
88,36455136,563,0
89,36455228,473,0
90,36455317,478,0
91,36455398,563,0
92,36455479,495,0
93,36455579,456,0
94,36455668,555,0
95,36455753,472,0
96,36455836,453,0
97,36455936,536,0
98,36456030,545,0
99,36456119,455,0
100,36456200,512,0
101,36456299,557,0
102,36456392,463,0
103,36456478,483,0
104,36456575,569,0
105,36456671,488,0
106,36456752,463,0
107,36456838,507,0
108,36456919,514,0
109,36457014,455,0
110,36457099,543,0
111,36457188,536,0
112,36457276,454,0
113,36457374,520,0
114,36457464,556,0
115,36457551,462,0
116,36457648,495,0
117,36457741,566,0
118,36457831,477,0
119,36457920,547,0
120,36458009,562,0
121,36458107,506,0
122,36458189,456,0
123,36458285,551,0
124,36458367,532,0
125,36458464,448,0
126,36458548,527,0
127,36458630,551,0
128,36458725,457,0
129,36458814,501,0
130,36458903,560,0
131,36458990,566,0
132,36459087,474,0
133,36459169,564,0
134,36459260,492,0
135,36459344,460,0
136,36459434,553,0
137,36459524,521,0
138,36459614,446,0
139,36459711,532,0
140,36459792,545,0
141,36459884,453,0
142,36459977,509,0
143,36460064,559,0
144,36460151,472,0
145,36460247,485,0
146,36460345,562,0
147,36460432,484,0
148,36460520,465,0
149,36460609,555,0
150,36460694,516,0
151,36460785,454,0
152,36460881,539,0
153,36460971,541,0
154,36461061,536,0
155,36461154,507,0
156,36461251,554,0
157,36461350,462,0
158,36461443,491,0
159,36461526,562,0
160,36461611,478,0
161,36461707,472,0
162,36461787,560,0
163,36461881,510,0
164,36461963,454,0
165,36462052,546,0
166,36462143,498,0
167,36462231,450,0
168,36462313,524,0
169,36462408,552,0
170,36462496,457,0
171,36462579,499,0
172,36462671,560,0
173,36462753,479,0
174,36462840,473,0
175,36462932,566,0
176,36463020,502,0
177,36463114,461,0
178,36463202,469,0
179,36463295,523,0
180,36463387,457,0
181,36463479,534,0
182,36463571,545,0
183,36463653,454,0
184,36463749,506,0
185,36463835,562,0
186,36463916,470,0
187,36463999,480,0
188,36464086,563,0
189,36464175,489,0
190,36464272,451,0
191,36464359,556,0
192,36464459,513,0
193,36464550,454,0
194,36464641,536,0
195,36464733,541,0
196,36464829,454,0
197,36464911,518,0
198,36464996,560,0
199,36465090,462,0
200,36465183,491,0
201,36465280,565,0
202,36465380,460,0
203,36465478,467,0
204,36465561,561,0
205,36465650,509,0
206,36465747,454,0
207,36465845,548,0
208,36465940,539,0
209,36466020,449,0
210,36466112,521,0
211,36466203,555,0
212,36466290,455,0
213,36466371,495,0
214,36466457,487,0
215,36466547,477,0
216,36466643,476,0
217,36466723,564,0
218,36466808,496,0
219,36466889,455,0
220,36466985,550,0
221,36467085,519,0
222,36467166,451,0
223,36467263,536,0
224,36467346,543,0
225,36467431,456,0
226,36467519,522,0
227,36467614,558,0
228,36467713,467,0
229,36467803,484,0
230,36467898,565,0
231,36467995,491,0
232,36468092,462,0
233,36468187,556,0
234,36468279,513,0
235,36468366,455,0
236,36468448,538,0
237,36468532,538,0
238,36468614,553,0
239,36468709,522,0
240,36468800,559,0
241,36468886,462,0
242,36468977,495,0
243,36469066,562,0
244,36469152,480,0
245,36469252,473,0
246,36469338,565,0
247,36469434,504,0
248,36469526,457,0
249,36469619,553,0
250,36469706,566,0
251,36469789,447,0
252,36469878,531,0
253,36469966,555,0
254,36470057,460,0
255,36470146,508,0
256,36470242,566,0
257,36470333,472,0
258,36470431,482,0
259,36470530,565,0
260,36470617,492,0
261,36470714,459,0
262,36470804,548,0
263,36470902,520,0
264,36471002,456,0
265,36471089,540,0
266,36471173,543,0
267,36471261,456,0
268,36471342,520,0
269,36471442,560,0
270,36471524,462,0
271,36471613,495,0
272,36471700,571,0
273,36471784,483,0
274,36471875,516,0
275,36471969,564,0
276,36472056,509,0
277,36472143,461,0
278,36472231,558,0
279,36472319,532,0
280,36472403,458,0
281,36472497,534,0
282,36472587,555,0
283,36472686,460,0
284,36472767,506,0
285,36472867,567,0
286,36472948,475,0
287,36473033,488,0
288,36473125,575,0
289,36473205,499,0
290,36473300,466,0
291,36473381,564,0
292,36473475,522,0
293,36473555,459,0
294,36473636,549,0
295,36473721,543,0
296,36473801,461,0
297,36473888,457,0
298,36473976,569,0
299,36474075,473,0
300,36474170,501,0
301,36474252,574,0
302,36474340,486,0
303,36474438,481,0
304,36474518,575,0
305,36474615,515,0
306,36474714,465,0
307,36474811,565,0
308,36474895,540,0
309,36474986,468,0
310,36475069,538,0
311,36475155,563,0
312,36475246,469,0
313,36475331,522,0
314,36475412,570,0
315,36475501,481,0
316,36475581,494,0
317,36475668,579,0
318,36475751,503,0
319,36475837,479,0
320,36475924,572,0
321,36476023,508,0
322,36476118,471,0
323,36476205,559,0
324,36476304,551,0
325,36476401,464,0
326,36476482,539,0
327,36476567,573,0
328,36476667,480,0
329,36476750,512,0
330,36476845,583,0
331,36476928,492,0
332,36477011,496,0
333,36477104,559,0
334,36477185,516,0
335,36477275,476,0
336,36477362,571,0
337,36477442,540,0
338,36477534,472,0
339,36477633,558,0
340,36477724,565,0
341,36477805,472,0
342,36477887,535,0
343,36477980,574,0
344,36478079,482,0
345,36478176,582,0
346,36478259,588,0
347,36478349,504,0
348,36478439,495,0
349,36478534,584,0
350,36478616,521,0
351,36478714,479,0
352,36478811,576,0
353,36478901,548,0
354,36478997,476,0
355,36479091,553,0
356,36479184,567,0
357,36479281,577,0
358,36479379,536,0
359,36479479,582,0
360,36479573,490,0
361,36479670,515,0
362,36479753,590,0
363,36479842,509,0
364,36479930,496,0
365,36480026,589,0
366,36480119,538,0
367,36480216,485,0
368,36480310,577,0
369,36480406,539,0
370,36480503,473,0
371,36480591,554,0
372,36480674,567,0
373,36480765,475,0
374,36480859,528,0
375,36480951,576,0
376,36481049,486,0
377,36481138,504,0
378,36481226,586,0
379,36481315,505,0
380,36481396,489,0
381,36481489,483,0
382,36481573,527,0
383,36481656,475,0
384,36481750,564,0
385,36481839,549,0
386,36481933,470,0
387,36482023,547,0
388,36482122,565,0
389,36482218,473,0
390,36482300,528,0
391,36482383,580,0
392,36482476,483,0
393,36482562,465,0
394,36482653,582,0
395,36482740,501,0
396,36482824,486,0
397,36482909,578,0
398,36482998,526,0
399,36483093,471,0
400,36483177,565,0
401,36483266,551,0
402,36483365,467,0
403,36483457,546,0
404,36483549,563,0
405,36483642,575,0
406,36483734,527,0
407,36483828,578,0
408,36483922,483,0
409,36484022,508,0
410,36484122,581,0
411,36484206,502,0
412,36484296,486,0
413,36484378,580,0
414,36484478,523,0
415,36484577,481,0
416,36484659,569,0
417,36484749,528,0
418,36484842,471,0
419,36484929,553,0
420,36485024,565,0
421,36485106,472,0
422,36485205,530,0
423,36485287,575,0
424,36485383,481,0
425,36485476,510,0
426,36485560,582,0
427,36485655,499,0
428,36485736,490,0
429,36485823,482,0
430,36485908,514,0
431,36486004,478,0
432,36486090,572,0
433,36486170,539,0
434,36486254,470,0
435,36486346,556,0
436,36486445,554,0
437,36486534,472,0
438,36486625,537,0
439,36486710,571,0
440,36486806,479,0
441,36486890,472,0
442,36486979,576,0
443,36487077,491,0
444,36487162,498,0
445,36487258,579,0
446,36487347,506,0
447,36487443,485,0
448,36487542,577,0
449,36487622,531,0
450,36487702,475,0
451,36487792,566,0
452,36487877,546,0
453,36487964,511,0
454,36488061,542,0
455,36488145,563,0
456,36488239,470,0
457,36488330,528,0
458,36488411,574,0
459,36488508,487,0
460,36488596,509,0
461,36488693,584,0
462,36488774,497,0
463,36488865,485,0
464,36488953,578,0
465,36489051,568,0
466,36489143,476,0
467,36489231,575,0
468,36489319,534,0
469,36489417,465,0
470,36489506,558,0
471,36489592,555,0
472,36489682,469,0
473,36489768,539,0
474,36489848,567,0
475,36489935,480,0
476,36490017,519,0
477,36490100,575,0
478,36490182,489,0
479,36490265,497,0
480,36490363,582,0
481,36490446,505,0
482,36490532,481,0
483,36490618,577,0
484,36490714,529,0
485,36490798,471,0
486,36490880,569,0
487,36490975,552,0
488,36491067,471,0
489,36491167,523,0
490,36491258,564,0
491,36491347,474,0
492,36491442,532,0
493,36491534,577,0
494,36491630,482,0
495,36491720,505,0
496,36491806,587,0
497,36491906,495,0
498,36492000,491,0
499,36492088,581,0
500,36492181,516,0
501,36492271,472,0
502,36492351,574,0
503,36492436,537,0
504,36492523,470,0
505,36492623,559,0
506,36492715,553,0
507,36492798,470,0
508,36492884,544,1
509,36492977,574,1
510,36493077,470,1
511,36493175,525,1
512,36493261,582,1
513,36493352,477,1
514,36493443,502,1
515,36493529,584,1
516,36493626,503,1
517,36493720,490,1
518,36493815,582,1
519,36493908,520,1
520,36493995,474,1
521,36494075,568,1
522,36494160,538,1
523,36494252,465,1
524,36494345,558,1
525,36494441,536,1
526,36494526,477,1
527,36494617,545,1
528,36494714,582,1
529,36494811,488,1
530,36494900,532,1
531,36494983,602,1
532,36495066,517,1
533,36495163,526,1
534,36495255,613,1
535,36495339,540,1
536,36495428,522,1
537,36495528,625,1
538,36495622,572,1
539,36495718,521,1
540,36495814,623,1
541,36495894,604,1
542,36495985,531,1
543,36496076,622,1
544,36496171,626,1
545,36496251,543,1
546,36496348,612,1
547,36496448,661,1
548,36496533,564,1
549,36496624,644,1
550,36496715,672,1
551,36496806,587,1
552,36496886,594,1
553,36496981,684,1
554,36497066,613,1
555,36497155,588,1
556,36497243,685,1
557,36497334,631,1
558,36497425,578,1
559,36497520,678,1
560,36497602,657,1
561,36497699,612,1
562,36497797,669,1
563,36497896,678,1
564,36497989,592,1
565,36498085,656,1
566,36498185,695,1
567,36498275,604,1
568,36498356,640,1
569,36498437,705,1
570,36498522,618,1
571,36498603,623,1
572,36498688,710,1
573,36498774,601,1
574,36498862,610,1
575,36498948,711,1
576,36499039,659,1
577,36499120,603,1
578,36499215,699,1
579,36499301,678,1
580,36499393,603,1
581,36499483,685,1
582,36499569,698,1
583,36499657,604,1
584,36499741,664,1
585,36499824,644,1
586,36499905,611,1
587,36499991,648,1
588,36500077,715,1
589,36500163,628,1
590,36500256,632,1
591,36500341,718,1
592,36500422,646,1
593,36500508,617,1
594,36500593,715,1
595,36500677,659,1
596,36500760,609,1
597,36500859,711,1
598,36500948,681,1
599,36501028,603,1
600,36501122,686,1
601,36501218,697,1
602,36501302,604,1
603,36501395,669,1
604,36501483,707,1
605,36501583,610,1
606,36501671,644,1
607,36501768,714,1
608,36501868,623,1
609,36501950,703,1
610,36502045,718,1
611,36502126,637,1
612,36502208,611,1
613,36502307,705,1
614,36502397,653,1
615,36502488,603,1
616,36502586,697,1
617,36502681,669,1
618,36502770,597,1
619,36502852,679,1
620,36502935,690,1
621,36503033,637,1
622,36503118,657,1
623,36503217,701,1
624,36503310,602,1
625,36503394,640,1
626,36503492,702,1
627,36503573,608,1
628,36503664,620,1
629,36503761,700,1
630,36503851,625,1
631,36503935,600,1
632,36504028,694,1
633,36504108,584,1
634,36504199,588,1
635,36504299,683,1
636,36504394,655,1
637,36504481,581,1
638,36504570,663,1
639,36504653,671,1
640,36504751,577,1
641,36504850,641,1
642,36504942,685,1
643,36505022,585,1
644,36505105,624,1
645,36505200,597,1
646,36505285,596,1
647,36505378,603,1
648,36505459,685,1
649,36505542,613,1
650,36505627,588,1
651,36505711,676,1
652,36505803,629,1
653,36505893,574,1
654,36505973,666,1
655,36506071,647,1
656,36506164,568,1
657,36506247,667,1
658,36506333,658,1
659,36506425,567,1
660,36506510,631,1
661,36506590,672,1
662,36506684,574,1
663,36506767,614,1
664,36506854,677,1
665,36506944,577,1
666,36507034,590,1
667,36507116,669,1
668,36507215,599,1
669,36507297,674,1
670,36507377,668,1
671,36507473,613,1
672,36507557,563,1
673,36507650,658,1
674,36507744,635,1
675,36507837,561,1
676,36507924,641,1
677,36508008,653,1
678,36508106,560,1
679,36508205,625,1
680,36508297,668,1
681,36508395,622,1
682,36508491,606,1
683,36508571,673,1
684,36508661,581,1
685,36508759,592,1
686,36508841,671,1
687,36508922,597,1
688,36509016,579,1
689,36509109,672,1
690,36509202,620,1
691,36509295,566,1
692,36509392,660,1
693,36509491,567,1
694,36509576,564,1
695,36509668,645,1
696,36509755,653,1
697,36509849,566,1
698,36509930,626,1
699,36510011,666,1
700,36510094,568,1
701,36510183,607,1
702,36510274,676,1
703,36510362,579,1
704,36510454,592,1
705,36510552,571,1
706,36510646,600,1
707,36510734,576,1
708,36510828,672,1
709,36510918,618,1
710,36511012,567,1
711,36511098,658,1
712,36511192,638,1
713,36511273,561,1
714,36511365,651,1
715,36511458,653,1
716,36511541,563,1
717,36511635,644,1
718,36511722,662,1
719,36511811,568,1
720,36511911,608,1
721,36512011,678,1
722,36512106,583,1
723,36512204,594,1
724,36512295,674,1
725,36512380,598,1
726,36512467,580,1
727,36512565,674,1
728,36512652,617,1
729,36512752,675,1
730,36512838,662,1
731,36512937,634,1
732,36513034,562,1
733,36513133,648,1
734,36513224,653,1
735,36513305,565,1
736,36513391,629,1
737,36513485,665,1
738,36513572,569,1
739,36513667,613,1
740,36513751,672,1
741,36513832,639,1
742,36513918,591,1
743,36514005,674,1
744,36514091,596,1
745,36514181,576,1
746,36514261,668,1
747,36514352,619,1
748,36514440,566,1
749,36514535,660,1
750,36514616,640,1
751,36514712,558,1
752,36514800,648,1
753,36514895,583,1
754,36514976,562,1
755,36515058,629,1
756,36515155,664,1
757,36515237,571,1
758,36515322,607,1
759,36515403,675,1
760,36515502,583,1
761,36515595,591,1
762,36515692,673,1
763,36515778,600,1
764,36515872,576,1
765,36515966,562,1
766,36516047,620,1
767,36516131,566,1
768,36516225,657,1
769,36516316,636,1
770,36516407,560,1
771,36516503,647,1
772,36516593,653,1
773,36516682,564,1
774,36516779,630,1
775,36516863,668,1
776,36516954,566,1
777,36517046,626,1
778,36517127,673,1
779,36517225,580,1
780,36517309,589,1
781,36517405,677,1
782,36517491,599,1
783,36517573,576,1
784,36517665,669,1
785,36517758,619,1
786,36517847,565,1
787,36517932,658,1
788,36518016,638,1
789,36518108,673,1
790,36518190,642,1
791,36518273,656,1
792,36518369,562,1
793,36518465,628,1
794,36518563,665,1
795,36518647,569,1
796,36518745,604,1
797,36518833,675,1
798,36518918,586,1
799,36519011,588,1
800,36519099,677,1
801,36519180,657,1
802,36519260,573,1
803,36519357,670,1
804,36519447,623,1
805,36519541,564,1
806,36519624,661,1
807,36519709,639,1
808,36519806,561,1
809,36519906,642,1
810,36520002,656,1
811,36520088,567,1
812,36520182,626,1
813,36520269,598,1
814,36520355,571,1
815,36520454,603,1
816,36520543,676,1
817,36520639,583,1
818,36520737,588,1
819,36520818,677,1
820,36520911,604,1
821,36521000,573,1
822,36521083,672,1
823,36521173,622,1
824,36521253,566,1
825,36521334,557,1
826,36521425,640,1
827,36521512,562,1
828,36521607,640,1
829,36521694,659,1
830,36521791,565,1
831,36521891,627,1
832,36521991,669,1
833,36522079,570,1
834,36522161,611,1
835,36522254,678,1
836,36522338,587,1
837,36522432,604,1
838,36522516,674,1
839,36522601,610,1
840,36522698,577,1
841,36522794,669,1
842,36522891,626,1
843,36522991,566,1
844,36523083,661,1
845,36523165,642,1
846,36523245,564,1
847,36523325,641,1
848,36523421,661,1
849,36523517,662,1
850,36523600,624,1
851,36523700,669,1
852,36523798,575,1
853,36523898,608,1
854,36523989,678,1
855,36524088,593,1
856,36524185,582,1
857,36524275,678,1
858,36524374,609,1
859,36524464,572,1
860,36524557,669,1
861,36524639,675,1
862,36524736,565,1
863,36524819,656,1
864,36524914,646,1
865,36525013,563,1
866,36525107,636,1
867,36525201,662,1
868,36525283,568,1
869,36525380,618,1
870,36525471,670,1
871,36525557,578,1
872,36525651,602,1
873,36525744,633,1
874,36525825,593,1
875,36525925,582,1
876,36526021,675,1
877,36526119,616,1
878,36526210,571,1
879,36526302,666,1
880,36526383,630,1
881,36526480,567,1
882,36526571,652,1
883,36526667,650,1
884,36526753,567,1
885,36526853,573,1
886,36526947,666,1
887,36527035,568,1
888,36527122,617,1
889,36527216,673,1
890,36527316,581,1
891,36527409,597,1
892,36527501,680,1
893,36527600,601,1
894,36527695,582,1
895,36527795,672,1
896,36527888,616,1
897,36527968,582,1
898,36528057,664,1
899,36528140,634,1
900,36528236,565,1
901,36528328,652,1
902,36528414,649,1
903,36528501,566,1
904,36528595,633,1
905,36528683,666,1
906,36528764,571,1
907,36528854,615,1
908,36528942,675,1
909,36529034,638,1
910,36529117,595,1
911,36529210,675,1
912,36529294,597,1
913,36529393,580,1
914,36529486,675,1
915,36529584,617,1
916,36529666,573,1
917,36529758,664,1
918,36529840,640,1
919,36529937,564,1
920,36530020,647,1
921,36530119,672,1
922,36530218,565,1
923,36530307,631,1
924,36530388,668,1
925,36530473,576,1
926,36530570,613,1
927,36530665,677,1
928,36530754,588,1
929,36530842,593,1
930,36530927,676,1
931,36531014,601,1
932,36531095,581,1
933,36531180,658,1
934,36531279,624,1
935,36531360,568,1
936,36531454,663,1
937,36531536,642,1
938,36531633,565,1
939,36531714,647,1
940,36531803,659,1
941,36531884,565,1
942,36531967,627,1
943,36532061,668,1
944,36532143,580,1
945,36532241,595,1
946,36532327,677,1
947,36532408,590,1
948,36532506,590,1
949,36532592,676,1
950,36532674,608,1
951,36532754,575,1
952,36532842,671,1
953,36532925,625,1
954,36533025,563,1
955,36533112,660,1
956,36533212,647,1
957,36533297,567,1
958,36533378,644,1
959,36533476,661,1
960,36533571,566,1
961,36533670,620,1
962,36533759,672,1
963,36533848,578,1
964,36533945,606,1
965,36534029,679,1
966,36534129,594,1
967,36534226,585,1
968,36534317,676,1
969,36534400,608,1
970,36534495,574,1
971,36534592,668,1
972,36534685,630,1
973,36534768,565,1
974,36534855,655,1
975,36534950,647,1
976,36535048,567,1
977,36535136,637,1
978,36535218,667,1
979,36535303,566,1
980,36535392,623,1
981,36535488,664,1
982,36535571,580,1
983,36535656,597,1
984,36535750,676,1
985,36535849,597,1
986,36535943,581,1
987,36536043,674,1
988,36536137,613,1
989,36536230,571,1
990,36536311,663,1
991,36536402,626,1
992,36536493,562,1
993,36536584,673,1
994,36536671,651,1
995,36536761,563,1
996,36536854,633,1
997,36536951,662,1
998,36537038,572,1
999,36537133,619,1
1000,36537226,675,1
1001,36537320,587,1
1002,36537420,601,1
1003,36537515,677,1
1004,36537603,599,1
1005,36537695,623,1
1006,36537789,677,1
1007,36537874,619,1
1008,36537957,568,1
1009,36538052,667,1
1010,36538149,637,1
1011,36538229,565,1
1012,36538317,650,1
1013,36538402,662,1
1014,36538489,564,1
1015,36538577,631,1
1016,36538661,671,1
1017,36538761,568,1
1018,36538843,615,1
1019,36538936,675,1
1020,36539032,584,1
1021,36539120,590,1
1022,36539203,677,1
1023,36539287,602,1
1024,36539386,576,1
1025,36539486,670,1
1026,36539569,620,1
1027,36539664,568,1
1028,36539759,662,1
1029,36539839,581,1
1030,36539934,566,1
1031,36540034,649,1
1032,36540131,657,1
1033,36540216,568,1
1034,36540312,627,1
1035,36540410,669,1
1036,36540499,578,1
1037,36540586,606,1
1038,36540681,676,1
1039,36540776,587,1
1040,36540861,589,1
1041,36540948,636,1
1042,36541032,603,1
1043,36541124,574,1
1044,36541211,673,1
1045,36541294,627,1
1046,36541383,567,1
1047,36541465,659,1
1048,36541564,647,1
1049,36541658,563,1
1050,36541746,644,1
1051,36541834,660,1
1052,36541930,570,1
1053,36542029,675,1
1054,36542118,673,1
1055,36542204,576,1
1056,36542299,602,1
1057,36542391,676,1
1058,36542480,593,1
1059,36542578,589,1
1060,36542678,678,1
1061,36542766,612,1
1062,36542866,581,1
1063,36542952,673,1
1064,36543041,634,1
1065,36543129,658,1
1066,36543228,660,1
1067,36543311,649,1
1068,36543408,566,1
1069,36543501,641,1
1070,36543596,666,1
1071,36543695,576,1
1072,36543779,621,1
1073,36543869,679,1
1074,36543962,588,1
1075,36544058,611,1
1076,36544148,689,1
1077,36544230,592,1
1078,36544318,594,1
1079,36544414,689,1
1080,36544513,630,1
1081,36544609,588,1
1082,36544689,686,1
1083,36544769,654,1
1084,36544849,591,1
1085,36544937,680,1
1086,36545035,680,1
1087,36545126,594,1
1088,36545217,670,1
1089,36545313,597,1
1090,36545409,608,1
1091,36545492,655,1
1092,36545583,714,1
1093,36545671,625,1
1094,36545762,643,1
1095,36545848,717,1
1096,36545936,636,1
1097,36546018,627,1
1098,36546100,718,1
1099,36546199,655,1
1100,36546288,612,1
1101,36546370,651,1
1102,36546466,677,1
1103,36546548,604,1
1104,36546633,682,1
1105,36546714,690,1
1106,36546794,594,1
1107,36546892,658,1
1108,36546987,692,1
1109,36547082,591,1
1110,36547178,628,1
1111,36547271,684,1
1112,36547366,592,1
1113,36547453,661,1
1114,36547549,662,1
1115,36547648,579,1
1116,36547740,548,1
1117,36547832,630,1
1118,36547922,572,1
1119,36548022,508,1
1120,36548107,593,1
1121,36548203,559,1
1122,36548283,479,1
1123,36548379,551,1
1124,36548461,563,1
1125,36548551,575,1
1126,36548647,526,1
1127,36548733,569,1
1128,36548823,474,1
1129,36548911,507,1
1130,36549005,577,1
1131,36549097,490,1
1132,36549179,496,1
1133,36549278,583,1
1134,36549368,519,1
1135,36549448,489,1
1136,36549544,587,1
1137,36549641,526,1
1138,36549723,480,1
1139,36549805,570,1
1140,36549902,554,1
1141,36549982,473,1
1142,36550075,551,1
1143,36550172,566,1
1144,36550260,475,1
1145,36550347,526,1
1146,36550442,574,1
1147,36550523,482,1
1148,36550605,499,1
1149,36550693,466,1
1150,36550776,492,1
1151,36550871,480,1
1152,36550956,568,1
1153,36551042,512,1
1154,36551135,471,1
1155,36551219,557,1
1156,36551303,525,1
1157,36551386,453,1
1158,36551469,549,1
1159,36551564,541,1
1160,36551657,455,1
1161,36551739,467,1
1162,36551819,553,1
1163,36551902,460,1
1164,36551996,499,1
1165,36552077,565,1
1166,36552162,474,1
1167,36552261,481,1
1168,36552356,569,1
1169,36552455,491,1
1170,36552539,464,1
1171,36552636,562,1
1172,36552720,512,1
1173,36552817,515,1
1174,36552898,548,1
1175,36552979,529,1
1176,36553071,453,1
1177,36553151,531,1
1178,36553237,547,1
1179,36553320,453,1
1180,36553412,510,1
1181,36553503,558,0
1182,36553595,464,0
1183,36553678,488,0
1184,36553766,564,0
1185,36553850,562,0
1186,36553940,473,0
1187,36554029,566,0
1188,36554125,505,0
1189,36554216,456,0
1190,36554303,554,0
1191,36554398,517,0
1192,36554490,452,0
1193,36554590,537,0
1194,36554683,545,0
1195,36554770,449,0
1196,36554857,517,0
1197,36554951,543,0
1198,36555050,458,0
1199,36555134,494,0
1200,36555231,564,0
1201,36555315,474,0
1202,36555403,482,0
1203,36555497,567,0
1204,36555578,495,0
1205,36555659,464,0
1206,36555739,556,0
1207,36555820,513,0
1208,36555919,453,0
1209,36556017,493,0
1210,36556102,536,0
1211,36556199,454,0
1212,36556279,521,0
1213,36556365,553,0
1214,36556446,456,0
1215,36556535,503,0
1216,36556617,560,0
1217,36556714,471,0
1218,36556802,480,0
1219,36556888,562,0
1220,36556972,485,0
1221,36557071,455,0
1222,36557171,554,0
1223,36557253,512,0
1224,36557334,451,0
1225,36557417,544,0
1226,36557497,533,0
1227,36557588,452,0
1228,36557675,526,0
1229,36557770,553,0
1230,36557870,456,0
1231,36557970,501,0
1232,36558064,563,0
1233,36558157,456,0
1234,36558243,482,0
1235,36558324,562,0
1236,36558424,491,0
1237,36558517,465,0
1238,36558612,562,0
1239,36558695,509,0
1240,36558794,453,0
1241,36558877,542,0
1242,36558960,530,0
1243,36559052,451,0
1244,36559149,525,0
1245,36559236,497,0
1246,36559320,459,0
1247,36559401,500,0
1248,36559488,566,0
1249,36559580,474,0
1250,36559680,475,0
1251,36559760,565,0
1252,36559854,491,0
1253,36559947,463,0
1254,36560032,557,0
1255,36560118,514,0
1256,36560206,454,0
1257,36560303,558,0
1258,36560384,535,0
1259,36560470,453,0
1260,36560562,526,0
1261,36560658,556,0
1262,36560747,459,0
1263,36560843,496,0
1264,36560926,566,0
1265,36561014,480,0
1266,36561095,475,0
1267,36561180,561,0
1268,36561280,500,0
1269,36561364,565,0
1270,36561461,556,0
1271,36561548,523,0
1272,36561636,452,0
1273,36561733,538,0
1274,36561815,538,0
1275,36561897,454,0
1276,36561987,517,0
1277,36562076,554,0
1278,36562173,462,0
1279,36562258,489,0
1280,36562342,565,0
1281,36562434,539,0
1282,36562524,474,0
1283,36562606,560,0
1284,36562688,507,0
1285,36562785,458,0
1286,36562869,549,0
1287,36562953,529,0
1288,36563042,450,0
1289,36563123,529,0
1290,36563219,548,0
1291,36563313,457,0
1292,36563402,507,0
1293,36563485,497,0
1294,36563570,468,0
1295,36563660,481,0
1296,36563743,564,0
1297,36563833,492,0
1298,36563924,461,0
1299,36564018,554,0
1300,36564101,515,0
1301,36564191,451,0
1302,36564277,542,0
1303,36564376,537,0
1304,36564468,453,0
1305,36564560,463,0
1306,36564653,556,0
1307,36564747,459,0
1308,36564844,495,0
1309,36564935,563,0
1310,36565029,477,0
1311,36565126,473,0
1312,36565221,564,0
1313,36565313,503,0
1314,36565410,457,0
1315,36565490,551,0
1316,36565570,527,0
1317,36565658,452,0
1318,36565738,531,0
1319,36565820,548,0
1320,36565901,456,0
1321,36565992,504,0
1322,36566075,562,0
1323,36566169,469,0
1324,36566256,481,0
1325,36566340,564,0
1326,36566432,491,0
1327,36566532,463,0
1328,36566629,562,0
1329,36566716,474,0
1330,36566803,447,0
1331,36566896,542,0
1332,36566991,538,0
1333,36567072,451,0
1334,36567153,514,0
1335,36567245,561,0
1336,36567327,465,0
1337,36567427,487,0
1338,36567518,562,0
1339,36567606,482,0
1340,36567688,469,0
1341,36567777,513,0
1342,36567859,506,0
1343,36567939,454,0
1344,36568039,545,0
1345,36568134,535,0
1346,36568226,450,0
1347,36568306,523,0
1348,36568393,557,0
1349,36568481,461,0
1350,36568574,502,0
1351,36568662,565,0
1352,36568743,473,0
1353,36568825,545,0
1354,36568913,565,0
1355,36569009,499,0
1356,36569096,452,0
1357,36569187,552,0
1358,36569282,522,0
1359,36569379,453,0
1360,36569461,531,0
1361,36569544,549,0
1362,36569626,455,0
1363,36569718,506,0
1364,36569798,563,0
1365,36569882,563,0
1366,36569964,479,0
1367,36570045,563,0
1368,36570144,491,0
1369,36570226,461,0
1370,36570319,555,0
1371,36570418,522,0
1372,36570506,453,0
1373,36570598,535,0
1374,36570689,543,0
1375,36570773,452,0
1376,36570863,512,0
1377,36570957,548,0
1378,36571056,467,0
1379,36571147,485,0
1380,36571231,563,0
1381,36571324,487,0
1382,36571411,468,0
1383,36571492,557,0
1384,36571586,511,0
1385,36571668,452,0
1386,36571748,542,0
1387,36571839,538,0
1388,36571935,454,0
1389,36572015,521,0
1390,36572113,556,0
1391,36572203,465,0
1392,36572297,491,0
1393,36572381,562,0
1394,36572468,478,0
1395,36572558,471,0
1396,36572644,558,0
1397,36572732,503,0
1398,36572826,457,0
1399,36572923,545,0
1400,36573011,535,0
1401,36573100,482,0
1402,36573194,524,0
1403,36573278,552,0
1404,36573372,455,0
1405,36573464,501,0
1406,36573561,563,0
1407,36573643,476,0
1408,36573739,478,0
1409,36573826,562,0
1410,36573915,500,0
1411,36574003,457,0
1412,36574101,556,0
1413,36574190,458,0
1414,36574280,450,0
1415,36574373,530,0
1416,36574472,547,0
1417,36574563,455,0
1418,36574647,507,0
1419,36574747,563,0
1420,36574836,467,0
1421,36574918,482,0
1422,36574999,565,0
1423,36575099,491,0
1424,36575184,462,0
1425,36575271,450,0
1426,36575357,515,0
1427,36575454,449,0
1428,36575551,534,0
1429,36575638,542,0
1430,36575737,453,0
1431,36575831,517,0
1432,36575928,558,0
1433,36576020,464,0
1434,36576120,485,0
1435,36576200,565,0
1436,36576286,486,0
1437,36576376,481,0
1438,36576461,561,0
1439,36576544,509,0
1440,36576632,454,0
1441,36576727,543,0
1442,36576813,538,0
1443,36576895,450,0
1444,36576991,519,0
1445,36577081,555,0
1446,36577168,464,0
1447,36577267,495,0
1448,36577366,564,0
1449,36577463,514,0
1450,36577560,466,0
1451,36577654,561,0
1452,36577737,506,0
1453,36577827,453,0
1454,36577927,544,0
1455,36578009,533,0
1456,36578099,452,0
1457,36578191,524,0
1458,36578278,552,0
1459,36578376,457,0
1460,36578473,499,0
1461,36578570,545,0
1462,36578659,477,0
1463,36578743,477,0
1464,36578839,562,0
1465,36578929,497,0
1466,36579026,455,0
1467,36579112,554,0
1468,36579202,529,0
1469,36579283,451,0
1470,36579364,529,0
1471,36579461,552,0
