0,36447261,615,0
1,36447343,607,0
2,36447425,620,0
3,36447508,623,0
4,36447607,606,0
5,36447699,614,0
6,36447794,618,0
7,36447886,602,0
8,36447967,614,0
9,36448063,624,0
10,36448162,604,0
11,36448251,611,0
12,36448338,622,0
13,36448431,611,0
14,36448521,606,0
15,36448611,617,0
16,36448702,606,0
17,36448788,600,0
18,36448888,616,0
19,36448970,615,0
20,36449069,605,0
21,36449157,632,0
22,36449253,625,0
23,36449347,614,0
24,36449431,609,0
25,36449522,626,0
26,36449616,610,0
27,36449703,603,0
28,36449783,615,0
29,36449878,616,0
30,36449969,606,0
31,36450067,627,0
32,36450151,619,0
33,36450235,607,0
34,36450315,612,0
35,36450396,626,0
36,36450483,606,0
37,36450566,610,0
38,36450655,623,0
39,36450737,613,0
40,36450827,620,0
41,36450920,618,0
42,36451015,620,0
43,36451111,606,0
44,36451191,620,0
45,36451288,617,0
46,36451374,604,0
47,36451466,618,0
48,36451560,619,0
49,36451655,605,0
50,36451744,611,0
51,36451830,623,0
52,36451916,619,0
53,36451999,615,0
54,36452099,629,0
55,36452188,614,0
56,36452286,608,0
57,36452385,621,0
58,36452478,619,0
59,36452574,606,0
60,36452662,617,0
61,36452751,616,0
62,36452849,607,0
63,36452947,614,0
64,36453038,624,0
65,36453136,618,0
66,36453225,615,0
67,36453315,627,0
68,36453413,610,0
69,36453513,604,0
70,36453612,619,0
71,36453699,618,0
72,36453789,607,0
73,36453876,618,0
74,36453967,619,0
75,36454064,619,0
76,36454159,613,0
77,36454251,624,0
78,36454345,610,0
79,36454433,607,0
80,36454517,621,0
81,36454607,616,0
82,36454688,605,0
83,36454769,632,0
84,36454852,621,0
85,36454942,609,0
86,36455026,616,0
87,36455114,615,0
88,36455204,604,0
89,36455295,611,0
90,36455390,622,0
91,36455474,605,0
92,36455560,614,0
93,36455649,625,0
94,36455745,610,0
95,36455827,610,0
96,36455916,628,0
97,36456004,619,0
98,36456088,601,0
99,36456179,609,0
100,36456259,620,0
101,36456341,605,0
102,36456421,615,0
103,36456517,623,0
104,36456599,609,0
105,36456686,615,0
106,36456777,625,0
107,36456869,614,0
108,36456966,611,0
109,36457056,621,0
110,36457142,614,0
111,36457225,603,0
112,36457322,620,0
113,36457402,620,0
114,36457492,612,0
115,36457586,620,0
116,36457681,625,0
117,36457769,610,0
118,36457860,614,0
119,36457956,622,0
120,36458049,613,0
121,36458147,607,0
122,36458232,620,0
123,36458330,603,0
124,36458410,610,0
125,36458490,619,0
126,36458583,626,0
127,36458666,606,0
128,36458761,619,0
129,36458857,620,0
130,36458949,603,0
131,36459038,611,0
132,36459125,625,0
133,36459222,609,0
134,36459310,603,0
135,36459410,610,0
136,36459502,617,0
137,36459589,609,0
138,36459677,629,0
139,36459773,623,0
140,36459861,602,0
141,36459960,611,0
142,36460051,620,0
143,36460145,607,0
144,36460225,611,0
145,36460317,625,0
146,36460397,609,0
147,36460492,610,0
148,36460581,619,0
149,36460677,614,0
150,36460776,601,0
151,36460876,618,0
152,36460964,613,0
153,36461045,608,0
154,36461138,618,0
155,36461233,630,0
156,36461325,607,0
157,36461421,615,0
158,36461509,620,0
159,36461600,617,0
160,36461685,610,0
161,36461768,622,0
162,36461857,615,0
163,36461956,605,0
164,36462049,622,0
165,36462146,616,0
166,36462239,604,0
167,36462320,621,0
168,36462416,621,0
169,36462501,607,0
170,36462585,628,0
171,36462677,620,0
172,36462764,606,0
173,36462849,611,0
174,36462933,622,0
175,36463033,610,0
176,36463131,609,0
177,36463218,624,0
178,36463311,614,0
179,36463398,614,0
180,36463483,620,0
181,36463573,619,0
182,36463672,606,0
183,36463766,621,0
184,36463861,624,0
185,36463957,606,0
186,36464039,616,0
187,36464138,619,0
188,36464225,610,0
189,36464318,610,0
190,36464418,621,0
191,36464510,614,0
192,36464602,609,0
193,36464693,619,0
194,36464793,614,0
195,36464887,617,0
196,36464987,618,0
197,36465079,620,0
198,36465159,606,0
199,36465256,612,0
200,36465352,623,0
201,36465447,608,0
202,36465546,610,0
203,36465627,625,0
204,36465714,610,0
205,36465812,612,0
206,36465896,617,0
207,36465986,617,0
208,36466075,608,0
209,36466157,620,0
210,36466251,618,0
211,36466346,602,0
212,36466429,620,0
213,36466513,618,0
214,36466595,608,0
215,36466692,608,0
216,36466776,621,0
217,36466868,612,0
218,36466960,609,0
219,36467047,620,0
220,36467142,613,0
221,36467228,605,0
222,36467319,623,0
223,36467404,617,0
224,36467504,604,0
225,36467586,618,0
226,36467676,621,0
227,36467760,607,0
228,36467847,610,0
229,36467938,621,0
230,36468036,612,0
231,36468120,609,0
232,36468204,623,0
233,36468291,611,0
234,36468383,609,0
235,36468482,620,0
236,36468579,618,0
237,36468677,604,0
238,36468768,620,0
239,36468849,620,0
240,36468935,605,0
241,36469018,615,0
242,36469098,604,0
243,36469184,606,0
244,36469280,610,0
245,36469363,623,0
246,36469444,613,0
247,36469527,605,0
248,36469616,623,0
249,36469698,614,0
250,36469793,608,0
251,36469884,627,0
252,36469971,627,0
253,36470068,601,0
254,36470165,610,0
255,36470259,620,0
256,36470339,609,0
257,36470425,608,0
258,36470520,623,0
259,36470612,611,0
260,36470708,613,0
261,36470806,622,0
262,36470905,612,0
263,36470997,606,0
264,36471089,621,0
265,36471175,614,0
266,36471259,612,0
267,36471358,617,0
268,36471452,622,0
269,36471538,618,0
270,36471624,609,0
271,36471707,624,0
272,36471787,606,0
273,36471870,606,0
274,36471967,617,0
275,36472055,615,0
276,36472142,601,0
277,36472229,617,0
278,36472324,620,0
279,36472424,614,0
280,36472515,617,0
281,36472607,614,0
282,36472690,601,0
283,36472779,617,0
284,36472872,612,0
285,36472957,602,0
286,36473039,601,0
287,36473138,613,0
288,36473230,603,0
289,36473314,600,0
290,36473410,624,0
291,36473492,611,0
292,36473574,590,0
293,36473671,608,0
294,36473771,604,0
295,36473869,587,0
296,36473953,601,0
297,36474039,600,0
298,36474138,586,0
299,36474238,589,0
300,36474319,593,0
301,36474413,579,0
302,36474496,590,0
303,36474586,588,0
304,36474678,572,0
305,36474777,563,1
306,36474866,570,1
307,36474957,567,1
308,36475050,552,1
309,36475130,566,1
310,36475219,576,1
311,36475313,553,1
312,36475396,578,1
313,36475487,610,1
314,36475576,613,1
315,36475675,620,1
316,36475760,654,1
317,36475851,675,1
318,36475936,712,1
319,36476020,741,1
320,36476119,730,1
321,36476199,694,1
322,36476285,687,1
323,36476371,691,1
324,36476467,687,1
325,36476564,701,1
326,36476661,704,1
327,36476757,698,1
328,36476839,719,1
329,36476922,745,1
330,36477020,757,1
331,36477119,757,1
332,36477209,781,1
333,36477291,783,1
334,36477391,782,1
335,36477475,802,1
336,36477560,792,1
337,36477652,775,1
338,36477749,784,1
339,36477839,776,1
340,36477927,760,1
341,36478018,771,1
342,36478110,769,1
343,36478196,758,1
344,36478291,765,1
345,36478391,773,1
346,36478482,756,1
347,36478568,761,1
348,36478660,771,1
349,36478756,760,1
350,36478856,779,1
351,36478947,776,1
352,36479043,765,1
353,36479136,758,1
354,36479236,767,1
355,36479333,770,1
356,36479422,759,1
357,36479503,769,1
358,36479598,776,1
359,36479689,761,1
360,36479771,765,1
361,36479863,792,1
362,36479952,777,1
363,36480051,770,1
364,36480144,776,1
365,36480236,767,1
366,36480335,760,1
367,36480419,778,1
368,36480519,767,1
369,36480614,757,1
370,36480713,773,1
371,36480798,773,1
372,36480892,762,1
373,36480987,772,1
374,36481078,772,1
375,36481168,770,1
376,36481265,767,1
377,36481349,778,1
378,36481439,762,1
379,36481525,767,1
380,36481623,773,1
381,36481705,767,1
382,36481802,764,1
383,36481890,775,1
384,36481977,769,1
385,36482069,759,1
386,36482167,760,1
387,36482264,772,1
388,36482348,761,1
389,36482443,772,1
390,36482527,773,1
391,36482614,757,1
392,36482696,767,1
393,36482777,791,1
394,36482866,771,1
395,36482962,763,1
396,36483057,787,1
397,36483149,768,1
398,36483235,766,1
399,36483324,776,1
400,36483424,768,1
401,36483510,756,1
402,36483596,777,1
403,36483690,782,1
404,36483783,757,1
405,36483878,778,1
406,36483962,783,1
407,36484050,757,1
408,36484147,766,1
409,36484247,776,1
410,36484332,770,1
411,36484419,762,1
412,36484515,775,1
413,36484596,769,1
414,36484692,764,1
415,36484777,777,1
416,36484865,772,1
417,36484950,767,1
418,36485045,772,1
419,36485127,774,1
420,36485223,762,1
421,36485305,773,1
422,36485396,778,1
423,36485492,762,1
424,36485588,767,1
425,36485674,777,1
426,36485755,768,1
427,36485842,766,1
428,36485925,775,1
429,36486011,767,1
430,36486111,762,1
431,36486208,776,1
432,36486299,770,1
433,36486388,762,1
434,36486477,780,1
435,36486577,772,1
436,36486670,763,1
437,36486765,770,1
438,36486853,774,1
439,36486944,756,1
440,36487042,764,1
441,36487133,776,1
442,36487231,764,1
443,36487315,765,1
444,36487400,779,1
445,36487484,762,1
446,36487572,771,1
447,36487661,780,1
448,36487743,772,1
449,36487827,758,1
450,36487913,774,1
451,36488001,769,1
452,36488095,760,1
453,36488182,769,1
454,36488279,771,1
455,36488367,760,1
456,36488455,781,1
457,36488554,785,1
458,36488654,760,1
459,36488750,764,1
460,36488844,780,1
461,36488943,764,1
462,36489024,764,1
463,36489120,775,1
464,36489205,766,1
465,36489296,759,1
466,36489381,780,1
467,36489464,768,1
468,36489548,763,1
469,36489636,782,1
470,36489723,761,1
471,36489817,757,1
472,36489917,770,1
473,36490001,777,1
474,36490094,762,1
475,36490181,768,1
476,36490280,777,1
477,36490372,765,1
478,36490456,767,1
479,36490538,778,1
480,36490620,764,1
481,36490700,758,1
482,36490787,767,1
483,36490871,767,1
484,36490961,763,1
485,36491047,780,1
486,36491145,782,1
487,36491226,761,1
488,36491319,774,1
489,36491408,775,1
490,36491503,764,1
491,36491594,771,1
492,36491684,775,1
493,36491765,761,1
494,36491864,777,1
495,36491958,781,1
496,36492052,762,1
497,36492147,766,1
498,36492227,781,1
499,36492309,771,1
500,36492396,763,1
501,36492488,775,1
502,36492572,770,1
503,36492654,763,1
504,36492735,772,1
505,36492821,775,1
506,36492903,789,1
507,36492998,781,1
508,36493085,776,1
509,36493173,766,1
510,36493267,769,1
511,36493348,776,1
512,36493432,764,1
513,36493513,767,1
514,36493606,777,1
515,36493699,761,1
516,36493783,770,1
517,36493882,781,1
518,36493981,763,1
519,36494073,764,1
520,36494158,781,1
521,36494243,772,1
522,36494332,760,1
523,36494416,773,1
524,36494497,771,1
525,36494592,762,1
526,36494686,776,1
527,36494771,775,1
528,36494863,763,1
529,36494955,767,1
530,36495036,760,1
531,36495125,764,1
532,36495209,764,1
533,36495300,777,1
534,36495384,763,1
535,36495480,763,1
536,36495564,777,1
537,36495646,771,1
538,36495735,763,1
539,36495826,775,1
540,36495917,769,1
541,36496015,763,1
542,36496099,766,1
543,36496196,773,1
544,36496281,763,1
545,36496367,769,1
546,36496448,779,1
547,36496546,779,1
548,36496640,769,1
549,36496724,776,1
550,36496824,767,1
551,36496921,767,1
552,36497016,781,1
553,36497113,765,1
554,36497201,772,1
555,36497288,776,1
556,36497371,771,1
557,36497460,760,1
558,36497543,775,1
559,36497625,770,1
560,36497725,768,1
561,36497815,776,1
562,36497913,775,1
563,36498003,757,1
564,36498084,773,1
565,36498169,776,1
566,36498262,778,1
567,36498353,772,1
568,36498437,774,1
569,36498517,765,1
570,36498603,767,1
571,36498696,778,1
572,36498777,767,1
573,36498870,761,1
574,36498954,777,1
575,36499052,768,1
576,36499137,759,1
577,36499231,776,1
578,36499331,777,1
579,36499420,759,1
580,36499504,771,1
581,36499593,773,1
582,36499685,758,1
583,36499774,769,1
584,36499859,774,1
585,36499951,764,1
586,36500037,768,1
587,36500127,777,1
588,36500213,768,1
589,36500294,767,1
590,36500393,765,1
591,36500473,772,1
592,36500569,760,1
593,36500658,775,1
594,36500757,769,1
595,36500841,760,1
596,36500924,779,1
597,36501020,772,1
598,36501119,759,1
599,36501216,773,1
600,36501311,775,1
601,36501406,758,1
602,36501502,762,1
603,36501584,777,1
604,36501675,762,1
605,36501755,763,1
606,36501846,775,1
607,36501935,765,1
608,36502025,767,1
609,36502123,778,1
610,36502220,765,1
611,36502304,757,1
612,36502385,779,1
613,36502472,768,1
614,36502561,770,1
615,36502647,775,1
616,36502735,769,1
617,36502831,758,1
618,36502931,772,1
619,36503015,786,1
620,36503112,762,1
621,36503197,772,1
622,36503282,779,1
623,36503370,762,1
624,36503457,768,1
625,36503552,775,1
626,36503650,779,1
627,36503743,767,1
628,36503843,777,1
629,36503925,769,1
630,36504007,763,1
631,36504103,779,1
632,36504199,767,1
633,36504281,757,1
634,36504366,774,1
635,36504463,774,1
636,36504557,758,1
637,36504643,774,1
638,36504738,775,1
639,36504832,760,1
640,36504914,771,1
641,36504995,776,1
642,36505075,766,1
643,36505163,775,1
644,36505253,786,1
645,36505336,774,1
646,36505425,781,1
647,36505521,804,1
648,36505619,793,1
649,36505716,792,1
650,36505806,783,1
651,36505902,787,1
652,36506000,766,1
653,36506097,775,1
654,36506185,764,1
655,36506282,739,1
656,36506373,725,1
657,36506470,716,1
658,36506554,695,1
659,36506643,706,1
660,36506736,707,1
661,36506824,683,1
662,36506916,674,1
663,36507016,694,1
664,36507109,710,1
665,36507200,734,1
666,36507292,742,1
667,36507373,707,1
668,36507471,671,1
669,36507568,657,1
670,36507656,630,1
671,36507755,605,1
672,36507847,618,1
673,36507935,595,1
674,36508034,570,1
675,36508120,561,1
676,36508215,562,1
677,36508301,552,1
678,36508382,563,1
679,36508463,572,1
680,36508544,570,1
681,36508639,572,1
682,36508730,583,1
683,36508819,575,1
684,36508910,581,0
685,36509003,592,0
686,36509102,597,0
687,36509188,586,0
688,36509269,604,0
689,36509356,598,0
690,36509452,590,0
691,36509547,606,0
692,36509633,605,0
693,36509731,595,0
694,36509830,621,0
695,36509915,611,0
696,36509999,596,0
697,36510093,606,0
698,36510184,617,0
699,36510274,604,0
700,36510369,609,0
701,36510450,619,0
702,36510547,603,0
703,36510639,616,0
704,36510737,623,0
705,36510831,620,0
706,36510927,605,0
707,36511016,624,0
708,36511101,613,0
709,36511184,601,0
710,36511281,608,0
711,36511371,612,0
712,36511459,602,0
713,36511540,617,0
714,36511629,617,0
715,36511723,613,0
716,36511812,613,0
717,36511903,621,0
718,36511993,607,0
719,36512082,611,0
720,36512170,625,0
721,36512252,610,0
722,36512341,604,0
723,36512427,628,0
724,36512511,615,0
725,36512593,607,0
726,36512688,622,0
727,36512771,610,0
728,36512862,607,0
729,36512945,623,0
730,36513042,617,0
731,36513123,606,0
732,36513210,619,0
733,36513306,619,0
734,36513388,612,0
735,36513488,617,0
736,36513581,631,0
737,36513673,606,0
738,36513772,610,0
739,36513857,626,0
740,36513955,609,0
741,36514049,610,0
742,36514142,624,0
743,36514238,612,0
744,36514326,609,0
745,36514408,623,0
746,36514501,622,0
747,36514597,616,0
748,36514684,620,0
749,36514771,615,0
750,36514867,605,0
751,36514965,616,0
752,36515065,621,0
753,36515164,607,0
754,36515255,615,0
755,36515343,623,0
756,36515432,610,0
757,36515530,615,0
758,36515628,623,0
759,36515728,610,0
760,36515820,610,0
761,36515900,626,0
762,36515986,613,0
763,36516073,609,0
764,36516161,623,0
765,36516241,616,0
766,36516324,606,0
767,36516418,620,0
768,36516511,619,0
769,36516599,604,0
770,36516681,615,0
771,36516781,619,0
772,36516864,607,0
773,36516957,614,0
774,36517050,626,0
775,36517130,607,0
776,36517220,615,0
777,36517306,622,0
778,36517397,610,0
779,36517494,611,0
780,36517581,626,0
781,36517665,610,0
782,36517765,606,0
783,36517863,623,0
784,36517960,619,0
785,36518040,605,0
786,36518130,624,0
787,36518212,617,0
788,36518297,605,0
789,36518390,617,0
790,36518483,618,0
791,36518582,604,0
792,36518665,617,0
793,36518753,625,0
794,36518848,608,0
795,36518935,612,0
796,36519015,623,0
797,36519103,609,0
798,36519189,610,0
799,36519273,621,0
800,36519368,611,0
801,36519450,607,0
802,36519542,622,0
803,36519641,616,0
804,36519733,599,0
805,36519822,622,0
806,36519910,617,0
807,36520002,607,0
808,36520084,615,0
809,36520177,620,0
810,36520257,609,0
811,36520357,612,0
812,36520457,622,0
813,36520541,611,0
814,36520634,612,0
815,36520723,625,0
816,36520814,611,0
817,36520897,606,0
818,36520977,626,0
819,36521062,615,0
820,36521152,605,0
821,36521247,621,0
822,36521331,617,0
823,36521418,606,0
824,36521518,618,0
825,36521608,622,0
826,36521692,609,0
827,36521772,615,0
828,36521868,620,0
829,36521959,607,0
830,36522042,618,0
831,36522130,626,0
832,36522223,607,0
833,36522314,611,0
834,36522399,620,0
835,36522480,611,0
836,36522568,609,0
837,36522653,622,0
838,36522746,615,0
839,36522840,604,0
840,36522933,620,0
841,36523021,617,0
842,36523102,607,0
843,36523191,617,0
844,36523278,618,0
845,36523378,606,0
846,36523470,621,0
847,36523569,621,0
848,36523665,604,0
849,36523759,613,0
850,36523852,623,0
851,36523937,607,0
852,36524031,610,0
853,36524112,623,0
854,36524193,606,0
855,36524281,610,0
856,36524381,625,0
857,36524474,616,0
858,36524566,605,0
859,36524658,622,0
860,36524751,625,0
861,36524839,602,0
862,36524923,617,0
863,36525011,618,0
864,36525106,610,0
865,36525186,611,0
866,36525275,611,0
867,36525369,610,0
868,36525451,613,0
869,36525533,623,0
870,36525632,613,0
871,36525732,616,0
872,36525829,620,0
873,36525928,612,0
874,36526011,608,0
875,36526094,618,0
876,36526181,614,0
877,36526278,605,0
878,36526373,621,0
879,36526458,618,0
880,36526545,605,0
881,36526644,617,0
882,36526733,620,0
883,36526817,603,0
884,36526909,614,0
885,36526995,624,0
886,36527091,605,0
887,36527190,616,0
888,36527281,622,0
889,36527361,616,0
890,36527444,622,0
891,36527543,622,0
892,36527630,616,0
893,36527718,610,0
894,36527806,619,0
895,36527904,617,0
896,36528000,605,0
897,36528094,617,0
898,36528187,623,0
899,36528283,611,0
