0,36447261,437,0
1,36447348,435,0
2,36447430,456,0
3,36447515,445,0
4,36447612,445,0
5,36447693,494,0
6,36447784,479,0
7,36447881,562,0
8,36447974,569,0
9,36448073,523,0
10,36448169,537,0
11,36448263,549,0
12,36448357,417,0
13,36448439,449,0
14,36448535,545,0
15,36448621,460,0
16,36448705,468,0
17,36448792,562,0
18,36448886,499,0
19,36448974,441,0
20,36449073,535,0
21,36449172,523,0
22,36449260,434,0
23,36449360,549,0
24,36449459,543,0
25,36449543,452,0
26,36449627,498,0
27,36449727,561,0
28,36449823,475,0
29,36449923,477,0
30,36450020,560,0
31,36450113,499,0
32,36450201,459,0
33,36450291,549,0
34,36450386,527,0
35,36450467,449,0
36,36450566,530,0
37,36450662,546,0
38,36450745,456,0
39,36450839,504,0
40,36450928,562,0
41,36451025,470,0
42,36451109,479,0
43,36451201,565,0
44,36451291,493,0
45,36451375,459,0
46,36451457,551,0
47,36451541,515,0
48,36451623,475,0
49,36451722,559,0
50,36451811,495,0
51,36451900,458,0
52,36451987,548,0
53,36452078,522,0
54,36452161,445,0
55,36452242,518,0
56,36452324,525,0
57,36452419,433,0
58,36452504,483,0
59,36452601,455,0
60,36452685,439,0
61,36452770,451,0
62,36452869,526,0
63,36452951,448,0
64,36453048,417,0
65,36453146,504,0
66,36453245,458,0
67,36453330,390,1
68,36453421,474,1
69,36453510,474,1
70,36453595,392,1
71,36453675,408,1
72,36453769,522,1
73,36453868,443,1
74,36453962,482,1
75,36454045,539,1
76,36454140,441,1
77,36454220,418,1
78,36454314,492,1
79,36454396,423,1
80,36454485,362,1
81,36454569,461,1
82,36454650,462,1
83,36454746,407,1
84,36454828,494,1
85,36454925,533,1
86,36455009,437,1
87,36455100,480,1
88,36455189,548,1
89,36455273,457,1
90,36455370,465,1
91,36455467,551,1
92,36455557,486,1
93,36455646,448,1
94,36455746,546,1
95,36455830,463,1
96,36455917,444,1
97,36456013,528,1
98,36456112,537,1
99,36456192,446,1
100,36456284,502,1
101,36456382,551,1
102,36456467,454,1
103,36456555,476,1
104,36456639,558,1
105,36456727,479,1
106,36456809,456,1
107,36456900,498,1
108,36456992,503,1
109,36457086,447,1
110,36457171,532,1
111,36457269,527,1
112,36457368,442,1
113,36457466,508,1
114,36457561,545,1
115,36457651,452,1
116,36457731,486,1
117,36457820,555,1
118,36457910,468,1
119,36457998,533,1
120,36458090,555,1
121,36458179,495,1
122,36458274,445,1
123,36458366,541,1
124,36458463,520,1
125,36458545,440,1
126,36458627,519,1
127,36458707,542,1
128,36458800,445,1
129,36458900,491,1
130,36458991,551,1
131,36459077,552,1
132,36459169,464,1
133,36459263,555,1
134,36459347,486,1
135,36459433,453,1
136,36459523,542,1
137,36459617,509,1
138,36459699,439,1
139,36459794,522,1
140,36459888,536,1
141,36459983,444,1
142,36460077,500,1
143,36460177,550,1
144,36460270,461,1
145,36460367,474,1
146,36460459,553,1
147,36460555,477,1
148,36460649,457,1
149,36460741,545,1
150,36460821,504,1
151,36460908,446,1
152,36461003,533,1
153,36461087,528,1
154,36461178,525,1
155,36461273,499,1
156,36461365,546,1
157,36461454,452,1
158,36461541,483,1
159,36461621,555,1
160,36461709,471,1
161,36461807,459,1
162,36461904,549,1
163,36462002,497,1
164,36462083,443,1
165,36462177,539,1
166,36462269,489,1
167,36462359,440,1
168,36462449,515,1
169,36462535,545,1
170,36462632,447,1
171,36462724,490,1
172,36462819,551,1
173,36462901,464,1
174,36462994,466,1
175,36463091,554,1
176,36463184,490,1
177,36463279,451,1
178,36463378,459,1
179,36463475,515,1
180,36463570,443,1
181,36463668,523,1
182,36463755,536,1
183,36463846,442,1
184,36463938,494,1
185,36464023,551,1
186,36464112,460,1
187,36464212,470,1
188,36464299,554,1
189,36464379,480,1
190,36464465,440,1
191,36464545,549,1
192,36464625,506,1
193,36464716,441,1
194,36464814,527,1
195,36464896,532,1
196,36464979,444,1
197,36465060,507,1
198,36465147,549,1
199,36465241,454,1
200,36465326,481,1
201,36465419,553,1
202,36465500,447,1
203,36465589,460,1
204,36465681,553,1
205,36465773,498,1
206,36465853,446,1
207,36465951,537,1
208,36466037,528,1
209,36466135,438,1
210,36466218,513,1
211,36466304,545,1
212,36466395,447,1
213,36466494,487,1
214,36466589,479,1
215,36466688,469,1
216,36466776,465,1
217,36466870,554,1
218,36466965,490,1
219,36467057,447,1
220,36467141,543,1
221,36467233,512,1
222,36467320,441,1
223,36467417,524,1
224,36467499,535,1
225,36467584,443,1
226,36467678,512,1
227,36467776,550,1
228,36467876,458,1
229,36467964,472,1
230,36468060,556,1
231,36468154,481,1
232,36468242,454,1
233,36468333,546,1
234,36468424,502,1
235,36468522,444,1
236,36468614,531,1
237,36468711,529,1
238,36468798,544,1
239,36468896,511,1
240,36468990,548,1
241,36469077,449,1
242,36469158,482,1
243,36469251,552,1
244,36469331,467,1
245,36469417,461,1
246,36469498,550,1
247,36469585,489,1
248,36469671,443,1
249,36469753,538,1
250,36469851,553,1
251,36469933,436,1
252,36470023,514,1
253,36470117,537,1
254,36470199,445,1
255,36470292,491,1
256,36470392,549,1
257,36470475,455,1
258,36470575,463,1
259,36470664,547,1
260,36470747,474,1
261,36470843,438,1
262,36470939,525,1
263,36471019,497,1
264,36471116,432,1
265,36471196,515,1
266,36471277,515,1
267,36471370,427,1
268,36471457,494,1
269,36471554,534,1
270,36471642,438,1
271,36471737,469,1
272,36471834,547,1
273,36471920,461,1
274,36472010,497,1
275,36472093,551,1
276,36472189,503,1
277,36472287,456,1
278,36472367,557,1
279,36472454,543,1
280,36472551,475,1
281,36472638,559,1
282,36472725,592,1
283,36472819,506,1
284,36472912,557,1
285,36473010,617,1
286,36473094,526,1
287,36473187,531,1
288,36473278,607,1
289,36473359,528,1
290,36473455,487,1
291,36473536,572,1
292,36473625,523,1
293,36473716,447,1
294,36473801,525,1
295,36473892,511,1
296,36473985,423,1
297,36474081,418,1
298,36474164,533,1
299,36474251,446,1
300,36474344,486,1
301,36474433,567,1
302,36474518,487,1
303,36474608,486,1
304,36474694,577,1
305,36474782,517,1
306,36474874,472,1
307,36474970,570,1
308,36475059,546,1
309,36475140,477,1
310,36475234,547,0
311,36475330,566,0
312,36475417,470,0
313,36475514,523,0
314,36475608,570,0
315,36475694,480,0
316,36475778,492,0
317,36475859,571,0
318,36475950,494,0
319,36476045,466,0
320,36476131,560,0
321,36476220,497,0
322,36476311,455,0
323,36476393,545,0
324,36476480,535,0
325,36476565,451,0
326,36476660,522,0
327,36476754,554,0
328,36476835,462,0
329,36476922,496,0
330,36477012,563,0
331,36477094,472,0
332,36477188,474,0
333,36477278,538,0
334,36477363,496,0
335,36477443,458,0
336,36477523,551,0
337,36477621,519,0
338,36477702,452,0
339,36477787,535,0
340,36477883,544,0
341,36477969,452,0
342,36478063,515,0
343,36478161,555,0
344,36478259,461,0
345,36478357,562,0
346,36478438,565,0
347,36478527,480,0
348,36478617,469,0
349,36478717,560,0
350,36478802,500,0
351,36478882,456,0
352,36478971,551,0
353,36479058,522,0
354,36479150,452,0
355,36479246,531,0
356,36479336,541,0
357,36479430,551,0
358,36479527,509,0
359,36479625,558,0
360,36479725,460,0
361,36479824,489,0
362,36479909,564,0
363,36479989,482,0
364,36480084,468,0
365,36480164,559,0
366,36480246,507,0
367,36480343,455,0
368,36480434,550,0
369,36480529,510,0
370,36480614,449,0
371,36480710,529,0
372,36480795,542,0
373,36480876,452,0
374,36480971,509,0
375,36481053,557,0
376,36481152,466,0
377,36481249,483,0
378,36481343,566,0
379,36481434,483,0
380,36481526,468,0
381,36481621,466,0
382,36481717,507,0
383,36481812,454,0
384,36481898,545,0
385,36481987,529,0
386,36482081,449,0
387,36482163,526,0
388,36482244,546,0
389,36482324,453,0
390,36482418,507,0
391,36482501,557,0
392,36482589,465,0
393,36482680,448,0
394,36482774,563,0
395,36482867,482,0
396,36482967,464,0
397,36483047,557,0
398,36483143,506,0
399,36483226,452,0
400,36483326,544,0
401,36483421,529,0
402,36483517,447,0
403,36483598,527,0
404,36483698,543,0
405,36483795,556,0
406,36483884,507,0
407,36483968,558,0
408,36484048,461,0
409,36484136,487,0
410,36484231,561,0
411,36484314,480,0
412,36484409,466,0
413,36484491,561,0
414,36484582,501,0
415,36484676,460,0
416,36484766,548,0
417,36484865,508,0
418,36484952,452,0
419,36485032,530,0
420,36485112,542,0
421,36485196,452,0
422,36485294,510,0
423,36485375,556,0
424,36485467,460,0
425,36485558,489,0
426,36485654,563,0
427,36485734,477,0
428,36485819,472,0
429,36485899,460,0
430,36485988,496,0
