0,36447261,-72,0
1,36447360,-78,0
2,36447460,-64,0
3,36447549,-66,0
4,36447636,-76,0
5,36447723,-67,0
6,36447814,-61,0
7,36447897,-78,0
8,36447977,-65,0
9,36448069,-57,0
10,36448160,-73,0
11,36448257,-68,0
12,36448345,-57,0
13,36448426,-68,0
14,36448509,-71,0
15,36448594,-59,0
16,36448675,-71,0
17,36448763,-73,0
18,36448857,-63,0
19,36448947,-61,0
20,36449027,-74,0
21,36449112,-64,0
22,36449198,-52,0
23,36449296,-69,0
24,36449381,-71,0
25,36449461,-55,0
26,36449555,-65,0
27,36449645,-73,0
28,36449735,-64,0
29,36449834,-63,0
30,36449915,-73,0
31,36450001,-61,0
32,36450092,-59,0
33,36450184,-71,0
34,36450279,-64,0
35,36450377,-57,0
36,36450459,-71,0
37,36450544,-68,0
38,36450626,-55,0
39,36450709,-65,0
40,36450789,-58,0
41,36450880,-58,0
42,36450969,-63,0
43,36451069,-74,0
44,36451159,-59,0
45,36451259,-62,0
46,36451348,-75,0
47,36451437,-62,0
48,36451520,-58,0
49,36451600,-71,0
50,36451693,-66,0
51,36451793,-56,0
52,36451874,-58,0
53,36451974,-69,0
54,36452060,-53,0
55,36452147,-64,0
56,36452227,-72,0
57,36452315,-58,0
58,36452407,-59,0
59,36452501,-73,0
60,36452600,-64,0
61,36452699,-59,0
62,36452797,-72,0
63,36452887,-67,0
64,36452972,-57,0
65,36453066,-70,0
66,36453154,-71,0
67,36453246,-55,0
68,36453339,-71,0
69,36453431,-76,0
70,36453527,-60,0
71,36453609,-65,0
72,36453695,-76,0
73,36453781,-66,0
74,36453869,-65,0
75,36453967,-63,0
76,36454061,-72,0
77,36454149,-65,0
78,36454232,-75,0
79,36454332,-75,0
80,36454419,-62,0
81,36454512,-72,0
82,36454601,-79,0
83,36454694,-65,0
84,36454782,-72,0
85,36454878,-80,0
86,36454972,-72,0
87,36455058,-72,0
88,36455156,-85,0
89,36455256,-77,0
90,36455347,-71,0
91,36455428,-88,0
92,36455509,-83,0
93,36455599,-75,0
94,36455679,-89,0
95,36455771,-89,0
96,36455862,-81,0
97,36455954,-82,0
98,36456037,-95,0
99,36456129,-89,0
100,36456218,-77,0
101,36456308,-89,0
102,36456396,-77,0
103,36456479,-69,0
104,36456579,-78,0
105,36456667,-70,0
106,36456749,-54,0
107,36456844,-59,0
108,36456942,-62,0
109,36457035,-41,0
110,36457128,-44,0
111,36457219,-48,0
112,36457311,-30,0
113,36457410,-30,0
114,36457502,-45,0
115,36457595,-29,0
116,36457679,-25,0
117,36457760,-37,0
118,36457847,-38,0
119,36457935,-32,0
120,36458019,-46,0
121,36458110,-55,0
122,36458191,-49,0
123,36458271,-70,0
124,36458371,-77,0
125,36458469,-68,0
126,36458560,-76,0
127,36458644,-95,1
128,36458735,-83,1
129,36458831,-80,1
130,36458921,-98,1
131,36459005,-92,1
132,36459101,-79,1
133,36459190,-92,1
134,36459289,-94,1
135,36459382,-88,1
136,36459480,-84,1
137,36459574,-90,1
138,36459672,-76,1
139,36459768,-81,1
140,36459848,-95,1
141,36459931,-86,1
142,36460031,-78,1
143,36460130,-99,1
144,36460212,-96,1
145,36460296,-85,1
146,36460381,-100,1
147,36460461,-99,1
148,36460552,-95,1
149,36460651,-99,1
150,36460743,-112,1
151,36460835,-101,1
152,36460921,-107,1
153,36461002,-114,1
154,36461087,-106,1
155,36461173,-102,1
156,36461271,-120,1
157,36461361,-113,1
158,36461451,-106,1
159,36461547,-110,1
160,36461647,-117,1
161,36461745,-103,1
162,36461840,-112,1
163,36461926,-118,1
164,36462006,-104,1
165,36462106,-111,1
166,36462199,-122,1
167,36462290,-105,1
168,36462374,-108,1
169,36462458,-118,1
170,36462551,-108,1
171,36462642,-105,1
172,36462724,-120,1
173,36462820,-114,1
174,36462900,-102,1
175,36462985,-117,1
176,36463080,-116,1
177,36463160,-105,1
178,36463246,-112,1
179,36463335,-119,1
180,36463427,-109,1
181,36463507,-107,1
182,36463597,-122,1
183,36463694,-105,1
184,36463791,-103,1
185,36463878,-122,1
186,36463974,-113,1
187,36464072,-106,1
188,36464158,-116,1
189,36464256,-117,1
190,36464351,-106,1
191,36464448,-112,1
192,36464535,-117,1
193,36464633,-107,1
194,36464732,-111,1
195,36464815,-105,1
196,36464915,-110,1
197,36464996,-105,1
198,36465088,-120,1
199,36465179,-112,1
200,36465263,-103,1
201,36465352,-115,1
202,36465442,-115,1
203,36465525,-101,1
204,36465614,-117,1
205,36465695,-114,1
206,36465794,-104,1
207,36465890,-111,1
208,36465981,-118,1
209,36466065,-105,1
210,36466145,-106,1
211,36466229,-123,1
212,36466312,-105,1
213,36466408,-105,1
214,36466494,-119,1
215,36466588,-117,1
216,36466674,-102,1
217,36466765,-115,1
218,36466864,-117,1
219,36466946,-105,1
220,36467035,-113,1
221,36467119,-122,1
222,36467206,-102,1
223,36467303,-109,1
224,36467392,-122,1
225,36467481,-110,1
226,36467580,-106,1
227,36467669,-120,1
228,36467765,-115,1
229,36467850,-104,1
230,36467935,-122,1
231,36468015,-115,1
232,36468101,-102,1
233,36468189,-112,1
234,36468282,-118,1
235,36468370,-104,1
236,36468450,-105,1
237,36468533,-119,1
238,36468626,-106,1
239,36468724,-106,1
240,36468808,-120,1
241,36468900,-110,1
242,36468982,-121,1
243,36469079,-120,1
244,36469172,-113,1
245,36469263,-102,1
246,36469344,-113,1
247,36469427,-119,1
248,36469513,-103,1
249,36469594,-113,1
250,36469688,-120,1
251,36469768,-108,1
252,36469853,-107,1
253,36469949,-125,1
254,36470035,-118,1
255,36470117,-107,1
256,36470216,-117,1
257,36470315,-117,1
258,36470410,-104,1
259,36470502,-114,1
260,36470587,-116,1
261,36470667,-104,1
262,36470760,-111,1
263,36470843,-119,1
264,36470928,-102,1
265,36471017,-109,1
266,36471105,-111,1
267,36471193,-106,1
268,36471277,-103,1
269,36471358,-117,1
270,36471440,-117,1
271,36471539,-100,1
272,36471622,-124,1
273,36471719,-124,1
274,36471809,-113,1
275,36471894,-119,1
276,36471988,-127,1
277,36472084,-112,1
278,36472174,-110,1
279,36472262,-128,1
280,36472356,-113,1
281,36472439,-112,1
282,36472539,-128,1
283,36472622,-118,1
284,36472706,-114,1
285,36472802,-125,1
286,36472894,-122,1
287,36472988,-110,1
288,36473086,-323,1
289,36473185,-213,1
290,36473271,-166,1
291,36473368,-159,1
292,36473448,-182,1
293,36473536,-160,1
294,36473628,-149,1
295,36473713,-170,1
296,36473796,-158,1
297,36473883,-145,1
298,36473978,-143,1
299,36474075,-122,1
300,36474174,-102,1
301,36474272,-113,1
302,36474365,-96,1
303,36474448,-98,1
304,36474539,-85,1
305,36474628,-100,1
306,36474718,-91,1
307,36474801,-100,1
308,36474891,-112,1
309,36474974,-96,1
310,36475074,-98,1
311,36475165,-113,1
312,36475255,-100,1
313,36475351,-92,1
314,36475443,-104,1
315,36475524,-105,1
316,36475605,-91,1
317,36475696,-111,1
318,36475790,-109,1
319,36475885,-96,1
320,36475981,-105,1
321,36476071,-112,1
322,36476157,-99,1
323,36476244,-101,1
324,36476334,-113,1
325,36476422,-102,1
326,36476520,-105,1
327,36476603,-112,1
328,36476694,-104,1
329,36476790,-95,1
330,36476880,-113,1
331,36476975,-110,1
332,36477068,-96,1
333,36477162,-104,1
334,36477244,-115,1
335,36477327,-96,1
336,36477424,-104,1
337,36477523,-114,1
338,36477611,-99,1
339,36477710,-101,1
340,36477807,-114,1
341,36477887,-101,1
342,36477987,-102,1
343,36478081,-119,1
344,36478180,-106,1
345,36478279,-97,1
346,36478369,-114,1
347,36478451,-114,1
348,36478537,-99,1
349,36478634,-108,1
350,36478714,-96,1
351,36478813,-98,1
352,36478904,-109,1
353,36478988,-118,1
354,36479076,-106,1
355,36479156,-102,1
356,36479242,-115,1
357,36479337,-104,1
358,36479420,-97,1
359,36479515,-115,1
360,36479603,-109,1
361,36479699,-99,1
362,36479782,-103,1
363,36479878,-114,1
364,36479960,-100,1
365,36480044,-109,1
366,36480137,-116,1
367,36480218,-100,1
368,36480302,-109,1
369,36480397,-117,1
370,36480484,-102,1
371,36480582,-103,1
372,36480671,-116,1
373,36480753,-102,1
374,36480839,-111,1
375,36480929,-116,1
376,36481015,-112,1
377,36481115,-99,1
378,36481209,-117,1
379,36481304,-116,1
380,36481396,-108,1
381,36481491,-112,1
382,36481571,-117,1
383,36481665,-106,1
384,36481755,-110,1
385,36481838,-123,1
386,36481919,-120,1
387,36481999,-109,1
388,36482093,-124,1
389,36482180,-111,1
390,36482273,-106,1
391,36482356,-120,1
392,36482436,-113,1
393,36482530,-103,1
394,36482623,-118,1
395,36482707,-120,1
396,36482801,-103,1
397,36482893,-116,1
398,36482973,-115,1
399,36483055,-103,1
400,36483155,-105,1
401,36483245,-118,1
402,36483327,-98,1
403,36483420,-96,1
404,36483512,-111,1
405,36483597,-99,1
406,36483681,-92,1
407,36483771,-107,1
408,36483870,-99,1
409,36483958,-87,1
410,36484042,-91,1
411,36484123,-98,1
412,36484219,-84,1
413,36484312,-93,1
414,36484396,-93,1
415,36484477,-77,1
416,36484569,-86,1
417,36484668,-96,1
418,36484760,-81,1
419,36484856,-81,1
420,36484947,-95,1
421,36485035,-83,1
422,36485122,-78,1
423,36485220,-96,1
424,36485303,-89,1
425,36485390,-81,1
426,36485479,-95,1
427,36485559,-97,1
428,36485647,-86,1
429,36485728,-95,1
430,36485814,-102,1
431,36485900,-89,1
432,36485993,-92,1
433,36486082,-89,1
434,36486174,-66,1
435,36486265,-65,1
436,36486365,-65,1
437,36486458,-44,1
438,36486551,-30,1
439,36486643,-44,1
440,36486737,-33,1
441,36486818,-25,1
442,36486901,-42,0
443,36486986,-56,0
444,36487083,-52,0
445,36487183,-75,0
446,36487269,-78,0
447,36487369,-73,0
448,36487461,-87,0
449,36487551,-94,0
450,36487643,-70,0
451,36487731,-72,0
452,36487829,-79,0
453,36487915,-65,0
454,36488011,-55,0
455,36488092,-64,0
456,36488174,-52,0
457,36488274,-37,0
458,36488358,-50,0
459,36488446,-44,0
460,36488545,-30,0
461,36488638,-43,0
462,36488729,-44,0
463,36488811,-29,0
464,36488908,-39,0
465,36488990,-49,0
466,36489073,-29,0
467,36489170,-39,0
468,36489268,-46,0
469,36489361,-33,0
470,36489456,-45,0
471,36489552,-49,0
472,36489652,-37,0
473,36489741,-32,0
474,36489830,-47,0
475,36489924,-39,0
476,36490007,-31,0
477,36490103,-43,0
478,36490193,-44,0
479,36490289,-33,0
480,36490378,-44,0
481,36490462,-49,0
482,36490543,-41,0
483,36490639,-41,0
484,36490729,-46,0
485,36490822,-37,0
486,36490908,-37,0
487,36490996,-50,0
488,36491089,-37,0
489,36491188,-36,0
490,36491282,-49,0
491,36491372,-41,0
492,36491457,-34,0
493,36491545,-49,0
494,36491629,-32,0
495,36491711,-32,0
496,36491798,-46,0
497,36491880,-45,0
498,36491979,-33,0
499,36492078,-41,0
500,36492159,-48,0
501,36492250,-35,0
502,36492350,-38,0
503,36492441,-51,0
504,36492525,-36,0
505,36492618,-37,0
506,36492706,-30,0
507,36492798,-37,0
508,36492895,-36,0
509,36492985,-48,0
510,36493080,-41,0
511,36493170,-34,0
512,36493261,-47,0
513,36493347,-43,0
514,36493434,-32,0
515,36493518,-46,0
516,36493617,-50,0
517,36493707,-32,0
518,36493796,-47,0
519,36493882,-47,0
520,36493966,-32,0
521,36494052,-43,0
522,36494151,-50,0
523,36494235,-37,0
