0,36447261,387,0
1,36447351,386,0
2,36447443,406,0
3,36447530,394,0
4,36447614,395,0
5,36447697,443,0
6,36447783,430,0
7,36447864,512,0
8,36447946,518,0
9,36448035,472,0
10,36448129,486,0
11,36448224,499,0
12,36448320,366,0
13,36448405,400,0
14,36448487,495,0
15,36448571,410,0
16,36448652,418,0
17,36448741,512,0
18,36448832,448,0
19,36448925,389,0
20,36449006,485,0
21,36449096,473,0
22,36449193,382,0
23,36449273,499,0
24,36449365,493,0
25,36449448,400,0
26,36449532,448,0
27,36449613,511,0
28,36449696,425,0
29,36449779,426,0
30,36449872,512,0
31,36449952,449,0
32,36450035,407,0
33,36450121,499,0
34,36450201,475,0
35,36450293,399,0
36,36450390,479,0
37,36450482,496,0
38,36450570,405,0
39,36450652,454,0
40,36450750,511,0
41,36450835,419,0
42,36450920,429,0
43,36451013,515,0
44,36451097,443,0
45,36451181,408,0
46,36451280,501,0
47,36451366,465,0
48,36451449,424,0
49,36451548,509,0
50,36451630,446,0
51,36451715,408,0
52,36451799,499,0
53,36451897,473,0
54,36451982,400,0
55,36452070,479,0
56,36452158,491,0
57,36452244,401,0
58,36452342,453,0
59,36452438,428,0
60,36452524,415,0
61,36452604,430,0
62,36452703,512,0
63,36452799,438,0
64,36452886,409,0
65,36452966,503,0
66,36453060,464,0
67,36453140,402,0
68,36453236,489,0
69,36453334,485,0
70,36453416,400,0
71,36453512,403,0
72,36453606,508,0
73,36453687,407,0
74,36453787,438,0
75,36453876,511,0
76,36453971,427,0
77,36454057,418,0
78,36454138,509,0
79,36454234,454,0
80,36454325,402,0
81,36454407,495,0
82,36454495,476,0
83,36454594,401,0
84,36454686,473,0
85,36454775,501,0
86,36454870,405,0
87,36454969,448,0
88,36455050,512,0
89,36455145,421,0
90,36455229,425,0
91,36455325,510,0
92,36455412,444,0
93,36455495,406,0
94,36455593,502,0
95,36455692,422,0
96,36455777,400,0
97,36455868,485,0
98,36455965,494,0
99,36456053,404,0
100,36456153,460,0
101,36456252,508,0
102,36456346,410,0
103,36456434,432,0
104,36456527,516,0
105,36456625,436,0
106,36456713,412,0
107,36456793,455,0
108,36456887,462,0
109,36456968,405,0
110,36457051,489,0
111,36457140,483,0
112,36457230,399,0
113,36457330,466,0
114,36457426,503,0
115,36457510,408,0
116,36457594,442,0
117,36457689,512,0
118,36457770,426,0
119,36457850,490,0
120,36457939,511,0
121,36458029,452,0
122,36458117,403,0
123,36458217,497,0
124,36458303,477,0
125,36458397,398,0
126,36458492,476,0
127,36458589,498,0
128,36458689,403,0
129,36458780,448,0
130,36458870,509,0
131,36458966,508,0
132,36459059,422,0
133,36459154,512,0
134,36459240,444,0
135,36459329,410,0
136,36459412,501,0
137,36459506,467,0
138,36459591,396,0
139,36459678,479,0
140,36459773,493,0
141,36459868,400,0
142,36459952,458,0
143,36460046,507,0
144,36460135,418,0
145,36460215,432,0
146,36460306,509,0
147,36460404,430,0
148,36460495,410,0
149,36460584,498,0
150,36460681,458,0
151,36460768,398,0
152,36460854,484,0
153,36460948,478,0
154,36461029,475,0
155,36461118,449,0
156,36461205,493,0
157,36461285,399,0
158,36461384,428,1
159,36461481,497,1
160,36461572,412,1
161,36461668,400,1
162,36461763,486,1
163,36461852,431,1
164,36461940,376,1
165,36462030,468,1
166,36462111,417,1
167,36462203,369,1
168,36462303,445,1
169,36462391,477,1
170,36462474,388,1
171,36462564,452,1
172,36462660,525,1
173,36462759,445,1
174,36462847,454,1
175,36462935,551,1
176,36463033,490,1
177,36463116,452,1
178,36463208,457,1
179,36463296,514,1
180,36463393,442,1
181,36463491,519,1
182,36463580,529,1
183,36463666,432,1
184,36463752,482,1
185,36463836,536,1
186,36463933,443,1
187,36464013,450,1
188,36464101,526,1
189,36464186,452,1
190,36464280,410,1
191,36464366,510,1
192,36464466,466,1
193,36464555,400,1
194,36464655,487,1
195,36464752,493,1
196,36464837,404,1
197,36464917,471,1
198,36464997,515,1
199,36465078,421,1
200,36465161,451,1
201,36465248,526,1
202,36465330,421,1
203,36465426,439,1
204,36465513,536,1
205,36465599,485,1
206,36465682,433,1
207,36465778,526,1
208,36465874,518,1
209,36465955,430,1
210,36466041,505,1
211,36466141,540,1
212,36466239,442,1
213,36466326,481,1
214,36466411,476,1
215,36466502,464,1
216,36466583,464,1
217,36466683,549,1
218,36466773,484,1
219,36466870,442,1
220,36466969,539,1
221,36467053,507,1
222,36467144,437,1
223,36467225,519,1
224,36467313,530,1
225,36467411,439,1
226,36467511,508,1
227,36467599,546,1
228,36467689,452,1
229,36467778,468,1
230,36467867,552,1
231,36467965,477,1
232,36468056,451,1
233,36468147,542,1
234,36468239,498,1
235,36468322,440,1
236,36468418,527,1
237,36468511,527,1
238,36468602,540,1
239,36468693,506,1
240,36468789,544,1
241,36468884,446,1
242,36468973,478,1
243,36469063,550,1
244,36469154,467,1
245,36469242,460,1
246,36469338,550,1
247,36469435,488,1
248,36469526,444,1
249,36469617,536,1
250,36469709,551,1
251,36469799,435,1
252,36469897,514,1
253,36469988,538,1
254,36470070,445,1
255,36470153,491,1
256,36470248,551,1
257,36470332,458,1
258,36470426,465,1
259,36470510,551,1
260,36470592,479,1
261,36470688,445,1
262,36470779,532,1
263,36470871,504,1
264,36470962,439,1
265,36471044,526,1
266,36471125,526,1
267,36471210,439,1
268,36471303,505,1
269,36471386,544,1
270,36471466,448,1
271,36471557,479,1
272,36471647,553,1
273,36471737,465,1
274,36471831,496,1
275,36471926,547,1
276,36472011,494,1
277,36472110,442,1
278,36472207,537,1
279,36472297,517,1
280,36472378,439,1
281,36472475,516,1
282,36472560,538,1
283,36472653,444,1
284,36472741,489,1
285,36472824,548,1
286,36472904,457,1
287,36473003,466,1
288,36473093,550,1
289,36473193,480,1
290,36473283,447,1
291,36473373,542,1
292,36473472,502,1
293,36473572,438,1
294,36473669,527,1
295,36473761,523,1
296,36473846,439,1
297,36473938,436,1
298,36474029,547,1
299,36474116,452,1
300,36474205,481,1
301,36474294,553,1
302,36474387,466,1
303,36474472,459,1
304,36474572,550,1
305,36474660,491,1
306,36474760,444,1
307,36474849,541,1
308,36474942,515,1
309,36475033,448,1
310,36475118,517,1
311,36475207,539,1
312,36475305,444,1
313,36475387,498,1
314,36475475,548,1
315,36475555,459,1
316,36475645,471,1
317,36475739,554,1
318,36475834,479,1
319,36475924,453,1
320,36476004,546,1
321,36476100,483,1
322,36476184,442,1
323,36476270,535,1
324,36476359,524,1
325,36476441,441,1
326,36476521,513,1
327,36476618,545,1
328,36476713,453,1
329,36476805,486,1
330,36476903,554,1
331,36476994,463,1
332,36477090,465,1
333,36477178,518,1
334,36477260,474,1
335,36477346,433,1
336,36477444,526,1
337,36477530,492,1
338,36477625,423,1
339,36477706,507,1
340,36477790,512,1
341,36477876,421,1
342,36477969,482,1
343,36478056,522,1
344,36478139,427,1
345,36478224,528,1
346,36478305,526,1
347,36478388,441,1
348,36478470,432,1
349,36478559,521,1
350,36478642,460,1
351,36478739,415,1
352,36478839,510,1
353,36478929,481,1
354,36479023,407,1
355,36479109,486,1
356,36479209,497,1
357,36479295,503,1
358,36479375,460,1
359,36479455,509,1
360,36479537,413,1
361,36479620,441,1
362,36479713,514,1
363,36479802,434,1
364,36479889,420,1
365,36479969,514,1
366,36480050,461,1
367,36480132,409,1
368,36480216,508,1
369,36480305,472,1
370,36480394,410,1
371,36480488,494,1
372,36480580,507,1
373,36480661,416,1
374,36480757,472,1
375,36480853,524,1
376,36480953,434,1
377,36481048,451,1
378,36481141,534,1
379,36481223,452,1
380,36481305,437,1
381,36481403,435,1
382,36481497,480,1
383,36481578,430,1
384,36481670,522,1
385,36481768,508,1
386,36481861,426,1
387,36481959,504,1
388,36482044,525,1
389,36482133,432,1
390,36482219,489,1
391,36482300,540,1
392,36482399,445,1
393,36482482,430,1
394,36482563,547,1
395,36482652,469,1
396,36482743,450,1
397,36482823,545,1
398,36482923,496,1
399,36483014,443,1
400,36483105,538,1
401,36483205,521,1
402,36483287,444,1
403,36483384,523,1
404,36483471,542,1
405,36483568,557,1
406,36483656,505,1
407,36483746,555,1
408,36483846,458,1
409,36483928,482,1
410,36484016,554,1
411,36484109,470,1
412,36484189,454,1
413,36484271,546,1
414,36484369,482,1
415,36484458,437,1
416,36484558,519,1
417,36484657,477,1
418,36484747,415,1
419,36484841,493,1
420,36484933,498,1
421,36485027,395,1
422,36485108,448,1
423,36485191,493,1
424,36485286,395,1
425,36485376,421,1
426,36485462,494,1
427,36485547,403,1
428,36485644,397,1
429,36485740,385,1
430,36485832,421,1
431,36485912,381,1
432,36486011,478,1
433,36486100,442,1
434,36486190,372,1
435,36486274,463,0
436,36486354,458,0
437,36486452,377,0
438,36486551,443,0
439,36486640,479,0
440,36486726,385,0
441,36486816,380,0
442,36486915,489,0
443,36487002,401,0
444,36487097,409,0
445,36487180,494,0
446,36487265,421,0
447,36487362,398,0
448,36487447,493,0
449,36487538,446,0
450,36487632,387,0
451,36487714,481,0
452,36487802,463,0
453,36487891,430,0
454,36487986,466,0
455,36488084,483,0
456,36488165,391,0
457,36488260,451,0
458,36488358,497,0
459,36488451,408,0
460,36488534,430,0
461,36488629,505,0
462,36488709,420,0
463,36488799,410,0
464,36488888,501,0
465,36488983,492,0
466,36489077,400,0
467,36489168,498,0
468,36489257,460,0
469,36489353,394,0
470,36489451,483,0
471,36489542,482,0
472,36489631,395,0
473,36489715,465,0
474,36489814,497,0
475,36489896,404,0
476,36489996,442,0
477,36490090,500,0
478,36490179,416,0
479,36490264,426,0
480,36490352,512,0
481,36490436,433,0
482,36490533,412,0
483,36490622,503,0
484,36490704,458,0
485,36490803,400,0
486,36490891,497,0
487,36490981,478,0
488,36491065,397,0
489,36491155,449,0
490,36491250,492,0
491,36491338,400,0
492,36491436,459,0
493,36491519,504,0
494,36491616,411,0
495,36491697,438,0
496,36491796,514,0
497,36491879,425,0
498,36491973,421,0
499,36492067,509,0
500,36492153,446,0
501,36492250,402,0
502,36492346,504,0
503,36492426,466,0
504,36492518,399,0
505,36492614,489,0
506,36492707,484,0
507,36492805,398,0
508,36492905,471,0
509,36492998,501,0
510,36493089,401,0
511,36493184,454,0
512,36493265,509,0
513,36493363,408,0
514,36493454,432,0
515,36493544,513,0
516,36493633,432,0
517,36493722,417,0
518,36493817,511,0
519,36493906,448,0
520,36493988,406,0
521,36494084,501,0
522,36494183,470,0
523,36494273,402,0
524,36494358,488,0
525,36494443,462,0
526,36494532,402,0
527,36494621,469,0
528,36494717,501,0
529,36494798,407,0
530,36494891,450,0
531,36494973,513,0
532,36495062,422,0
533,36495151,431,0
534,36495238,511,0
535,36495318,436,0
536,36495399,415,0
537,36495484,512,0
538,36495582,454,0
539,36495678,401,0
540,36495768,495,0
541,36495867,475,0
542,36495954,399,0
543,36496047,487,0
544,36496139,488,0
545,36496228,401,0
546,36496323,463,0
547,36496418,506,0
548,36496513,409,0
549,36496610,486,0
550,36496710,510,0
551,36496802,422,0
552,36496899,427,0
553,36496988,511,0
554,36497078,439,0
555,36497174,414,0
556,36497261,508,0
557,36497349,457,0
558,36497449,401,0
559,36497531,495,0
560,36497611,474,0
561,36497704,424,0
562,36497788,483,0
563,36497872,492,0
564,36497961,402,0
565,36498042,465,0
566,36498128,502,0
567,36498228,411,0
568,36498309,446,0
569,36498405,510,0
570,36498497,422,0
571,36498593,428,0
572,36498682,514,0
573,36498776,400,0
574,36498856,412,0
575,36498942,507,0
576,36499035,457,0
577,36499116,402,0
578,36499203,497,0
579,36499289,475,0
580,36499369,397,0
581,36499469,479,0
582,36499565,492,0
583,36499648,399,0
584,36499729,459,0
