0,36447261,198,0
1,36447350,229,0
2,36447434,177,0
3,36447527,183,0
4,36447610,229,0
5,36447701,192,0
6,36447796,171,0
7,36447892,222,0
8,36447991,204,0
9,36448076,166,0
10,36448170,215,0
11,36448260,217,0
12,36448346,167,0
13,36448444,201,0
14,36448541,222,0
15,36448631,169,0
16,36448727,222,0
17,36448808,228,0
18,36448907,187,0
19,36448990,168,0
20,36449087,226,0
21,36449179,198,0
22,36449273,167,0
23,36449373,215,0
24,36449454,212,0
25,36449541,167,0
26,36449621,202,0
27,36449703,223,0
28,36449783,204,0
29,36449871,186,0
30,36449961,229,0
31,36450052,183,0
32,36450142,174,0
33,36450223,226,0
34,36450306,198,0
35,36450399,167,0
36,36450488,220,0
37,36450574,210,0
38,36450658,165,0
39,36450741,207,0
40,36450825,185,0
41,36450917,167,0
42,36451007,194,0
43,36451097,229,0
44,36451188,182,0
45,36451273,176,0
46,36451359,227,0
47,36451448,195,0
48,36451528,169,0
49,36451622,223,0
50,36451719,209,0
51,36451817,164,0
52,36451898,169,0
53,36451990,219,0
54,36452076,165,0
55,36452172,194,0
56,36452259,227,0
57,36452359,177,0
58,36452449,180,0
59,36452532,229,0
60,36452627,189,0
61,36452712,172,0
62,36452799,224,0
63,36452897,206,0
64,36452993,167,0
65,36453082,212,0
66,36453180,218,0
67,36453277,171,0
68,36453363,200,0
69,36453444,226,0
70,36453534,174,0
71,36453623,184,0
72,36453723,227,0
73,36453804,187,0
74,36453904,171,0
75,36454001,175,0
76,36454086,202,0
77,36454172,166,0
78,36454270,215,0
79,36454354,211,0
80,36454434,163,0
81,36454526,199,0
82,36454619,226,0
83,36454709,174,0
84,36454806,185,0
85,36454896,230,0
86,36454994,184,0
87,36455087,189,0
88,36455174,225,0
89,36455271,201,0
90,36455363,165,0
91,36455461,216,0
92,36455559,211,0
93,36455645,166,0
94,36455726,202,0
95,36455819,225,0
96,36455905,168,0
97,36455986,189,0
98,36456069,227,0
99,36456166,212,0
100,36456246,177,0
101,36456329,227,0
102,36456418,195,0
103,36456503,167,0
104,36456591,218,0
105,36456681,205,0
106,36456766,165,0
107,36456863,205,0
108,36456951,220,0
109,36457042,166,0
110,36457131,191,0
111,36457224,223,0
112,36457304,174,0
113,36457384,178,0
114,36457476,225,0
115,36457571,192,0
116,36457657,166,0
117,36457756,220,0
118,36457850,206,0
119,36457932,164,0
120,36458018,211,0
121,36458111,217,0
122,36458191,171,0
123,36458280,225,0
124,36458374,224,0
125,36458470,174,0
126,36458561,177,0
127,36458644,229,0
128,36458730,189,0
129,36458813,168,0
130,36458899,222,0
131,36458982,202,0
132,36459079,167,0
133,36459175,212,0
134,36459261,214,0
135,36459360,222,0
136,36459449,198,0
137,36459534,223,0
138,36459625,172,0
139,36459725,182,0
140,36459824,226,0
141,36459921,183,0
142,36460010,172,0
143,36460109,226,0
144,36460200,200,0
145,36460289,164,0
146,36460382,214,0
147,36460478,205,0
148,36460569,163,0
149,36460663,200,0
150,36460754,226,0
151,36460843,174,0
152,36460926,188,0
153,36461020,229,0
154,36461107,180,0
155,36461188,173,0
156,36461271,225,0
157,36461364,195,0
158,36461459,166,0
159,36461556,188,0
160,36461643,210,0
161,36461735,166,0
162,36461823,204,0
163,36461911,222,0
164,36461993,167,0
165,36462081,187,0
166,36462180,226,0
167,36462262,178,0
168,36462359,179,0
169,36462446,228,0
170,36462540,195,0
171,36462636,171,0
172,36462732,220,0
173,36462828,209,0
174,36462925,166,0
175,36463012,211,0
176,36463107,221,0
177,36463188,172,0
178,36463278,200,0
179,36463377,231,0
180,36463462,182,0
181,36463554,188,0
182,36463647,239,0
183,36463747,176,0
184,36463834,183,0
185,36463920,237,0
186,36464014,211,0
187,36464095,180,0
188,36464185,227,0
189,36464267,231,0
190,36464352,181,0
191,36464435,216,0
192,36464516,242,0
193,36464598,187,0
194,36464678,201,0
195,36464773,193,0
196,36464869,205,0
197,36464952,193,0
198,36465040,245,0
199,36465130,219,0
200,36465223,190,0
201,36465303,237,0
202,36465402,231,0
203,36465484,187,0
204,36465569,221,0
205,36465666,243,0
206,36465757,189,0
207,36465846,206,0
208,36465926,233,0
209,36466021,188,0
210,36466114,184,0
211,36466196,224,0
212,36466290,189,0
213,36466375,159,1
214,36466469,205,1
215,36466555,183,1
216,36466635,141,1
217,36466718,178,1
218,36466804,176,1
219,36466901,126,1
220,36466984,153,1
221,36467064,179,1
222,36467145,123,1
223,36467235,129,1
224,36467319,170,1
225,36467413,128,1
226,36467510,114,1
227,36467604,162,1
228,36467697,136,1
229,36467785,101,1
230,36467870,159,1
231,36467970,153,1
232,36468062,99,1
233,36468152,134,1
234,36468248,155,1
235,36468329,108,1
236,36468426,124,1
237,36468515,165,1
238,36468611,123,1
239,36468704,117,1
240,36468800,168,1
241,36468887,134,1
242,36468975,162,1
243,36469056,150,1
244,36469137,134,1
245,36469234,77,1
246,36469329,106,1
247,36469412,107,1
248,36469499,46,1
249,36469586,58,1
250,36469666,88,1
251,36469756,31,1
252,36469839,27,1
253,36469924,68,1
254,36470018,47,1
255,36470107,-12,1
256,36470191,28,1
257,36470282,4,1
258,36470366,-41,1
259,36470447,2,1
260,36470544,11,1
261,36470627,-28,1
262,36470708,10,1
263,36470795,55,1
264,36470881,12,1
265,36470962,36,1
266,36471045,58,1
267,36471132,57,1
268,36471214,54,1
269,36471307,118,1
270,36471391,98,1
271,36471484,72,1
272,36471566,124,1
273,36471650,125,1
274,36471750,85,1
275,36471830,123,1
276,36471926,148,1
277,36472012,91,1
278,36472112,99,1
279,36472195,144,1
280,36472283,93,1
281,36472379,86,1
282,36472475,121,1
283,36472570,85,1
284,36472664,43,1
285,36472759,86,1
286,36472843,60,1
287,36472939,7,1
288,36473039,34,1
289,36473131,35,1
290,36473223,-30,1
291,36473306,-13,1
292,36473391,10,1
293,36473475,-47,1
294,36473563,-51,1
295,36473650,-9,1
296,36473733,-118,1
297,36473816,-139,1
298,36473904,-96,1
299,36473992,-126,1
300,36474075,-170,1
301,36474170,-128,1
302,36474267,-183,1
303,36474352,-192,1
304,36474447,-162,1
305,36474546,-153,1
306,36474629,-205,1
307,36474724,-191,1
308,36474823,-156,1
309,36474915,-212,1
310,36475012,-211,1
311,36475111,-163,1
312,36475206,-197,1
313,36475294,-223,1
314,36475382,-203,1
315,36475462,-184,1
316,36475558,-223,1
317,36475655,-178,1
318,36475743,-168,1
319,36475840,-213,1
320,36475921,-180,1
321,36476007,-151,1
322,36476097,-198,1
323,36476192,-189,1
324,36476279,-139,1
325,36476361,-178,1
326,36476453,-158,1
327,36476549,-128,1
328,36476642,-157,1
329,36476728,-175,1
330,36476828,-123,1
331,36476923,-125,1
332,36477010,-166,1
333,36477095,-116,1
334,36477191,-95,1
335,36477287,-143,1
336,36477376,-109,1
337,36477458,-73,1
338,36477557,-117,1
339,36477649,-105,1
340,36477729,-50,1
341,36477817,-83,1
342,36477917,-91,1
343,36478004,-31,1
344,36478095,-51,1
345,36478194,-77,1
346,36478283,-24,1
347,36478379,-23,1
348,36478478,-65,1
349,36478564,-23,1
350,36478648,-56,1
351,36478744,-49,1
352,36478829,-21,1
353,36478916,15,1
354,36479015,-29,1
355,36479112,-26,1
356,36479192,25,1
357,36479288,-6,1
358,36479382,-26,1
359,36479462,26,1
360,36479542,7,1
361,36479638,-27,1
362,36479736,-6,1
363,36479821,25,1
364,36479918,-22,1
365,36480011,21,1
366,36480096,42,1
367,36480190,-6,1
368,36480285,8,1
369,36480365,54,1
370,36480448,2,1
371,36480546,0,1
372,36480627,53,1
373,36480715,17,1
374,36480803,36,1
375,36480898,51,1
376,36480986,30,1
377,36481074,-1,1
378,36481162,38,1
379,36481252,41,1
380,36481343,-9,1
381,36481443,28,1
382,36481523,52,1
383,36481603,-5,1
384,36481693,17,1
385,36481793,52,1
386,36481876,52,1
387,36481971,1,1
388,36482057,48,1
389,36482153,21,1
390,36482235,-5,1
391,36482330,45,1
392,36482411,32,1
393,36482501,-4,1
394,36482584,39,1
395,36482681,36,1
396,36482776,-10,1
397,36482869,25,1
398,36482949,51,1
399,36483038,-2,1
400,36483127,15,1
401,36483215,52,1
402,36483313,1,1
403,36483407,0,1
404,36483502,50,1
405,36483585,9,1
406,36483669,-15,1
407,36483753,47,1
408,36483834,21,1
409,36483916,-9,1
410,36484007,10,1
411,36484104,35,1
412,36484199,-10,1
413,36484294,20,1
414,36484387,40,1
415,36484483,-10,1
416,36484573,14,1
417,36484663,44,1
418,36484750,5,1
419,36484842,-2,1
420,36484932,47,1
421,36485032,15,1
422,36485119,-13,1
423,36485207,46,1
424,36485292,24,1
425,36485392,-14,1
426,36485485,39,1
427,36485568,32,1
428,36485662,-8,1
429,36485762,23,1
430,36485848,46,1
431,36485948,-7,1
432,36486048,10,1
433,36486138,54,1
434,36486228,-12,1
435,36486308,-2,1
436,36486392,50,1
437,36486480,10,1
438,36486579,-1,1
439,36486671,43,1
440,36486757,26,1
441,36486838,-12,1
442,36486929,40,1
443,36487016,30,1
444,36487108,-13,1
445,36487206,30,1
446,36487305,14,1
447,36487401,-23,1
448,36487482,1,1
449,36487572,47,1
450,36487655,1,1
451,36487745,5,1
452,36487838,52,1
453,36487937,10,1
454,36488018,2,1
455,36488108,54,1
456,36488190,21,1
457,36488278,-8,1
458,36488367,51,1
459,36488454,31,1
460,36488534,-12,1
461,36488619,36,1
462,36488716,41,1
463,36488804,-11,1
464,36488896,26,1
465,36488993,48,1
466,36489084,-3,1
467,36489180,9,1
468,36489275,55,1
469,36489371,5,1
470,36489464,47,1
471,36489549,52,1
472,36489633,14,1
473,36489721,-8,1
474,36489806,47,1
475,36489893,28,1
476,36489974,-9,1
477,36490055,40,1
478,36490146,37,1
479,36490238,-8,1
480,36490333,33,1
481,36490429,46,1
482,36490523,23,1
483,36490615,20,1
484,36490702,52,1
485,36490795,2,1
486,36490879,10,1
487,36490973,55,1
488,36491064,11,1
489,36491151,1,1
490,36491250,55,1
491,36491334,23,1
492,36491431,-7,1
493,36491524,48,1
494,36491615,-6,1
495,36491707,-8,1
496,36491790,37,1
497,36491880,43,1
498,36491978,-9,1
499,36492073,27,1
500,36492153,49,1
501,36492239,-5,1
502,36492323,17,1
503,36492406,53,1
504,36492492,2,1
505,36492584,7,1
506,36492675,2,1
507,36492766,12,1
508,36492854,1,1
509,36492948,52,1
510,36493030,24,1
511,36493129,-6,1
512,36493209,44,1
513,36493299,32,1
514,36493392,-7,1
515,36493477,38,1
516,36493574,45,1
517,36493670,-5,1
518,36493764,37,1
519,36493851,47,1
520,36493935,-1,1
521,36494033,17,1
522,36494126,52,1
523,36494212,7,1
524,36494301,7,1
525,36494390,54,1
526,36494479,17,1
527,36494575,-5,1
528,36494673,51,1
529,36494767,27,1
530,36494863,53,1
531,36494953,44,1
532,36495039,35,1
533,36495132,-6,1
534,36495212,35,1
535,36495312,46,1
536,36495399,-4,1
537,36495480,22,1
538,36495563,49,1
539,36495658,-2,1
540,36495740,16,1
541,36495840,56,1
542,36495937,38,1
543,36496025,4,1
544,36496105,54,1
545,36496193,16,1
546,36496287,-3,1
547,36496375,51,1
548,36496458,27,1
549,36496548,-8,1
550,36496631,42,1
551,36496730,39,1
552,36496829,-7,1
553,36496925,35,1
554,36497024,3,1
555,36497122,-5,1
556,36497206,24,1
557,36497302,51,1
558,36497393,-1,1
559,36497483,16,1
560,36497578,54,1
561,36497677,7,1
562,36497770,3,1
563,36497860,52,1
564,36497954,17,1
565,36498052,-3,1
566,36498138,-7,1
567,36498223,26,1
568,36498304,-7,1
569,36498400,45,1
570,36498492,35,1
571,36498579,-9,1
572,36498676,36,1
573,36498770,44,1
574,36498870,-7,1
575,36498967,26,1
576,36499061,48,1
577,36499146,0,1
578,36499244,27,1
579,36499341,50,1
580,36499433,7,1
581,36499524,7,1
582,36499622,53,1
583,36499703,17,1
584,36499790,-1,1
585,36499871,49,1
586,36499952,30,1
587,36500044,-8,1
588,36500133,42,1
589,36500223,37,1
590,36500323,51,1
591,36500413,34,1
592,36500503,46,1
593,36500586,-4,1
594,36500676,27,1
595,36500759,50,1
596,36500844,-2,1
597,36500933,14,1
598,36501016,53,1
599,36501096,6,1
600,36501179,5,1
601,36501278,55,1
602,36501372,47,1
603,36501463,-5,1
604,36501560,51,1
605,36501650,27,1
606,36501736,-7,1
607,36501820,44,1
608,36501920,34,1
609,36502019,-6,1
610,36502102,35,1
611,36502198,44,1
612,36502287,-4,1
613,36502382,23,1
614,36502466,11,1
615,36502552,0,1
616,36502636,16,1
617,36502717,52,1
618,36502800,9,1
619,36502881,5,1
620,36502979,53,1
621,36503068,18,1
622,36503154,-3,1
623,36503240,47,1
624,36503330,26,1
625,36503422,-7,1
626,36503503,-5,1
627,36503587,37,1
628,36503678,-6,1
629,36503761,34,1
630,36503842,44,1
631,36503939,-5,1
632,36504027,23,1
633,36504108,55,1
634,36504197,1,1
635,36504290,12,1
636,36504381,54,1
637,36504461,9,1
638,36504549,16,1
639,36504646,52,1
640,36504733,18,1
641,36504829,-5,1
642,36504921,49,1
643,36505007,30,1
644,36505088,-6,1
645,36505172,44,1
646,36505257,38,1
647,36505340,-8,1
648,36505440,35,1
649,36505535,51,1
650,36505615,45,1
651,36505708,23,1
652,36505798,50,1
653,36505894,4,1
654,36505989,11,1
655,36506080,55,1
656,36506160,12,1
657,36506248,5,1
658,36506338,54,1
659,36506427,20,1
660,36506526,-3,1
661,36506612,53,1
662,36506700,54,1
663,36506786,-8,1
664,36506876,38,1
665,36506960,42,1
666,36507059,-9,1
667,36507140,31,1
668,36507224,46,1
669,36507312,-4,1
670,36507403,22,1
671,36507500,48,1
672,36507594,4,1
673,36507680,11,1
674,36507768,29,1
675,36507857,8,1
676,36507952,1,1
677,36508035,52,1
678,36508122,19,1
679,36508208,-4,1
680,36508302,47,1
681,36508389,30,1
682,36508481,-6,1
683,36508581,42,1
684,36508662,39,1
685,36508752,-8,1
686,36508837,-4,1
687,36508925,48,1
688,36509013,-4,1
689,36509112,22,1
690,36509207,52,1
691,36509298,-1,1
692,36509378,10,1
693,36509475,55,1
694,36509563,9,1
695,36509648,1,1
696,36509747,55,1
697,36509841,19,1
698,36509927,0,1
699,36510011,49,1
700,36510104,24,1
701,36510195,-7,1
702,36510284,40,1
703,36510369,43,1
704,36510457,-16,1
705,36510546,20,1
706,36510645,34,1
707,36510737,-20,1
708,36510818,3,1
709,36510903,35,1
710,36511003,10,1
711,36511085,-12,1
712,36511179,28,1
713,36511271,-20,1
714,36511357,-33,1
715,36511443,14,1
716,36511524,-26,1
717,36511613,-57,1
718,36511710,-10,1
719,36511798,-34,1
720,36511879,-84,1
721,36511978,-44,1
722,36512072,-45,1
723,36512166,-119,1
724,36512261,-96,1
725,36512350,-93,1
726,36512434,-157,1
727,36512530,-146,1
728,36512625,-130,1
729,36512706,-190,1
730,36512798,-190,1
731,36512882,-163,1
732,36512973,-207,1
733,36513065,-224,1
734,36513164,-182,1
735,36513256,-191,1
736,36513350,-195,1
737,36513450,-121,1
738,36513540,-115,1
739,36513640,-136,1
740,36513735,-70,1
741,36513834,-48,1
742,36513924,-70,1
743,36514020,3,1
744,36514109,59,1
745,36514191,41,1
746,36514277,77,1
747,36514376,144,1
748,36514465,93,1
749,36514555,99,1
750,36514644,137,1
751,36514731,78,1
752,36514826,50,1
753,36514917,73,1
754,36515015,13,1
755,36515102,-35,1
756,36515188,11,1
757,36515281,15,1
758,36515362,4,1
759,36515443,65,1
760,36515541,84,1
761,36515622,55,1
762,36515722,118,1
763,36515808,162,1
764,36515907,115,1
765,36516000,135,1
766,36516092,165,1
767,36516173,111,1
768,36516269,116,1
769,36516357,166,1
770,36516445,137,1
771,36516526,122,1
772,36516612,181,1
773,36516693,160,1
774,36516793,144,1
775,36516884,208,0
776,36516978,205,0
777,36517073,176,0
778,36517163,228,0
779,36517253,239,0
780,36517352,191,0
781,36517437,227,0
782,36517520,245,0
783,36517602,195,0
784,36517696,210,0
785,36517789,243,0
786,36517885,197,0
787,36517965,197,0
788,36518048,239,0
789,36518142,201,0
790,36518223,181,0
791,36518303,232,0
792,36518394,208,0
793,36518481,175,0
794,36518576,232,0
795,36518663,216,0
796,36518749,171,0
797,36518834,215,0
798,36518932,222,0
799,36519024,174,0
800,36519114,203,0
801,36519197,225,0
802,36519293,175,0
803,36519387,189,0
804,36519473,235,0
805,36519573,182,0
806,36519670,195,0
807,36519755,230,0
808,36519849,191,0
809,36519943,173,0
810,36520028,227,0
811,36520116,202,0
812,36520197,169,0
813,36520294,220,0
814,36520380,212,0
815,36520480,168,0
816,36520561,211,0
817,36520645,222,0
818,36520728,168,0
819,36520828,199,0
820,36520916,230,0
821,36521005,173,0
822,36521093,189,0
823,36521178,230,0
824,36521259,185,0
825,36521349,178,0
826,36521448,229,0
827,36521535,193,0
828,36521634,165,0
829,36521722,220,0
830,36521811,177,0
831,36521899,169,0
832,36521989,217,0
833,36522085,215,0
834,36522171,165,0
835,36522271,203,0
836,36522354,223,0
837,36522440,169,0
838,36522529,191,0
839,36522610,226,0
840,36522705,175,0
841,36522790,186,0
842,36522877,212,0
843,36522970,185,0
844,36523067,176,0
845,36523158,229,0
846,36523250,196,0
847,36523334,169,0
848,36523420,220,0
849,36523509,203,0
850,36523608,165,0
851,36523698,211,0
852,36523787,214,0
853,36523885,166,0
854,36523972,229,0
855,36524054,221,0
856,36524137,171,0
857,36524221,190,0
858,36524313,226,0
859,36524402,176,0
860,36524501,184,0
861,36524593,233,0
862,36524673,183,0
863,36524773,174,0
864,36524865,228,0
865,36524954,194,0
866,36525043,211,0
867,36525132,220,0
868,36525222,206,0
869,36525319,164,0
870,36525411,211,0
871,36525495,219,0
872,36525587,167,0
873,36525680,199,0
874,36525776,225,0
875,36525858,169,0
876,36525956,192,0
877,36526037,228,0
878,36526117,172,0
879,36526204,180,0
880,36526295,229,0
881,36526386,188,0
882,36526468,173,0
883,36526548,226,0
884,36526633,201,0
885,36526720,170,0
886,36526809,220,0
887,36526889,207,0
888,36526985,165,0
889,36527073,208,0
890,36527153,170,0
891,36527250,166,0
892,36527333,198,0
893,36527427,225,0
894,36527512,169,0
895,36527609,189,0
896,36527697,227,0
897,36527781,179,0
898,36527869,180,0
899,36527958,228,0
900,36528050,193,0
901,36528139,169,0
902,36528232,195,0
903,36528318,201,0
904,36528399,168,0
905,36528491,218,0
906,36528577,212,0
907,36528659,163,0
908,36528748,209,0
909,36528833,218,0
910,36528919,170,0
911,36529017,196,0
912,36529105,225,0
913,36529195,171,0
914,36529277,224,0
915,36529362,226,0
916,36529446,178,0
917,36529538,178,0
918,36529627,229,0
919,36529722,187,0
920,36529819,167,0
921,36529919,227,0
922,36530007,204,0
923,36530101,167,0
924,36530184,214,0
925,36530275,212,0
926,36530375,220,0
927,36530460,206,0
928,36530546,219,0
929,36530633,168,0
930,36530716,197,0
931,36530808,228,0
932,36530899,173,0
933,36530996,182,0
934,36531088,226,0
935,36531178,181,0
936,36531271,174,0
937,36531354,223,0
938,36531450,183,0
939,36531535,171,0
