0,36447261,242,0
1,36447361,241,0
2,36447446,147,0
3,36447545,129,0
4,36447631,180,0
5,36447731,-13,0
6,36447811,-112,0
7,36447897,-127,0
8,36447993,-193,0
9,36448090,-239,0
10,36448177,-173,0
11,36448263,-163,0
12,36448343,-208,0
13,36448426,-189,0
14,36448510,-160,0
15,36448608,-181,0
16,36448692,-152,0
17,36448779,-126,0
18,36448865,-133,0
19,36448963,-145,0
20,36449049,-110,0
21,36449131,-111,0
22,36449220,-150,0
23,36449308,-111,0
24,36449395,-105,0
25,36449482,-112,0
26,36449577,-64,0
27,36449663,-10,0
28,36449761,-56,0
29,36449855,-66,0
30,36449953,-12,0
31,36450034,-41,0
32,36450128,-72,0
33,36450224,-21,0
34,36450320,-22,0
35,36450403,-74,0
36,36450496,-36,0
37,36450593,-13,0
38,36450681,-69,0
39,36450769,-49,0
40,36450857,-15,0
41,36450952,-59,0
42,36451036,-60,0
43,36451116,-9,0
44,36451200,-43,0
45,36451281,-70,0
46,36451367,-17,0
47,36451461,-29,0
48,36451547,-64,0
49,36451630,-15,0
50,36451717,-41,0
51,36451807,-72,0
52,36451898,-22,0
53,36451996,-25,0
54,36452083,-74,0
55,36452173,-30,0
56,36452255,-13,0
57,36452353,-72,0
58,36452449,-44,0
59,36452540,-48,0
60,36452639,-62,0
61,36452738,-61,0
62,36452825,-9,0
63,36452920,-47,0
64,36453007,-69,0
65,36453090,-17,0
66,36453188,-33,0
67,36453270,-74,0
68,36453365,-31,0
69,36453450,-18,0
70,36453531,-70,0
71,36453619,-68,0
72,36453707,-9,0
73,36453796,-63,0
74,36453889,-53,0
75,36453972,-8,0
76,36454052,-52,0
77,36454146,-66,0
78,36454243,-14,0
79,36454339,-38,0
80,36454429,-73,0
81,36454516,-24,0
82,36454607,-22,0
83,36454700,-77,0
84,36454799,-39,0
85,36454883,-15,0
86,36454979,-67,0
87,36455071,-54,0
88,36455160,-6,0
89,36455247,-58,0
90,36455340,-64,0
91,36455438,-11,0
92,36455525,-45,0
93,36455612,-73,0
94,36455699,-20,0
95,36455796,-67,0
96,36455889,-75,0
97,36455976,-34,0
98,36456075,-14,0
99,36456174,-72,0
100,36456261,-46,0
101,36456347,-10,0
102,36456446,-61,0
103,36456534,-59,0
104,36456618,-9,0
105,36456699,-48,0
106,36456784,-74,0
107,36456880,-50,0
108,36456964,-40,0
109,36457054,-83,0
110,36457150,-38,0
111,36457244,-33,0
112,36457340,-87,0
113,36457423,-57,0
114,36457509,-28,0
115,36457594,-85,0
116,36457680,-75,0
117,36457763,-27,0
118,36457858,-76,1
119,36457947,-53,1
120,36458030,-37,1
121,36458128,-66,1
122,36458212,-105,1
123,36458304,-54,1
124,36458392,-59,1
125,36458477,-109,1
126,36458557,-72,1
127,36458656,-53,1
128,36458752,-108,1
129,36458836,-90,1
130,36458933,-51,1
131,36459017,-56,1
132,36459098,-108,1
133,36459191,-57,1
134,36459282,-90,1
135,36459381,-123,1
136,36459462,-72,1
137,36459543,-83,1
138,36459630,-129,1
139,36459722,-87,1
140,36459819,-71,1
141,36459915,-126,1
142,36460003,-102,1
143,36460088,-70,1
144,36460178,-113,1
145,36460275,-114,1
146,36460364,-62,1
147,36460450,-103,1
148,36460531,-124,1
149,36460613,-71,1
150,36460703,-88,1
151,36460799,-133,1
152,36460898,-84,1
153,36460978,-73,1
154,36461063,-78,1
155,36461149,-102,1
156,36461243,-64,1
157,36461341,-123,1
158,36461422,-113,1
159,36461506,-63,1
160,36461601,-106,1
161,36461696,-120,1
162,36461782,-67,1
163,36461876,-94,1
164,36461958,-128,1
165,36462042,-78,1
166,36462136,-96,1
167,36462235,-130,1
168,36462317,-93,1
169,36462402,-67,1
170,36462502,-122,1
171,36462592,-106,1
172,36462681,-62,1
173,36462779,-110,1
174,36462876,-119,1
175,36462976,-67,1
176,36463065,-99,1
177,36463165,-130,1
178,36463263,-117,1
179,36463363,-86,1
180,36463453,-134,1
181,36463546,-86,1
182,36463639,-75,1
183,36463729,-127,1
184,36463815,-104,1
185,36463906,-62,1
186,36463995,-116,1
187,36464076,-117,1
188,36464161,-67,1
189,36464248,-102,1
190,36464338,-130,1
191,36464430,-72,1
192,36464526,-90,1
193,36464618,-129,1
194,36464705,-86,1
195,36464786,-74,1
196,36464871,-128,1
197,36464951,-98,1
198,36465046,-68,1
199,36465145,-117,1
200,36465233,-110,1
201,36465325,-65,1
202,36465411,-129,1
203,36465504,-122,1
204,36465595,-71,1
205,36465693,-93,1
206,36465786,-130,1
207,36465874,-78,1
208,36465968,-78,1
209,36466051,-130,1
210,36466150,-96,1
211,36466236,-68,1
212,36466322,-122,1
213,36466409,-108,1
214,36466501,-116,1
215,36466584,-110,1
216,36466680,-123,1
217,36466761,-67,1
218,36466848,-98,1
219,36466942,-129,1
220,36467035,-76,1
221,36467131,-83,1
222,36467217,-130,1
223,36467304,-88,1
224,36467399,-72,1
225,36467487,-129,1
226,36467571,-96,1
227,36467669,-65,1
228,36467752,-119,1
229,36467842,-115,1
230,36467934,-71,1
231,36468014,-106,1
232,36468109,-128,1
233,36468197,-75,1
234,36468285,-94,1
235,36468373,-130,1
236,36468471,-86,1
237,36468568,-79,1
238,36468651,-78,1
239,36468731,-96,1
240,36468815,-63,1
241,36468902,-120,1
242,36469000,-108,1
243,36469091,-53,1
244,36469176,-95,1
245,36469274,-95,1
246,36469356,-39,1
247,36469438,-67,1
248,36469524,-99,1
249,36469609,-41,1
250,36469694,-24,1
251,36469778,-86,1
252,36469863,-49,1
253,36469961,-25,1
254,36470050,-80,1
255,36470135,-58,1
256,36470227,-16,1
257,36470319,-66,1
258,36470399,-71,1
259,36470482,-21,1
260,36470572,-56,1
261,36470669,-84,1
262,36470761,-29,1
263,36470858,-44,1
264,36470944,-88,1
265,36471037,-41,1
266,36471131,-33,1
267,36471218,-87,1
268,36471310,-56,1
269,36471393,-24,1
270,36471484,-76,1
271,36471571,-68,1
272,36471662,-24,1
273,36471744,-65,1
274,36471834,-47,1
275,36471915,-29,1
276,36472000,-53,1
277,36472098,-87,1
278,36472190,-36,1
279,36472284,-35,1
280,36472366,-87,1
281,36472451,-52,1
282,36472544,-30,1
283,36472637,-86,1
284,36472718,-64,1
285,36472814,-26,1
286,36472910,-70,1
287,36473002,-77,1
288,36473089,-27,1
289,36473187,-56,1
290,36473271,-85,1
291,36473360,-31,1
292,36473452,-43,1
293,36473545,-87,1
294,36473625,-43,1
295,36473723,-30,1
296,36473818,-87,1
297,36473904,-87,1
298,36473992,-24,1
299,36474074,-80,1
300,36474158,-70,1
301,36474252,-25,1
302,36474334,-68,1
303,36474432,-80,1
304,36474513,-26,1
305,36474606,-50,1
306,36474696,-87,1
307,36474784,-37,1
308,36474869,-39,1
309,36474950,-86,1
310,36475033,-52,1
311,36475131,-30,1
312,36475220,-83,1
313,36475315,-61,1
314,36475411,-24,1
315,36475496,-73,1
316,36475587,-73,1
317,36475667,-24,1
318,36475759,-61,1
319,36475856,-81,1
320,36475952,-29,1
321,36476036,-67,1
322,36476116,-90,1
323,36476211,-38,1
324,36476306,-34,1
325,36476401,-88,1
326,36476482,-54,1
327,36476570,-26,1
328,36476660,-83,1
329,36476751,-67,1
330,36476847,-22,1
331,36476928,-68,1
332,36477010,-76,1
333,36477107,-41,1
334,36477190,-54,1
335,36477286,-84,1
336,36477383,-34,1
337,36477483,-43,1
338,36477566,-91,1
339,36477658,-44,1
340,36477741,-30,1
341,36477827,-84,1
342,36477911,-55,1
343,36477992,-25,1
344,36478076,-78,1
345,36478164,-27,1
346,36478252,-21,1
347,36478344,-59,1
348,36478444,-82,1
349,36478532,-27,1
350,36478631,-50,1
351,36478720,-87,1
352,36478801,-35,1
353,36478895,-41,1
354,36478988,-87,1
355,36479086,-47,1
356,36479168,-28,1
357,36479257,-24,1
358,36479348,-58,1
359,36479429,-23,1
360,36479528,-76,1
361,36479619,-69,1
362,36479703,-22,1
363,36479797,-61,1
364,36479896,-82,1
365,36479976,-27,1
366,36480057,-52,1
367,36480147,-87,1
368,36480230,-36,1
369,36480325,-47,1
370,36480425,-87,1
371,36480521,-50,1
372,36480613,-27,1
373,36480698,-79,1
374,36480781,-56,1
375,36480873,-21,1
376,36480965,-72,1
377,36481064,-70,1
378,36481164,-24,1
379,36481263,-60,1
380,36481353,-82,1
381,36481437,-77,1
382,36481521,-54,1
383,36481610,-93,1
384,36481693,-42,1
385,36481777,-48,1
386,36481865,-100,1
387,36481949,-65,1
388,36482048,-46,1
389,36482148,-106,1
390,36482248,-88,1
391,36482341,-53,1
392,36482424,-110,1
393,36482505,-128,1
394,36482605,-65,1
395,36482705,-110,1
396,36482793,-128,1
397,36482885,-74,1
398,36482965,-97,1
399,36483046,-132,1
400,36483142,-81,1
401,36483239,-80,1
402,36483335,-131,1
403,36483433,-88,1
404,36483523,-63,1
405,36483606,-55,1
406,36483696,-89,1
407,36483790,-50,1
408,36483878,-100,1
409,36483975,-95,1
410,36484065,-44,1
411,36484159,-80,1
412,36484257,-99,1
413,36484341,-37,1
414,36484421,-64,1
415,36484515,-91,1
416,36484601,-38,1
417,36484684,-48,1
418,36484776,-86,1
419,36484860,-44,1
420,36484956,-24,0
421,36485055,-78,0
422,36485149,-48,0
423,36485247,-13,0
424,36485330,-66,0
425,36485419,-61,0
426,36485518,-10,0
427,36485613,-54,0
428,36485712,-65,0
429,36485797,-63,0
430,36485877,-41,0
431,36485974,-73,0
432,36486058,-18,0
433,36486140,-28,0
434,36486223,-73,0
435,36486309,-28,0
436,36486403,-20,0
437,36486486,-72,0
438,36486571,-41,0
439,36486671,-10,0
440,36486752,-62,0
441,36486847,-75,0
442,36486936,-8,0
443,36487024,-58,0
444,36487107,-58,0
445,36487195,-9,0
446,36487290,-44,0
447,36487376,-67,0
448,36487465,-14,0
449,36487546,-35,0
450,36487633,-74,0
451,36487725,-21,0
452,36487806,-24,0
453,36487895,-55,0
454,36487981,-34,0
455,36488071,-14,0
456,36488164,-73,0
457,36488262,-43,0
458,36488346,-10,0
459,36488442,-59,0
460,36488533,-59,0
461,36488632,-10,0
462,36488729,-52,0
463,36488817,-69,0
464,36488905,-13,0
465,36488988,-22,0
466,36489084,-73,0
467,36489183,-20,0
468,36489275,-28,0
469,36489374,-74,0
470,36489465,-31,0
471,36489546,-20,0
472,36489630,-73,0
473,36489715,-41,0
474,36489795,-13,0
475,36489880,-67,0
476,36489977,-52,0
477,36490069,-12,0
478,36490159,-58,0
479,36490243,-62,0
480,36490335,-11,0
481,36490416,-47,0
482,36490501,-68,0
483,36490591,-17,0
484,36490684,-35,0
485,36490767,-78,0
486,36490853,-27,0
487,36490943,-23,0
488,36491031,-74,0
489,36491113,-33,0
490,36491208,-16,0
491,36491289,-70,0
492,36491377,-46,0
493,36491475,-10,0
494,36491568,-63,0
495,36491648,-55,0
496,36491742,-10,0
497,36491835,-56,0
498,36491920,-64,0
499,36492013,-8,0
500,36492097,-42,0
501,36492182,-65,0
502,36492273,-19,0
503,36492355,-33,0
504,36492454,-76,0
505,36492537,-26,0
506,36492632,-22,0
507,36492726,-75,0
508,36492807,-37,0
509,36492898,-10,0
510,36492988,-69,0
511,36493081,-49,0
512,36493163,-10,0
513,36493254,-74,0
514,36493334,-60,0
515,36493430,-9,0
516,36493514,-52,0
517,36493596,-69,0
518,36493677,-14,0
519,36493761,-39,0
520,36493846,-75,0
521,36493932,-18,0
522,36494028,-30,0
523,36494123,-74,0
524,36494214,-30,0
525,36494306,-46,0
526,36494401,-78,0
527,36494484,-41,0
528,36494583,-13,0
529,36494668,-68,0
530,36494762,-51,0
531,36494849,-6,0
