0,36447261,241,0
1,36447360,241,0
2,36447446,148,0
3,36447527,129,0
4,36447625,179,0
5,36447708,-14,0
6,36447790,-111,0
7,36447872,-125,0
8,36447958,-194,0
9,36448050,-239,0
10,36448138,-173,0
11,36448235,-164,0
12,36448319,-208,0
13,36448415,-190,0
14,36448496,-160,0
15,36448592,-181,0
16,36448677,-154,0
17,36448760,-126,0
18,36448849,-133,0
19,36448934,-147,0
20,36449025,-112,0
21,36449124,-111,0
22,36449209,-150,0
23,36449291,-111,0
24,36449385,-105,0
25,36449474,-112,0
26,36449573,-64,0
27,36449653,-11,0
28,36449736,-57,0
29,36449826,-68,0
30,36449908,-12,0
31,36449988,-40,0
32,36450086,-74,0
33,36450174,-21,0
34,36450270,-23,0
35,36450357,-74,0
36,36450449,-36,0
37,36450533,-14,0
38,36450628,-70,0
39,36450714,-48,0
40,36450805,-14,0
41,36450904,-59,0
42,36450986,-61,0
43,36451078,-9,0
44,36451168,-44,0
45,36451262,-69,0
46,36451351,-16,0
47,36451432,-29,0
48,36451525,-63,0
49,36451620,-14,0
50,36451705,-41,0
51,36451805,-73,0
52,36451902,-21,0
53,36451987,-26,0
54,36452068,-74,0
55,36452168,-30,0
56,36452255,-12,0
57,36452338,-73,0
58,36452430,-43,0
59,36452524,-44,0
60,36452607,-55,0
61,36452696,-54,0
62,36452790,-2,0
63,36452885,-42,0
64,36452982,-63,0
65,36453065,-10,0
66,36453153,-27,0
67,36453243,-70,0
68,36453341,-26,1
69,36453431,-18,1
70,36453526,-77,1
71,36453624,-79,1
72,36453717,-27,1
73,36453809,-85,1
74,36453899,-81,1
75,36453985,-41,1
76,36454073,-88,1
77,36454155,-100,1
78,36454250,-40,1
79,36454350,-51,1
80,36454437,-76,1
81,36454518,-24,1
82,36454607,-17,1
83,36454691,-74,1
84,36454785,-42,1
85,36454884,-24,1
86,36454968,-85,1
87,36455068,-85,1
88,36455155,-59,1
89,36455253,-137,1
90,36455351,-142,1
91,36455440,-85,1
92,36455521,-116,1
93,36455607,-141,1
94,36455700,-86,1
95,36455800,-132,1
96,36455886,-141,1
97,36455986,-99,1
98,36456086,-80,1
99,36456170,-137,1
100,36456258,-109,1
101,36456343,-69,1
102,36456430,-116,1
103,36456525,-112,1
104,36456618,-62,1
105,36456702,-89,1
106,36456790,-114,1
107,36456885,-89,1
108,36456983,-76,1
109,36457083,-118,1
110,36457176,-71,1
111,36457266,-69,1
112,36457348,-122,1
113,36457430,-93,1
114,36457521,-64,1
115,36457609,-118,1
116,36457695,-109,1
117,36457777,-61,1
118,36457858,-106,1
119,36457954,-82,1
120,36458044,-62,1
121,36458127,-90,1
122,36458219,-127,1
123,36458317,-77,1
124,36458416,-77,1
125,36458507,-128,1
126,36458600,-90,1
127,36458686,-68,1
128,36458781,-123,1
129,36458870,-104,1
130,36458951,-63,1
131,36459046,-67,1
132,36459139,-117,1
133,36459238,-65,1
134,36459330,-95,1
135,36459427,-125,1
136,36459511,-73,1
137,36459598,-84,1
138,36459681,-130,1
139,36459772,-86,1
140,36459870,-69,1
141,36459953,-123,1
142,36460040,-101,1
143,36460122,-67,1
144,36460210,-111,1
145,36460298,-112,1
146,36460378,-60,1
147,36460458,-99,1
148,36460548,-123,1
149,36460632,-70,1
150,36460727,-86,1
151,36460825,-130,1
152,36460924,-88,1
153,36461008,-78,1
154,36461096,-82,1
155,36461195,-107,1
156,36461275,-67,1
157,36461358,-127,1
158,36461447,-120,1
159,36461527,-67,1
160,36461613,-110,1
161,36461707,-124,1
162,36461794,-71,1
163,36461892,-97,1
164,36461987,-132,1
165,36462078,-83,1
166,36462172,-102,1
167,36462253,-135,1
168,36462340,-96,1
169,36462420,-72,1
170,36462505,-127,1
171,36462597,-113,1
172,36462677,-67,1
173,36462761,-115,1
174,36462847,-124,1
175,36462939,-70,1
176,36463030,-101,1
177,36463115,-137,1
178,36463212,-121,1
179,36463307,-90,1
180,36463398,-136,1
181,36463498,-90,1
182,36463596,-78,1
183,36463682,-132,1
184,36463780,-109,1
185,36463860,-66,1
186,36463959,-118,1
187,36464052,-122,1
188,36464133,-71,1
189,36464222,-106,1
190,36464318,-134,1
191,36464404,-75,1
192,36464494,-94,1
193,36464594,-134,1
194,36464677,-90,1
195,36464769,-79,1
196,36464851,-133,1
197,36464937,-102,1
198,36465023,-71,1
199,36465105,-122,1
200,36465199,-116,1
201,36465284,-71,1
202,36465370,-133,1
203,36465456,-126,1
204,36465540,-74,1
205,36465640,-97,1
206,36465734,-135,1
207,36465833,-83,1
208,36465922,-84,1
209,36466005,-135,1
210,36466090,-101,1
211,36466170,-72,1
212,36466263,-126,1
213,36466363,-112,1
214,36466462,-120,1
215,36466561,-116,1
216,36466642,-127,1
217,36466734,-71,1
218,36466814,-103,1
219,36466911,-134,1
220,36467003,-82,1
221,36467101,-87,1
222,36467186,-133,1
223,36467270,-92,1
224,36467351,-76,1
225,36467435,-133,1
226,36467526,-99,1
227,36467619,-70,1
228,36467714,-124,1
229,36467795,-119,1
230,36467887,-72,1
231,36467967,-108,1
232,36468061,-130,1
233,36468156,-77,1
234,36468251,-122,1
235,36468333,-145,1
236,36468421,-93,1
237,36468513,-78,1
238,36468601,-75,1
239,36468701,-95,1
240,36468797,-62,1
241,36468888,-121,1
242,36468975,-110,1
243,36469066,-55,1
244,36469154,-103,1
245,36469243,-117,1
246,36469338,-62,1
247,36469426,-92,1
248,36469517,-127,1
249,36469612,-75,1
250,36469694,-61,1
251,36469776,-126,1
252,36469861,-89,1
253,36469947,-65,1
254,36470038,-121,1
255,36470137,-99,1
256,36470231,-61,1
257,36470311,-108,1
258,36470396,-112,1
259,36470481,-63,1
260,36470581,-97,1
261,36470679,-122,1
262,36470769,-69,1
263,36470859,-83,1
264,36470944,-125,1
265,36471030,-80,1
266,36471130,-71,1
267,36471224,-124,1
268,36471317,-95,1
269,36471403,-64,1
270,36471486,-115,1
271,36471567,-107,1
272,36471661,-62,1
273,36471753,-103,1
274,36471840,-86,1
275,36471936,-68,1
276,36472027,-90,1
277,36472108,-126,1
278,36472192,-74,1
279,36472283,-73,1
280,36472364,-126,1
281,36472451,-90,1
282,36472551,-67,1
283,36472641,-125,1
284,36472729,-103,1
285,36472813,-65,1
286,36472903,-109,1
287,36473002,-117,1
288,36473101,-65,1
289,36473198,-94,1
290,36473281,-124,1
291,36473380,-70,1
292,36473464,-83,1
293,36473560,-127,1
294,36473656,-83,1
295,36473736,-70,1
296,36473816,-126,1
297,36473913,-124,1
298,36473998,-63,1
299,36474089,-117,1
300,36474178,-109,1
301,36474262,-62,1
302,36474359,-109,1
303,36474452,-123,1
304,36474549,-68,1
305,36474639,-92,1
306,36474739,-130,1
307,36474836,-77,1
308,36474936,-81,1
309,36475025,-129,1
310,36475107,-93,1
311,36475201,-72,1
312,36475284,-125,1
313,36475365,-103,1
314,36475451,-68,1
315,36475548,-116,1
316,36475638,-117,1
317,36475726,-68,1
318,36475808,-105,1
319,36475901,-127,1
320,36475988,-75,1
321,36476072,-114,1
322,36476169,-136,1
323,36476255,-85,1
324,36476337,-83,1
325,36476428,-138,1
326,36476518,-108,1
327,36476601,-80,1
328,36476689,-136,1
329,36476782,-122,1
330,36476881,-78,1
331,36476968,-123,1
332,36477053,-133,1
333,36477137,-99,1
334,36477237,-113,1
335,36477336,-144,1
336,36477434,-92,1
337,36477523,-103,1
338,36477618,-150,1
339,36477717,-102,1
340,36477806,-87,1
341,36477902,-142,1
342,36478001,-111,1
343,36478081,-78,1
344,36478163,-127,1
345,36478260,-73,1
346,36478349,-59,1
347,36478437,-93,1
348,36478533,-106,1
349,36478619,-44,1
350,36478717,-57,1
351,36478813,-87,1
352,36478894,-28,1
353,36478984,-30,1
354,36479083,-70,1
355,36479176,-27,1
356,36479271,-2,1
357,36479355,-2,1
358,36479452,-57,1
359,36479536,-30,1
360,36479631,-90,1
361,36479718,-91,1
362,36479808,-50,1
363,36479893,-93,1
364,36479987,-114,1
365,36480080,-43,1
366,36480176,-65,1
367,36480265,-101,1
368,36480358,-44,1
369,36480439,-48,1
370,36480529,-84,1
371,36480620,-43,1
372,36480718,-19,0
373,36480811,-72,0
374,36480910,-48,0
375,36481002,-12,0
376,36481096,-60,0
377,36481176,-55,0
378,36481266,-7,0
379,36481349,-44,0
380,36481436,-65,0
381,36481536,-58,0
382,36481616,-32,0
383,36481705,-69,0
384,36481788,-17,0
385,36481871,-17,0
386,36481962,-69,0
387,36482042,-34,0
388,36482123,-11,0
389,36482211,-67,0
390,36482292,-45,0
391,36482374,-7,0
392,36482462,-57,0
393,36482550,-71,0
394,36482640,-6,0
395,36482729,-50,0
396,36482810,-65,0
397,36482905,-11,0
398,36482988,-34,0
399,36483072,-72,0
400,36483161,-23,0
401,36483250,-24,0
402,36483347,-75,0
403,36483445,-35,0
404,36483526,-13,0
405,36483609,-10,0
406,36483694,-45,0
407,36483786,-9,0
408,36483884,-60,0
409,36483977,-57,0
410,36484069,-9,0
411,36484152,-49,0
412,36484244,-68,0
413,36484337,-12,0
414,36484435,-40,0
415,36484527,-71,0
416,36484622,-20,0
417,36484709,-33,0
418,36484801,-73,0
419,36484890,-33,0
420,36484972,-15,0
421,36485056,-70,0
422,36485152,-43,0
423,36485243,-11,0
424,36485341,-60,0
425,36485422,-57,0
426,36485503,-8,0
427,36485602,-53,0
428,36485699,-64,0
429,36485795,-64,0
430,36485888,-41,0
431,36485974,-75,0
432,36486068,-18,0
433,36486166,-29,0
434,36486250,-73,0
435,36486342,-29,0
436,36486436,-22,0
437,36486530,-72,0
438,36486620,-42,0
439,36486711,-11,0
440,36486809,-63,0
441,36486899,-76,0
442,36486990,-11,0
443,36487070,-59,0
444,36487157,-60,0
445,36487237,-10,0
446,36487337,-45,0
447,36487421,-67,0
448,36487517,-14,0
449,36487603,-37,0
450,36487697,-74,0
451,36487797,-22,0
452,36487877,-24,0
453,36487968,-56,0
454,36488054,-36,0
455,36488134,-14,0
456,36488230,-73,0
457,36488322,-45,0
458,36488420,-9,0
459,36488510,-61,0
460,36488610,-59,0
461,36488701,-10,0
462,36488790,-52,0
463,36488885,-67,0
464,36488982,-11,0
465,36489070,-22,0
466,36489161,-73,0
467,36489245,-19,0
468,36489326,-29,0
469,36489413,-74,0
470,36489510,-32,0
471,36489598,-20,0
472,36489685,-74,0
473,36489785,-40,0
474,36489871,-11,0
475,36489969,-67,0
476,36490069,-53,0
477,36490165,-11,0
478,36490256,-58,0
479,36490342,-62,0
480,36490422,-12,0
481,36490505,-46,0
482,36490597,-69,0
483,36490688,-17,0
484,36490779,-36,0
485,36490860,-76,0
486,36490951,-27,0
487,36491046,-23,0
488,36491141,-76,0
489,36491232,-34,0
490,36491312,-16,0
491,36491404,-69,0
492,36491490,-47,0
493,36491571,-9,0
494,36491660,-64,0
495,36491759,-54,0
496,36491846,-9,0
497,36491927,-56,0
498,36492008,-66,0
499,36492094,-9,0
500,36492188,-42,0
501,36492269,-64,0
502,36492359,-18,0
503,36492444,-33,0
