0,36447261,501,0
1,36447344,500,0
2,36447428,409,0
3,36447513,387,0
4,36447594,440,0
5,36447693,246,0
6,36447777,148,0
7,36447875,135,0
8,36447972,66,0
9,36448069,19,0
10,36448158,88,0
11,36448243,97,0
12,36448326,52,0
13,36448418,70,0
14,36448516,99,0
15,36448612,78,0
16,36448706,107,0
17,36448786,133,0
18,36448874,128,0
19,36448966,115,0
20,36449050,149,0
21,36449141,149,0
22,36449238,111,0
23,36449335,149,0
24,36449418,154,0
25,36449506,147,0
26,36449605,196,0
27,36449691,248,0
28,36449781,205,0
29,36449866,193,0
30,36449966,248,0
31,36450063,218,0
32,36450155,186,0
33,36450250,239,0
34,36450333,237,0
35,36450430,187,0
36,36450515,224,0
37,36450605,245,0
38,36450700,191,0
39,36450791,210,0
40,36450878,244,0
41,36450959,201,0
42,36451044,197,0
43,36451139,253,0
44,36451232,216,0
45,36451325,190,0
46,36451409,246,0
47,36451505,231,0
48,36451585,197,0
49,36451669,246,0
50,36451767,219,0
51,36451866,186,0
52,36451963,240,0
53,36452058,236,0
54,36452156,188,0
55,36452248,230,0
56,36452339,248,0
57,36452432,187,0
58,36452516,214,0
59,36452598,212,0
60,36452693,200,0
61,36452779,198,0
62,36452864,251,0
63,36452954,212,0
64,36453038,190,0
65,36453126,241,0
66,36453224,228,0
67,36453319,185,0
68,36453400,231,0
69,36453493,241,0
70,36453588,189,0
71,36453688,191,0
72,36453786,252,0
73,36453873,198,0
74,36453956,204,0
75,36454039,252,0
76,36454135,210,0
77,36454225,194,0
78,36454316,246,0
79,36454411,222,0
80,36454495,187,0
81,36454589,236,0
82,36454682,239,0
83,36454762,183,0
84,36454859,222,0
85,36454955,246,0
86,36455048,192,0
87,36455148,208,0
88,36455231,254,0
89,36455330,201,0
90,36455411,197,0
91,36455496,250,0
92,36455592,218,0
93,36455692,188,0
94,36455776,241,0
95,36455860,195,0
96,36455960,185,0
97,36456055,227,0
98,36456142,247,0
99,36456231,189,0
100,36456327,215,0
101,36456420,250,0
102,36456508,201,0
103,36456594,205,0
104,36456681,250,0
105,36456778,215,0
106,36456864,193,0
107,36456958,218,0
108,36457049,229,0
109,36457145,189,0
110,36457244,234,0
111,36457342,239,0
112,36457426,191,0
113,36457517,219,0
114,36457606,250,0
115,36457699,197,0
116,36457781,206,0
117,36457879,254,0
118,36457978,210,0
119,36458072,234,0
120,36458160,253,0
121,36458241,226,0
122,36458328,188,0
123,36458416,243,0
124,36458501,240,0
125,36458601,192,0
126,36458692,230,0
127,36458782,252,0
128,36458872,196,0
129,36458971,215,0
130,36459060,258,0
131,36459145,255,0
132,36459226,205,0
133,36459310,257,0
134,36459395,230,0
135,36459488,200,0
136,36459582,250,0
137,36459664,241,0
138,36459747,197,0
139,36459839,243,0
140,36459936,258,0
141,36460025,203,0
142,36460112,227,0
143,36460210,262,0
144,36460294,217,0
145,36460394,219,0
146,36460489,270,0
147,36460583,233,0
148,36460676,212,0
149,36460761,266,0
150,36460847,252,0
151,36460927,209,0
152,36461017,259,0
153,36461106,275,0
154,36461202,272,0
155,36461300,251,0
156,36461389,292,0
157,36461487,234,0
158,36461574,245,0
159,36461655,300,0
160,36461750,262,0
161,36461846,250,0
162,36461927,305,0
163,36462016,282,0
164,36462114,248,0
165,36462209,301,0
166,36462293,285,0
167,36462374,255,0
168,36462454,291,0
169,36462534,318,0
170,36462628,262,1
171,36462712,274,1
172,36462802,319,1
173,36462896,270,1
174,36462984,256,1
175,36463069,311,1
176,36463154,277,1
177,36463238,241,1
178,36463331,253,1
179,36463431,283,1
180,36463521,234,1
181,36463617,278,1
182,36463716,289,1
183,36463797,235,1
184,36463877,259,1
185,36463964,301,1
186,36464051,251,1
187,36464149,251,1
188,36464234,306,1
189,36464319,276,1
190,36464414,256,1
191,36464513,322,1
192,36464608,315,1
193,36464693,284,1
194,36464785,338,1
195,36464884,354,1
196,36464981,303,1
197,36465081,335,1
198,36465177,365,1
199,36465263,312,1
200,36465355,317,1
201,36465442,361,1
202,36465536,292,1
203,36465623,300,1
204,36465722,350,1
205,36465803,327,1
206,36465891,291,1
207,36465975,335,1
208,36466075,329,1
209,36466164,266,1
210,36466245,291,1
211,36466339,304,1
212,36466431,236,1
213,36466521,237,1
214,36466606,217,1
215,36466700,212,1
216,36466788,189,1
217,36466882,238,1
218,36466968,206,1
219,36467060,171,1
220,36467155,224,1
221,36467237,220,1
222,36467331,174,1
223,36467421,218,1
224,36467516,241,1
225,36467605,190,1
226,36467697,226,1
227,36467789,262,1
228,36467884,214,1
229,36467966,223,1
230,36468064,278,1
231,36468151,249,1
232,36468250,232,1
233,36468334,296,1
234,36468420,282,1
235,36468512,258,1
236,36468612,311,1
237,36468707,329,1
238,36468801,340,1
239,36468901,334,1
240,36468990,376,1
241,36469076,330,1
242,36469169,352,1
243,36469255,412,1
244,36469349,377,1
245,36469430,374,1
246,36469523,435,1
247,36469614,414,1
248,36469699,389,1
249,36469792,448,1
250,36469882,465,1
251,36469982,406,1
252,36470062,446,1
253,36470155,471,1
254,36470239,415,1
255,36470321,435,1
256,36470417,471,1
257,36470502,418,1
258,36470583,407,1
259,36470675,449,1
260,36470769,407,1
261,36470868,369,1
262,36470957,413,1
263,36471047,387,1
264,36471135,330,1
265,36471231,359,1
266,36471323,355,1
267,36471408,286,1
268,36471502,300,1
269,36471585,313,1
270,36471679,250,1
271,36471776,242,1
272,36471873,271,1
273,36471963,217,1
274,36472054,219,1
275,36472134,224,1
276,36472225,191,1
277,36472305,143,1
278,36472403,185,1
279,36472500,175,1
280,36472582,116,1
281,36472681,145,1
282,36472772,163,1
283,36472868,103,1
284,36472955,123,1
285,36473038,160,1
286,36473131,110,1
287,36473230,102,1
288,36473323,153,1
289,36473414,121,1
290,36473511,92,1
291,36473602,143,1
292,36473701,129,1
293,36473781,85,1
294,36473881,130,1
295,36473975,143,1
296,36474073,87,1
297,36474155,87,1
298,36474250,150,1
299,36474349,96,1
300,36474439,106,1
301,36474535,150,1
302,36474622,106,1
303,36474720,94,1
304,36474808,151,1
305,36474890,124,1
306,36474976,88,1
307,36475058,138,1
308,36475155,134,1
309,36475244,86,1
310,36475326,126,1
311,36475425,144,1
312,36475525,91,1
313,36475608,114,1
314,36475696,151,1
315,36475788,101,1
316,36475870,101,1
317,36475964,150,1
318,36476048,113,1
319,36476131,92,1
320,36476222,145,1
321,36476303,107,1
322,36476398,86,1
323,36476490,136,1
324,36476588,139,1
325,36476687,86,1
326,36476778,118,1
327,36476878,149,1
328,36476967,91,1
329,36477062,108,1
330,36477158,151,1
331,36477246,107,1
332,36477327,98,1
333,36477410,132,1
334,36477504,120,1
335,36477589,91,1
336,36477683,142,1
337,36477775,131,1
338,36477872,86,1
339,36477969,130,1
340,36478059,147,1
341,36478150,90,1
342,36478234,120,1
343,36478330,148,1
344,36478415,99,1
345,36478498,147,1
346,36478597,153,1
347,36478689,114,1
348,36478771,93,1
349,36478869,148,1
350,36478950,124,1
351,36479045,86,1
352,36479128,137,1
353,36479216,131,1
354,36479302,86,1
355,36479395,126,1
356,36479480,147,1
357,36479580,149,1
358,36479668,116,1
359,36479757,152,1
360,36479841,100,1
361,36479931,106,1
362,36480018,153,1
363,36480110,111,1
364,36480197,92,1
365,36480283,148,1
366,36480377,121,1
367,36480474,87,1
368,36480572,138,1
369,36480672,128,1
370,36480772,87,1
371,36480870,126,1
372,36480950,148,1
373,36481034,90,1
374,36481122,115,1
375,36481213,150,1
376,36481299,101,1
377,36481388,101,1
378,36481468,150,1
379,36481548,115,1
380,36481634,92,1
381,36481714,100,1
382,36481800,123,1
383,36481896,85,1
384,36481989,138,1
385,36482086,138,1
386,36482172,85,1
387,36482253,126,1
388,36482339,147,1
389,36482420,89,1
390,36482511,111,1
391,36482600,149,1
392,36482690,100,1
393,36482785,87,1
394,36482868,151,1
395,36482948,108,1
396,36483029,93,1
397,36483118,148,1
398,36483204,124,1
399,36483289,89,1
400,36483384,138,1
401,36483469,135,1
402,36483550,85,1
403,36483647,126,1
404,36483734,147,1
405,36483820,150,1
406,36483900,115,1
407,36483988,151,1
408,36484068,99,1
409,36484160,101,1
410,36484240,153,1
411,36484337,111,1
412,36484424,92,1
413,36484522,150,1
414,36484607,120,1
415,36484707,89,1
416,36484798,141,1
417,36484897,129,1
418,36484997,87,1
419,36485081,128,1
420,36485169,145,1
421,36485249,89,1
422,36485330,116,1
423,36485425,149,1
424,36485516,96,1
425,36485612,102,1
426,36485705,150,1
427,36485802,105,1
428,36485894,94,1
429,36485976,95,1
430,36486064,117,1
431,36486144,84,1
432,36486238,139,1
433,36486320,129,1
434,36486414,84,1
435,36486502,129,1
436,36486583,138,1
437,36486676,86,1
438,36486769,119,1
439,36486864,148,1
440,36486951,95,1
441,36487042,82,1
442,36487142,150,1
443,36487235,101,1
444,36487335,101,1
445,36487428,148,1
446,36487526,115,1
447,36487607,92,1
448,36487700,145,1
449,36487781,121,1
450,36487880,86,1
451,36487976,137,1
452,36488064,135,1
453,36488144,102,1
454,36488238,123,1
455,36488318,145,1
456,36488402,88,1
457,36488485,115,1
458,36488574,149,1
459,36488665,99,1
460,36488745,97,1
461,36488839,150,1
462,36488919,106,1
463,36489016,90,1
464,36489109,147,1
465,36489202,139,1
466,36489294,86,1
467,36489386,139,1
468,36489470,130,1
469,36489565,85,1
470,36489651,128,1
471,36489737,138,1
472,36489834,86,1
473,36489929,120,1
474,36490015,146,1
475,36490106,93,1
476,36490200,106,1
477,36490289,147,1
478,36490389,101,1
479,36490487,97,1
480,36490567,147,1
481,36490647,113,1
482,36490745,91,1
483,36490833,142,1
484,36490918,124,1
485,36491002,84,1
486,36491084,132,1
487,36491172,135,1
488,36491260,85,1
489,36491352,125,1
490,36491441,143,1
491,36491536,88,1
492,36491626,110,1
493,36491723,149,1
494,36491811,95,1
495,36491895,103,1
496,36491992,150,1
497,36492087,104,1
498,36492183,95,1
499,36492273,150,1
500,36492366,118,1
501,36492457,94,1
502,36492543,141,1
503,36492642,126,1
504,36492736,84,1
505,36492833,136,1
506,36492923,140,1
507,36493015,88,1
508,36493112,125,1
509,36493208,151,1
510,36493299,94,1
511,36493392,113,1
512,36493479,151,1
513,36493562,88,1
514,36493662,101,1
515,36493743,148,1
516,36493830,109,1
517,36493921,92,1
518,36494017,149,1
519,36494108,120,1
520,36494205,84,1
521,36494293,138,1
522,36494381,129,1
523,36494463,83,1
524,36494543,128,1
525,36494638,116,1
526,36494733,86,1
527,36494826,122,1
528,36494926,150,1
529,36495026,98,1
530,36495122,116,1
531,36495208,163,1
532,36495293,114,1
533,36495389,110,1
534,36495477,169,1
535,36495564,135,1
536,36495650,120,1
537,36495740,185,1
538,36495828,167,1
539,36495923,140,1
540,36496008,203,1
541,36496091,214,1
542,36496189,185,1
543,36496279,244,1
544,36496362,277,1
545,36496445,245,1
546,36496531,298,1
547,36496631,348,1
548,36496726,321,1
549,36496826,387,1
550,36496911,416,1
551,36496992,389,1
552,36497091,397,1
553,36497185,466,1
554,36497277,438,1
555,36497366,418,1
556,36497452,472,1
557,36497542,453,1
558,36497637,406,1
559,36497727,454,1
560,36497814,438,1
561,36497905,400,1
562,36497997,408,1
563,36498077,410,1
564,36498169,338,1
565,36498266,350,1
566,36498359,361,1
567,36498449,288,1
568,36498544,279,1
569,36498631,306,1
570,36498712,247,1
571,36498801,225,1
572,36498888,264,1
573,36498973,191,1
574,36499071,185,1
575,36499154,239,1
576,36499251,210,1
577,36499343,178,1
578,36499441,247,1
579,36499529,269,1
580,36499618,246,1
581,36499702,312,1
582,36499802,345,1
583,36499897,295,1
584,36499991,328,1
585,36500076,313,1
586,36500175,311,1
587,36500263,326,1
588,36500351,373,1
589,36500431,326,1
590,36500531,303,1
591,36500612,344,1
592,36500709,292,1
593,36500796,254,1
594,36500894,300,1
595,36500992,273,1
596,36501073,234,1
597,36501162,291,1
598,36501262,286,1
599,36501354,239,1
600,36501450,285,1
601,36501547,302,1
602,36501629,254,1
603,36501709,286,1
604,36501794,318,1
605,36501887,268,1
606,36501971,285,1
607,36502070,324,1
608,36502163,278,1
609,36502246,320,1
610,36502328,324,1
611,36502414,277,1
612,36502499,250,1
613,36502594,302,0
614,36502675,280,0
615,36502756,231,0
616,36502844,279,0
617,36502939,270,0
618,36503030,220,0
619,36503124,256,0
620,36503214,267,0
621,36503305,238,0
622,36503404,238,0
623,36503500,267,0
624,36503597,210,0
625,36503689,223,0
626,36503772,263,0
627,36503859,213,0
628,36503951,209,0
629,36504034,262,0
630,36504114,223,0
631,36504206,200,0
632,36504298,255,0
633,36504386,194,0
634,36504481,195,0
635,36504580,248,0
636,36504672,244,0
637,36504770,193,0
638,36504857,233,0
639,36504946,248,0
640,36505031,193,0
641,36505120,224,0
642,36505218,253,0
643,36505298,200,0
644,36505391,215,0
645,36505475,203,0
646,36505565,208,0
647,36505645,203,0
648,36505729,254,0
649,36505818,217,0
650,36505918,196,0
651,36506015,251,0
652,36506115,231,0
653,36506210,191,0
654,36506290,240,0
655,36506382,240,0
656,36506463,192,0
657,36506543,243,0
658,36506633,245,0
659,36506730,193,0
660,36506825,220,0
661,36506917,250,0
662,36507004,196,0
663,36507104,210,0
664,36507194,250,0
665,36507288,205,0
666,36507381,200,0
667,36507480,255,0
668,36507574,217,0
669,36507663,252,0
670,36507763,249,0
671,36507847,226,0
672,36507932,192,0
673,36508028,238,0
674,36508116,236,0
675,36508216,190,0
676,36508313,231,0
677,36508393,248,0
678,36508489,192,0
679,36508569,221,0
680,36508660,252,0
681,36508748,231,0
682,36508842,209,0
683,36508926,257,0
684,36509015,207,0
685,36509108,197,0
686,36509192,253,0
687,36509277,214,0
688,36509358,194,0
689,36509452,249,0
690,36509548,229,0
691,36509639,189,0
692,36509724,241,0
693,36509823,197,0
694,36509910,186,0
695,36509997,230,0
696,36510086,241,0
697,36510180,191,0
698,36510276,221,0
699,36510373,252,0
700,36510453,197,0
701,36510534,209,0
702,36510623,254,0
703,36510718,205,0
704,36510816,201,0
705,36510908,192,0
706,36511006,216,0
707,36511086,190,0
708,36511185,248,0
709,36511268,225,0
710,36511349,185,0
711,36511438,239,0
712,36511535,238,0
713,36511629,187,0
714,36511712,232,0
715,36511799,242,0
716,36511884,188,0
717,36511980,233,0
718,36512067,249,0
719,36512165,195,0
720,36512261,208,0
721,36512357,254,0
722,36512440,200,0
723,36512530,199,0
724,36512618,253,0
725,36512708,212,0
726,36512801,190,0
727,36512886,247,0
728,36512966,227,0
729,36513065,256,0
730,36513145,238,0
731,36513237,234,0
732,36513327,187,0
733,36513427,230,0
734,36513507,240,0
735,36513591,188,0
736,36513678,219,0
737,36513764,248,0
738,36513847,192,0
739,36513935,208,0
740,36514033,251,0
741,36514121,239,0
742,36514214,198,0
743,36514303,252,0
744,36514383,218,0
745,36514473,194,0
746,36514553,243,0
747,36514634,226,0
748,36514725,189,0
749,36514812,243,0
750,36514897,235,0
751,36514987,187,0
752,36515075,229,0
753,36515168,199,0
754,36515260,188,0
755,36515342,221,0
756,36515438,252,0
757,36515521,197,0
758,36515619,211,0
759,36515712,252,0
760,36515798,205,0
761,36515898,199,0
762,36515997,251,0
763,36516087,215,0
764,36516174,189,0
765,36516259,188,0
766,36516350,226,0
767,36516445,186,0
768,36516533,240,0
769,36516614,236,0
770,36516710,184,0
771,36516798,226,0
772,36516880,243,0
773,36516969,189,0
774,36517060,220,0
775,36517156,251,0
776,36517241,195,0
777,36517340,217,0
778,36517427,252,0
779,36517514,204,0
780,36517601,199,0
781,36517692,254,0
782,36517781,212,0
783,36517879,191,0
