0,36447261,174,0
1,36447353,110,0
2,36447433,164,0
3,36447532,185,0
4,36447612,112,0
5,36447694,148,0
6,36447780,193,0
7,36447864,124,0
8,36447944,133,0
9,36448043,191,0
10,36448124,136,0
11,36448205,122,0
12,36448286,190,0
13,36448375,150,0
14,36448465,111,0
15,36448553,181,0
16,36448642,127,0
17,36448728,111,0
18,36448824,172,0
19,36448909,178,0
20,36448990,110,0
21,36449071,159,0
22,36449168,186,0
23,36449256,114,0
24,36449342,144,0
25,36449425,192,0
26,36449510,128,0
27,36449595,129,0
28,36449695,165,0
29,36449776,140,0
30,36449867,120,0
31,36449951,187,0
32,36450031,155,0
33,36450117,108,0
34,36450203,178,0
35,36450299,172,0
36,36450383,111,0
37,36450473,167,0
38,36450556,182,0
39,36450648,110,0
40,36450728,192,0
41,36450820,189,0
42,36450906,122,0
43,36450994,138,0
44,36451094,193,0
45,36451187,132,0
46,36451287,123,0
47,36451373,190,0
48,36451464,148,0
49,36451558,117,0
50,36451639,188,0
51,36451731,164,0
52,36451814,179,0
53,36451896,173,0
54,36451985,176,0
55,36452078,112,0
56,36452170,163,0
57,36452258,189,0
58,36452339,118,0
59,36452431,146,0
60,36452527,191,0
61,36452619,125,0
62,36452705,130,0
63,36452792,194,0
64,36452883,139,0
65,36452981,118,0
66,36453081,190,0
67,36453164,156,0
68,36453255,111,0
69,36453352,181,0
70,36453448,166,0
71,36453535,116,0
72,36453630,167,0
73,36453729,182,0
74,36453825,112,0
75,36453908,110,0
76,36453991,189,0
77,36454080,119,0
78,36454174,140,0
79,36454265,192,0
80,36454351,135,0
81,36454438,125,0
82,36454524,192,0
83,36454613,148,0
84,36454700,114,0
85,36454791,184,0
86,36454890,161,0
87,36454988,117,0
88,36455080,169,0
89,36455174,171,0
90,36455257,109,0
91,36455338,155,0
92,36455420,184,0
93,36455519,114,0
94,36455605,135,0
95,36455703,186,0
96,36455796,120,0
97,36455881,123,0
98,36455967,185,0
99,36456049,148,0
100,36456132,111,0
101,36456217,110,0
102,36456297,149,0
103,36456384,183,0
104,36456477,166,0
105,36456569,116,0
106,36456666,100,0
107,36456750,133,0
108,36456847,175,0
109,36456937,178,0
110,36457020,141,0
111,36457101,104,0
112,36457182,120,0
113,36457272,170,0
114,36457366,192,0
115,36457466,159,0
116,36457564,119,0
117,36457661,117,0
118,36457746,155,0
119,36457826,191,0
120,36457925,174,0
121,36458023,118,0
122,36458117,100,0
123,36458210,129,0
124,36458305,161,0
125,36458388,156,0
126,36458478,111,0
127,36458566,61,1
128,36458652,72,1
129,36458750,110,1
130,36458847,119,1
131,36458942,81,1
132,36459035,41,1
133,36459120,33,1
134,36459204,74,1
135,36459287,113,1
136,36459381,102,1
137,36459474,53,1
138,36459567,43,1
139,36459654,93,1
140,36459750,133,1
141,36459832,144,1
142,36459928,114,1
143,36460018,87,1
144,36460105,108,1
145,36460188,163,1
146,36460287,188,1
147,36460375,158,1
148,36460472,130,1
149,36460554,131,1
150,36460642,176,1
151,36460734,218,1
152,36460822,205,1
153,36460910,160,1
154,36461009,150,1
155,36461096,189,1
156,36461191,235,1
157,36461290,236,1
158,36461386,200,1
159,36461473,168,1
160,36461560,187,1
161,36461652,238,1
162,36461738,253,1
163,36461832,219,1
164,36461916,178,1
165,36462015,182,1
166,36462098,224,1
167,36462183,254,1
168,36462271,232,1
169,36462362,184,1
170,36462445,172,1
171,36462526,213,1
172,36462624,249,1
173,36462722,242,1
174,36462806,199,1
175,36462896,171,1
176,36462995,196,1
177,36463080,243,1
178,36463174,250,1
179,36463271,206,1
180,36463355,177,1
181,36463452,186,1
182,36463532,230,1
183,36463625,252,1
184,36463708,229,1
185,36463794,178,1
186,36463890,175,1
187,36463982,220,1
188,36464073,250,1
189,36464158,232,1
190,36464239,191,1
191,36464331,170,1
192,36464414,203,1
193,36464508,248,1
194,36464601,247,1
195,36464696,202,1
196,36464786,172,1
197,36464881,194,1
198,36464963,236,1
199,36465046,250,1
200,36465138,219,1
201,36465233,175,1
202,36465331,179,1
203,36465431,229,1
204,36465529,252,1
205,36465611,229,1
206,36465708,184,1
207,36465794,174,1
208,36465893,210,1
209,36465990,253,1
210,36466073,241,1
211,36466167,190,1
212,36466264,171,1
213,36466360,201,1
214,36466447,244,1
215,36466541,247,1
216,36466622,204,1
217,36466722,172,1
218,36466804,186,1
219,36466897,237,1
220,36466991,253,1
221,36467078,219,1
222,36467165,177,1
223,36467259,181,1
224,36467349,221,1
225,36467434,254,1
226,36467532,233,1
227,36467628,183,1
228,36467722,173,1
229,36467818,211,1
230,36467914,249,1
231,36468012,239,1
232,36468105,197,1
233,36468186,168,1
234,36468283,201,1
235,36468368,249,1
236,36468449,250,1
237,36468530,204,1
238,36468621,172,1
239,36468713,190,1
240,36468797,232,1
241,36468878,251,1
242,36468972,223,1
243,36469052,171,1
244,36469138,179,1
245,36469228,227,1
246,36469316,255,1
247,36469408,231,1
248,36469497,184,1
249,36469588,172,1
250,36469683,211,1
251,36469780,248,1
252,36469865,239,1
253,36469960,191,1
254,36470054,172,1
255,36470141,203,1
256,36470238,240,1
257,36470324,247,1
258,36470409,208,1
259,36470509,171,1
260,36470601,185,1
261,36470684,235,1
262,36470781,251,1
263,36470861,213,1
264,36470951,176,1
265,36471040,181,1
266,36471124,221,1
267,36471224,257,1
268,36471305,232,1
269,36471386,181,1
270,36471471,171,1
271,36471564,219,1
272,36471654,248,1
273,36471742,244,1
274,36471837,198,1
275,36471920,178,1
276,36472007,207,1
277,36472093,254,1
278,36472192,257,1
279,36472278,211,1
280,36472372,178,1
281,36472467,202,1
282,36472566,244,1
283,36472652,258,1
284,36472748,226,1
285,36472842,182,1
286,36472925,188,1
287,36473015,233,1
288,36473095,263,1
289,36473194,231,1
290,36473276,187,1
291,36473372,183,1
292,36473458,219,1
293,36473550,260,1
294,36473630,245,1
295,36473724,190,1
296,36473806,178,1
297,36473893,212,1
298,36473974,249,1
299,36474058,242,1
300,36474152,199,1
301,36474251,167,1
302,36474344,189,1
303,36474431,237,1
304,36474524,245,1
305,36474615,207,1
306,36474699,175,1
307,36474779,187,1
308,36474863,229,1
309,36474945,256,1
310,36475036,227,1
311,36475131,180,1
312,36475218,177,1
313,36475302,223,1
314,36475394,251,1
315,36475488,234,1
316,36475576,189,1
317,36475671,173,1
318,36475765,207,1
319,36475861,252,1
320,36475946,246,1
321,36476030,198,1
322,36476125,172,1
323,36476211,199,1
324,36476299,241,1
325,36476385,253,1
326,36476478,215,1
327,36476561,172,1
328,36476648,185,1
329,36476729,238,1
330,36476819,254,1
331,36476918,220,1
332,36477012,177,1
333,36477108,181,1
334,36477192,221,1
335,36477287,256,1
336,36477381,235,1
337,36477473,185,1
338,36477568,170,1
339,36477650,212,1
340,36477741,253,1
341,36477827,243,1
342,36477911,197,1
343,36478005,175,1
344,36478103,199,1
345,36478192,250,1
346,36478290,253,1
347,36478381,208,1
348,36478469,175,1
349,36478558,192,1
350,36478646,234,1
351,36478732,258,1
352,36478824,224,1
353,36478907,176,1
354,36478993,180,1
355,36479089,229,1
356,36479187,255,1
357,36479284,232,1
358,36479374,188,1
359,36479462,175,1
360,36479560,209,1
361,36479652,255,1
362,36479732,244,1
363,36479824,190,1
364,36479922,173,1
365,36480002,204,1
366,36480094,246,1
367,36480183,250,1
368,36480277,206,1
369,36480364,170,1
370,36480453,186,1
371,36480553,237,1
372,36480636,252,1
373,36480716,215,1
374,36480805,175,1
375,36480888,181,1
376,36480972,223,1
377,36481052,251,1
378,36481152,229,1
379,36481244,178,1
380,36481335,173,1
381,36481432,213,1
382,36481525,249,1
383,36481618,234,1
384,36481702,192,1
385,36481794,168,1
386,36481874,197,1
387,36481955,242,1
388,36482035,242,1
389,36482133,192,1
390,36482219,162,1
391,36482303,180,1
392,36482390,220,1
393,36482480,240,1
394,36482560,208,1
395,36482642,158,1
396,36482725,162,1
397,36482807,206,1
398,36482897,228,1
399,36482990,198,1
400,36483089,154,1
401,36483176,140,1
402,36483276,173,1
403,36483357,210,1
404,36483444,195,1
405,36483529,144,1
406,36483624,120,1
407,36483708,151,1
408,36483793,182,1
409,36483879,182,1
410,36483975,132,1
411,36484070,92,1
412,36484162,108,1
413,36484245,154,1
414,36484341,163,1
415,36484434,114,1
416,36484533,69,1
417,36484618,73,1
418,36484713,111,1
419,36484796,131,1
420,36484883,100,1
421,36484971,51,1
422,36485065,38,1
423,36485165,82,1
424,36485253,111,1
425,36485350,94,1
426,36485440,49,1
427,36485536,31,1
428,36485633,64,1
429,36485715,113,1
430,36485800,118,1
431,36485897,72,1
432,36485983,54,1
433,36486075,95,1
434,36486175,148,1
435,36486269,167,1
436,36486362,140,1
437,36486455,185,1
438,36486537,119,1
439,36486634,135,1
440,36486720,190,1
441,36486817,132,1
442,36486900,114,0
443,36486982,182,0
444,36487068,142,0
445,36487157,104,0
446,36487254,166,0
447,36487341,182,0
448,36487424,101,0
449,36487524,152,0
450,36487615,185,0
451,36487707,114,0
452,36487807,143,0
453,36487891,197,0
454,36487989,129,0
455,36488080,121,0
456,36488161,188,0
457,36488248,146,0
458,36488348,111,0
459,36488448,181,0
460,36488537,170,0
461,36488631,108,0
462,36488724,167,0
463,36488808,186,0
464,36488891,115,0
465,36488987,148,0
466,36489078,191,0
467,36489161,125,0
468,36489259,131,0
469,36489341,196,0
470,36489425,146,0
471,36489517,156,0
472,36489608,189,0
473,36489691,166,0
474,36489778,114,0
475,36489858,174,0
476,36489950,182,0
477,36490049,113,0
478,36490147,156,0
479,36490244,194,0
480,36490325,123,0
481,36490416,137,0
482,36490500,195,0
483,36490580,131,0
484,36490674,124,0
485,36490765,192,0
486,36490856,161,0
487,36490936,111,0
488,36491027,183,0
489,36491123,178,0
490,36491223,111,0
491,36491322,159,0
492,36491408,191,0
493,36491496,119,0
494,36491578,142,0
495,36491661,114,0
496,36491759,131,0
497,36491856,125,0
498,36491939,198,0
499,36492023,151,0
500,36492105,117,0
501,36492187,183,0
502,36492277,172,0
503,36492365,111,0
504,36492458,168,0
505,36492552,186,0
506,36492632,113,0
507,36492728,115,0
508,36492823,198,0
509,36492921,170,0
510,36493010,136,0
511,36493101,168,0
512,36493183,145,0
513,36493270,118,0
514,36493359,190,0
515,36493455,195,0
516,36493540,112,0
517,36493639,133,0
518,36493719,180,0
519,36493810,146,0
520,36493898,159,0
521,36493992,137,0
522,36494076,124,0
523,36494166,128,0
