0,36447261,-430,0
1,36447360,-431,0
2,36447457,-427,0
3,36447537,-452,0
4,36447622,-485,0
5,36447718,-461,0
6,36447814,-444,0
7,36447895,-373,0
8,36447984,-200,0
9,36448069,-11,0
10,36448168,59,0
11,36448250,68,0
12,36448350,181,0
13,36448446,189,0
14,36448530,94,0
15,36448610,129,0
16,36448708,155,0
17,36448796,50,0
18,36448887,101,0
19,36448973,177,0
20,36449061,100,0
21,36449151,90,0
22,36449232,177,0
23,36449316,89,0
24,36449408,75,0
25,36449500,169,0
26,36449583,158,0
27,36449677,82,0
28,36449764,150,0
29,36449853,177,0
30,36449949,89,0
31,36450030,126,0
32,36450127,186,0
33,36450210,100,0
34,36450305,100,0
35,36450398,186,0
36,36450497,125,0
37,36450589,84,0
38,36450683,172,0
39,36450767,151,0
40,36450847,86,0
41,36450947,159,0
42,36451038,173,0
43,36451120,83,0
44,36451220,134,0
45,36451319,186,0
46,36451404,101,0
47,36451503,112,0
48,36451597,176,0
49,36451694,92,0
50,36451794,131,0
51,36451882,187,0
52,36451980,103,0
53,36452065,107,0
54,36452156,189,0
55,36452251,127,0
56,36452333,92,0
57,36452424,178,0
58,36452505,148,0
59,36452591,148,0
60,36452685,162,0
61,36452765,172,0
62,36452857,86,0
63,36452955,139,0
64,36453035,186,0
65,36453118,99,0
66,36453212,115,0
67,36453308,190,0
68,36453399,118,0
69,36453494,96,0
70,36453588,184,0
71,36453681,174,0
72,36453780,87,0
73,36453870,169,0
74,36453964,163,0
75,36454051,86,0
76,36454137,149,0
77,36454219,178,0
78,36454305,91,0
79,36454394,124,0
80,36454477,191,0
81,36454574,107,0
82,36454655,97,0
83,36454740,188,0
84,36454839,133,0
85,36454936,88,0
86,36455024,171,0
87,36455111,153,0
88,36455205,81,0
89,36455287,155,0
90,36455376,175,0
91,36455461,89,0
92,36455553,131,0
93,36455637,185,0
94,36455727,101,0
95,36455814,175,0
96,36455898,188,0
97,36455979,122,0
98,36456066,92,0
99,36456159,179,0
100,36456246,146,0
101,36456326,83,0
102,36456423,161,0
103,36456520,167,0
104,36456607,82,0
105,36456697,137,0
106,36456794,180,0
107,36456876,150,0
108,36456974,115,0
109,36457054,191,0
110,36457153,115,0
111,36457246,95,0
112,36457330,184,0
113,36457410,136,0
114,36457509,87,0
115,36457589,172,0
116,36457689,159,0
117,36457774,81,0
118,36457874,146,0
119,36457970,115,0
120,36458063,91,0
121,36458146,126,0
122,36458236,189,0
123,36458318,108,0
124,36458416,101,0
125,36458497,185,0
126,36458588,131,0
127,36458682,87,0
128,36458774,175,0
129,36458866,153,0
130,36458963,85,0
131,36459048,89,0
132,36459128,174,0
133,36459216,88,0
134,36459311,129,0
135,36459406,187,0
136,36459493,102,0
137,36459583,108,0
138,36459683,188,0
139,36459779,124,1
140,36459866,92,1
141,36459959,185,1
142,36460056,176,1
143,36460142,121,1
144,36460230,221,1
145,36460325,239,1
146,36460422,156,1
147,36460508,209,1
148,36460607,249,1
149,36460707,161,1
150,36460799,179,1
151,36460886,249,1
152,36460984,179,1
153,36461075,157,1
154,36461162,156,1
155,36461248,209,1
156,36461343,150,1
157,36461423,235,1
158,36461505,231,1
159,36461604,150,1
160,36461691,210,1
161,36461789,241,1
162,36461884,149,1
163,36461972,178,1
164,36462072,235,1
165,36462155,157,1
166,36462238,174,1
167,36462320,226,1
168,36462419,169,1
169,36462507,118,1
170,36462597,200,1
171,36462685,179,1
172,36462777,100,1
173,36462865,167,1
174,36462945,186,1
175,36463034,93,1
176,36463129,129,1
177,36463210,184,1
178,36463293,156,1
179,36463382,95,1
180,36463470,175,1
181,36463558,109,1
182,36463651,75,1
183,36463747,160,1
184,36463840,135,1
185,36463934,65,1
186,36464025,142,1
187,36464115,157,1
188,36464208,67,1
189,36464307,121,1
190,36464394,170,1
191,36464493,80,1
192,36464582,98,1
193,36464662,172,1
194,36464750,102,1
195,36464841,75,1
196,36464936,168,1
197,36465017,127,1
198,36465100,67,1
199,36465196,152,1
200,36465293,144,1
201,36465378,65,1
202,36465474,172,1
203,36465559,162,1
204,36465656,77,1
205,36465755,105,1
206,36465840,171,1
207,36465920,94,1
208,36466008,83,1
209,36466093,169,1
210,36466190,119,1
211,36466275,70,1
212,36466357,153,1
213,36466440,138,1
214,36466524,150,1
215,36466605,136,1
216,36466688,159,1
217,36466773,71,1
218,36466867,114,1
219,36466954,169,1
220,36467044,87,1
221,36467143,91,1
222,36467232,170,1
223,36467332,106,1
224,36467414,75,1
225,36467504,165,1
226,36467585,120,1
227,36467681,68,1
228,36467777,147,1
229,36467865,150,1
230,36467959,71,1
231,36468051,124,1
232,36468142,171,1
233,36468223,83,1
234,36468306,99,1
235,36468400,175,1
236,36468496,103,1
237,36468577,85,1
238,36468674,88,1
239,36468765,128,1
240,36468863,75,1
241,36468963,157,1
242,36469051,154,1
243,36469133,75,1
244,36469222,142,1
245,36469308,172,1
246,36469400,88,1
247,36469489,121,1
248,36469589,186,1
249,36469669,109,1
250,36469753,88,1
251,36469845,192,1
252,36469939,136,1
253,36470034,98,1
254,36470118,184,1
255,36470207,168,1
256,36470305,98,1
257,36470387,175,1
258,36470473,193,1
259,36470555,110,1
260,36470652,162,1
261,36470736,212,1
262,36470833,119,1
263,36470918,147,1
264,36471008,228,1
265,36471100,160,1
266,36471187,138,1
267,36471287,229,1
268,36471377,193,1
269,36471470,133,1
270,36471558,221,1
271,36471645,221,1
272,36471733,145,1
273,36471821,211,1
274,36471908,182,1
275,36472003,156,1
276,36472101,190,1
277,36472182,253,1
278,36472265,176,1
279,36472345,167,1
280,36472439,249,1
281,36472530,187,1
282,36472615,145,1
283,36472696,232,1
284,36472794,215,1
285,36472889,144,1
286,36472976,220,1
287,36473056,234,1
288,36473146,150,1
289,36473236,199,1
290,36473323,246,1
291,36473408,159,1
292,36473496,175,1
293,36473586,253,1
294,36473684,183,1
295,36473783,156,1
296,36473867,243,1
297,36473950,243,1
298,36474047,137,1
299,36474129,221,1
300,36474225,208,1
301,36474309,123,1
302,36474409,177,1
303,36474492,202,1
304,36474583,106,1
305,36474674,134,1
306,36474757,192,1
307,36474842,108,1
308,36474922,106,1
309,36475021,188,0
310,36475103,130,0
311,36475185,88,0
312,36475274,177,0
313,36475371,151,0
314,36475465,82,0
315,36475555,160,0
316,36475638,170,0
317,36475729,87,0
318,36475817,143,0
319,36475900,184,0
320,36475991,96,0
321,36476073,162,0
322,36476161,192,0
323,36476255,114,0
324,36476350,99,0
325,36476433,185,0
326,36476523,137,0
327,36476617,87,0
328,36476713,172,0
329,36476812,159,0
330,36476912,81,0
331,36476992,153,0
332,36477086,176,0
333,36477172,120,0
334,36477270,129,0
335,36477359,187,0
336,36477453,101,0
337,36477551,113,0
338,36477631,191,0
339,36477711,122,0
340,36477797,93,0
341,36477881,183,0
342,36477972,143,0
343,36478072,87,0
344,36478170,168,0
345,36478255,88,0
346,36478349,86,0
347,36478446,147,0
348,36478546,179,0
349,36478646,90,0
350,36478743,129,0
351,36478830,188,0
352,36478927,104,0
353,36479014,105,0
354,36479106,191,0
355,36479188,125,0
356,36479272,92,0
357,36479365,83,0
358,36479453,148,0
359,36479541,82,0
360,36479625,165,0
361,36479710,164,0
362,36479807,81,0
363,36479892,144,0
364,36479981,182,0
365,36480080,92,0
366,36480167,125,0
367,36480248,188,0
368,36480347,108,0
369,36480434,115,0
370,36480519,186,0
371,36480600,127,0
372,36480695,91,0
373,36480779,179,0
374,36480872,152,0
375,36480964,81,0
376,36481053,162,0
377,36481149,168,0
378,36481243,82,0
379,36481333,142,0
380,36481432,179,0
381,36481515,161,0
382,36481614,122,0
383,36481699,189,0
384,36481780,111,0
385,36481867,104,0
386,36481948,187,0
387,36482044,130,0
388,36482129,88,0
389,36482217,179,0
390,36482316,154,0
391,36482406,82,0
392,36482496,163,0
393,36482596,188,0
394,36482687,83,0
395,36482780,143,0
396,36482872,178,0
397,36482966,91,0
398,36483056,122,0
399,36483144,187,0
400,36483228,107,0
401,36483312,101,0
402,36483412,186,0
403,36483499,130,0
404,36483583,89,0
405,36483669,83,0
406,36483755,146,0
407,36483846,81,0
408,36483944,162,0
