0,36447261,617,0
1,36447350,646,0
2,36447432,620,0
3,36447518,617,0
4,36447605,648,0
5,36447687,636,0
6,36447778,613,0
7,36447878,639,0
8,36447960,635,0
9,36448053,611,0
10,36448149,637,0
11,36448237,641,0
12,36448328,612,0
13,36448424,631,0
14,36448508,646,0
15,36448596,616,0
16,36448683,635,0
17,36448770,643,0
18,36448866,617,0
19,36448956,618,0
20,36449056,645,0
21,36449144,625,0
22,36449225,611,0
23,36449320,641,0
24,36449410,630,0
25,36449504,610,0
26,36449596,638,0
27,36449688,634,0
28,36449773,618,0
29,36449857,634,0
30,36449947,640,0
31,36450036,613,0
32,36450118,627,0
33,36450207,646,0
34,36450297,615,0
35,36450383,619,0
36,36450464,653,0
37,36450554,618,0
38,36450640,613,0
39,36450731,644,0
40,36450824,608,0
41,36450917,613,0
42,36451010,643,0
43,36451092,632,0
44,36451181,604,0
45,36451267,640,0
46,36451357,640,0
47,36451446,608,0
48,36451538,630,0
49,36451632,644,0
50,36451714,613,0
51,36451797,625,0
52,36451888,617,0
53,36451983,619,0
54,36452070,620,0
55,36452168,648,0
56,36452263,630,0
57,36452359,615,0
58,36452450,646,0
59,36452536,628,0
60,36452635,610,0
61,36452726,636,0
62,36452821,636,0
63,36452902,611,0
64,36452985,632,0
65,36453073,643,0
66,36453156,613,0
67,36453248,630,0
68,36453337,646,0
69,36453421,615,0
70,36453517,623,0
71,36453609,647,0
72,36453702,616,0
73,36453782,619,0
74,36453870,649,0
75,36453970,647,0
76,36454066,613,0
77,36454160,643,0
78,36454245,628,0
79,36454337,611,0
80,36454420,637,0
81,36454500,636,0
82,36454588,610,0
83,36454688,632,0
84,36454773,642,0
85,36454855,613,0
86,36454936,626,0
87,36455025,639,0
88,36455111,616,0
89,36455202,615,0
90,36455294,641,0
91,36455380,621,0
92,36455480,613,0
93,36455568,644,0
94,36455657,631,0
95,36455750,609,0
96,36455844,636,0
97,36455934,640,0
98,36456027,618,0
99,36456111,623,0
100,36456191,640,0
101,36456290,640,0
102,36456375,627,0
103,36456458,611,0
104,36456543,620,0
105,36456642,637,0
106,36456742,645,0
107,36456822,632,0
108,36456916,617,0
109,36457013,612,0
110,36457102,628,0
111,36457191,641,0
112,36457281,642,0
113,36457373,618,0
114,36457469,618,0
115,36457554,624,0
116,36457637,640,0
117,36457736,645,0
118,36457822,633,0
119,36457910,613,0
120,36457997,617,0
121,36458085,639,0
122,36458170,647,0
123,36458252,633,0
124,36458344,616,0
125,36458425,614,0
126,36458523,629,0
127,36458612,649,0
128,36458709,640,0
129,36458790,620,0
130,36458877,613,0
131,36458975,623,0
132,36459075,644,0
133,36459160,647,0
134,36459252,635,0
135,36459334,630,0
136,36459428,622,0
137,36459526,643,0
138,36459613,651,0
139,36459701,640,0
140,36459799,621,0
141,36459883,625,0
142,36459983,638,0
143,36460077,656,0
144,36460177,651,0
145,36460266,646,0
146,36460351,625,0
147,36460431,639,0
148,36460521,660,0
149,36460619,670,0
150,36460709,650,0
151,36460807,640,0
152,36460890,645,0
153,36460976,672,0
154,36461064,687,0
155,36461152,675,0
156,36461248,679,0
157,36461328,677,0
158,36461420,701,0
159,36461519,729,0
160,36461607,731,0
161,36461699,717,1
162,36461793,735,1
163,36461878,751,1
164,36461973,777,1
165,36462063,724,1
166,36462146,658,1
167,36462241,571,1
168,36462339,569,1
169,36462438,617,1
170,36462538,662,1
171,36462623,681,1
172,36462712,740,1
173,36462800,729,1
174,36462880,638,1
175,36462970,552,1
176,36463056,495,1
177,36463148,441,1
178,36463235,420,1
179,36463325,425,1
180,36463421,436,1
181,36463505,425,1
182,36463591,406,1
183,36463690,395,1
184,36463773,413,1
185,36463855,435,1
186,36463943,437,1
187,36464042,414,1
188,36464123,405,1
189,36464222,409,1
190,36464315,432,1
191,36464401,450,1
192,36464484,439,1
193,36464581,422,1
194,36464668,417,1
195,36464759,431,1
196,36464844,435,1
197,36464939,425,1
198,36465029,390,1
199,36465120,377,1
200,36465215,392,1
201,36465299,417,1
202,36465381,422,1
203,36465466,400,1
204,36465560,400,1
205,36465657,415,1
206,36465743,438,1
207,36465828,455,1
208,36465918,445,1
209,36466015,436,1
210,36466099,435,1
211,36466179,458,1
212,36466279,474,1
213,36466379,459,1
214,36466459,446,1
215,36466554,442,1
216,36466643,456,1
217,36466742,473,1
218,36466824,470,1
219,36466919,449,1
220,36467017,445,1
221,36467112,465,1
222,36467195,482,1
223,36467288,474,1
224,36467375,456,1
225,36467469,441,1
226,36467549,443,1
227,36467634,471,1
228,36467729,477,1
229,36467818,460,1
230,36467914,440,1
231,36467999,446,1
232,36468090,464,1
233,36468188,475,1
234,36468285,467,1
235,36468381,444,1
236,36468478,440,1
237,36468571,459,1
238,36468655,482,1
239,36468753,481,1
240,36468852,462,1
241,36468947,446,1
242,36469041,451,1
243,36469133,475,1
244,36469214,471,1
245,36469306,453,1
246,36469406,441,1
247,36469500,447,1
248,36469596,469,1
249,36469693,476,1
250,36469784,463,1
251,36469874,441,1
252,36469967,445,1
253,36470047,470,1
254,36470135,476,1
255,36470215,464,1
256,36470315,443,1
257,36470401,446,1
258,36470492,456,1
259,36470573,487,1
260,36470664,470,1
261,36470747,447,1
262,36470845,443,1
263,36470941,454,1
264,36471037,473,1
265,36471124,469,1
266,36471214,454,1
267,36471311,440,1
268,36471406,449,1
269,36471487,482,1
270,36471572,480,1
271,36471660,459,1
272,36471740,444,1
273,36471826,448,1
274,36471921,461,1
275,36472002,476,1
276,36472090,460,1
277,36472175,443,1
278,36472265,444,1
279,36472347,459,1
280,36472447,485,1
281,36472541,477,1
282,36472623,451,1
283,36472708,437,1
284,36472788,454,1
285,36472882,471,1
286,36472979,467,1
287,36473070,1,1
288,36473153,437,1
289,36473241,461,1
290,36473326,478,1
291,36473414,477,1
292,36473507,460,1
293,36473597,442,1
294,36473688,446,1
295,36473786,469,1
296,36473867,478,1
297,36473949,477,1
298,36474035,449,1
299,36474135,442,1
300,36474223,457,1
301,36474312,477,1
302,36474392,467,1
303,36474482,444,1
304,36474570,440,1
305,36474661,456,1
306,36474756,479,1
307,36474842,471,1
308,36474939,452,1
309,36475029,443,1
310,36475123,455,1
311,36475210,471,1
312,36475294,475,1
313,36475384,454,1
314,36475483,437,1
315,36475574,448,1
316,36475673,468,1
317,36475763,477,1
318,36475843,462,1
319,36475940,443,1
320,36476024,444,1
321,36476114,466,1
322,36476201,477,1
323,36476290,465,1
324,36476370,446,1
325,36476459,442,1
326,36476555,456,1
327,36476646,477,1
328,36476744,471,1
329,36476824,450,1
330,36476920,441,1
331,36477001,454,1
332,36477084,482,1
333,36477181,477,1
334,36477275,454,1
335,36477358,442,1
336,36477442,449,1
337,36477542,471,1
338,36477638,474,1
339,36477731,455,1
340,36477827,446,1
341,36477912,447,1
342,36478012,463,1
343,36478107,476,1
344,36478207,464,1
345,36478307,443,1
346,36478405,442,1
347,36478487,462,1
348,36478571,471,1
349,36478657,476,1
350,36478743,456,1
351,36478832,443,1
352,36478930,452,1
353,36479027,467,1
354,36479126,477,1
355,36479209,453,1
356,36479289,441,1
357,36479388,448,1
358,36479476,469,1
359,36479563,485,1
360,36479655,461,1
361,36479747,449,1
362,36479834,451,1
363,36479923,469,1
364,36480017,479,1
365,36480099,465,1
366,36480179,443,1
367,36480277,441,1
368,36480358,458,1
369,36480439,476,1
370,36480537,471,1
371,36480636,447,1
372,36480716,437,1
373,36480811,455,1
374,36480895,474,1
375,36480979,473,1
376,36481076,453,1
377,36481169,441,1
378,36481264,448,1
379,36481346,469,1
380,36481445,477,1
381,36481534,458,1
382,36481628,441,1
383,36481710,445,1
384,36481791,461,1
385,36481875,478,1
386,36481955,466,1
387,36482050,443,1
388,36482132,442,1
389,36482226,464,1
390,36482317,492,1
391,36482413,472,1
392,36482494,451,1
393,36482582,442,1
394,36482672,454,1
395,36482768,473,1
396,36482852,474,1
397,36482934,449,1
398,36483031,439,1
399,36483119,453,1
400,36483216,470,1
401,36483311,477,1
402,36483400,458,1
403,36483496,443,1
404,36483587,443,1
405,36483675,467,1
406,36483771,478,1
407,36483854,464,1
408,36483954,445,1
409,36484052,442,1
410,36484136,459,1
411,36484219,479,1
412,36484307,466,1
413,36484395,446,1
414,36484490,442,1
415,36484571,462,1
416,36484653,474,1
417,36484742,469,1
418,36484835,455,1
419,36484931,442,1
420,36485028,447,1
421,36485123,480,1
422,36485204,485,1
423,36485303,456,1
424,36485394,443,1
425,36485487,448,1
426,36485571,468,1
427,36485665,477,1
428,36485756,462,1
429,36485853,440,1
430,36485934,446,1
431,36486014,470,1
432,36486104,480,1
433,36486186,479,1
434,36486266,457,1
435,36486351,438,1
436,36486442,455,1
437,36486535,443,1
438,36486630,474,1
439,36486730,466,1
440,36486829,441,1
441,36486925,466,1
442,36487023,470,1
443,36487111,445,1
444,36487201,456,1
445,36487289,474,1
446,36487376,455,1
447,36487475,441,1
448,36487571,473,1
449,36487663,454,1
450,36487760,444,1
451,36487851,472,1
452,36487945,462,1
453,36488044,439,1
454,36488142,468,1
455,36488237,471,1
456,36488332,443,1
457,36488430,459,1
458,36488513,475,1
459,36488610,448,1
460,36488705,447,1
461,36488797,474,1
462,36488877,459,1
463,36488973,445,1
464,36489066,478,1
465,36489146,455,1
466,36489238,441,1
467,36489337,467,1
468,36489431,460,1
469,36489518,437,1
470,36489599,461,1
471,36489683,456,1
472,36489778,443,1
473,36489875,450,1
474,36489956,473,1
475,36490052,450,1
476,36490149,445,1
477,36490241,476,1
478,36490323,453,1
479,36490407,444,1
480,36490487,474,1
481,36490586,464,1
482,36490682,440,1
483,36490766,475,1
484,36490861,473,1
485,36490953,450,1
486,36491033,465,1
487,36491113,477,1
488,36491209,444,1
489,36491293,448,1
490,36491387,481,1
491,36491473,454,1
492,36491560,442,1
493,36491653,477,1
494,36491750,462,1
495,36491850,481,1
496,36491935,468,1
497,36492021,471,1
498,36492117,438,1
499,36492200,460,1
500,36492284,477,1
501,36492377,439,1
502,36492461,447,1
503,36492556,473,1
504,36492641,450,1
505,36492727,450,1
506,36492827,477,1
507,36492908,479,1
508,36493008,443,1
509,36493091,452,1
510,36493174,465,1
511,36493268,448,1
512,36493367,459,1
513,36493455,473,1
514,36493549,458,1
515,36493645,441,1
516,36493744,477,1
517,36493825,469,1
518,36493912,449,1
519,36493992,458,1
520,36494082,454,1
521,36494164,468,1
522,36494262,469,1
523,36494354,470,1
524,36494451,455,1
525,36494537,442,1
526,36494618,472,1
527,36494709,474,1
528,36494795,457,1
529,36494875,453,1
530,36494960,444,1
531,36495047,448,1
532,36495138,474,1
533,36495231,478,1
534,36495313,445,1
535,36495411,444,1
536,36495494,461,1
537,36495589,462,1
538,36495684,468,1
539,36495777,461,1
540,36495861,437,1
541,36495943,441,1
542,36496038,474,1
543,36496137,474,1
544,36496227,452,1
545,36496314,466,1
546,36496398,448,1
547,36496488,453,1
548,36496570,473,1
549,36496657,471,1
550,36496745,440,1
551,36496840,437,1
552,36496921,463,1
553,36497004,469,1
554,36497091,462,1
555,36497171,462,1
556,36497253,440,1
557,36497333,444,1
558,36497426,479,1
559,36497523,474,1
560,36497604,446,1
561,36497694,444,1
562,36497787,452,1
563,36497869,460,1
564,36497967,473,1
565,36498058,469,1
566,36498149,439,1
567,36498231,439,1
568,36498321,469,1
569,36498417,475,1
570,36498514,464,1
571,36498599,459,1
572,36498679,442,1
573,36498764,445,1
574,36498853,476,1
575,36498950,477,1
576,36499037,460,1
577,36499132,446,1
578,36499221,455,1
579,36499309,460,1
580,36499397,474,1
581,36499486,464,1
582,36499567,441,1
583,36499657,442,1
584,36499751,472,1
585,36499833,474,1
586,36499922,461,1
587,36500019,454,1
588,36500112,446,1
589,36500195,452,1
590,36500291,477,1
591,36500377,475,1
592,36500474,441,1
593,36500571,442,1
594,36500656,462,1
595,36500742,466,1
596,36500840,468,1
597,36500928,469,1
598,36501028,441,1
599,36501126,444,1
600,36501210,475,1
601,36501294,480,1
602,36501376,450,1
603,36501459,449,1
604,36501545,445,1
605,36501633,454,1
606,36501719,476,1
607,36501806,474,1
608,36501887,447,1
609,36501980,442,1
610,36502065,468,1
611,36502162,472,1
612,36502260,464,1
613,36502341,461,1
614,36502428,439,1
615,36502525,444,1
616,36502608,474,1
617,36502707,483,1
618,36502807,448,1
619,36502895,453,1
620,36502988,459,1
621,36503073,458,1
622,36503156,471,1
623,36503239,469,1
624,36503331,435,1
625,36503425,442,1
626,36503521,464,1
627,36503621,472,1
628,36503706,460,1
629,36503790,460,1
630,36503883,444,1
631,36503969,446,1
632,36504051,484,1
633,36504139,478,1
634,36504228,447,1
635,36504320,444,1
636,36504412,452,1
637,36504495,460,1
638,36504592,473,1
639,36504690,470,1
640,36504780,440,1
641,36504879,444,1
642,36504960,470,1
643,36505059,472,1
644,36505153,459,1
645,36505242,457,1
646,36505332,443,1
647,36505413,447,1
648,36505507,486,1
649,36505592,477,1
650,36505687,451,1
651,36505781,445,1
652,36505878,457,1
653,36505973,462,1
654,36506056,472,1
655,36506136,465,1
656,36506235,439,1
657,36506330,441,1
658,36506419,471,1
659,36506518,474,1
660,36506614,457,1
661,36506707,455,1
662,36506795,446,1
663,36506877,449,1
664,36506963,476,1
665,36507057,473,1
666,36507138,438,1
667,36507236,439,1
668,36507318,454,1
669,36507408,452,1
670,36507505,453,1
671,36507601,438,1
672,36507683,407,1
673,36507779,399,1
674,36507877,421,1
675,36507976,419,1
676,36508058,390,1
677,36508150,396,1
678,36508248,406,1
679,36508331,426,1
680,36508428,459,1
681,36508508,454,1
682,36508602,420,1
683,36508682,411,1
684,36508782,425,1
685,36508873,427,1
686,36508957,430,1
687,36509057,425,1
688,36509155,405,1
689,36509235,413,1
690,36509318,426,1
691,36509410,432,1
692,36509497,406,1
693,36509593,409,1
694,36509682,427,1
695,36509774,452,1
696,36509874,501,1
697,36509965,551,1
698,36510055,602,1
699,36510146,711,1
700,36510228,766,1
701,36510312,702,1
702,36510398,645,1
703,36510480,632,1
704,36510560,551,1
705,36510643,550,1
706,36510732,628,1
707,36510817,724,1
708,36510915,740,1
709,36511000,753,0
710,36511090,743,0
711,36511188,732,0
712,36511275,743,0
713,36511368,739,0
714,36511457,679,0
715,36511552,671,0
716,36511645,687,0
717,36511743,683,0
718,36511842,676,0
719,36511933,668,0
720,36512025,641,0
721,36512105,641,0
722,36512199,667,0
723,36512294,668,0
724,36512375,634,0
725,36512470,630,0
726,36512551,633,0
727,36512648,643,0
728,36512737,654,0
729,36512835,652,0
730,36512930,620,0
731,36513029,618,0
732,36513119,647,0
733,36513217,649,0
734,36513305,649,0
735,36513400,636,0
736,36513496,616,0
737,36513592,617,0
738,36513683,648,0
739,36513778,649,0
740,36513872,626,0
741,36513965,623,0
742,36514063,623,0
743,36514144,625,0
744,36514236,649,0
745,36514329,646,0
746,36514418,614,0
747,36514510,609,0
748,36514593,637,0
749,36514679,639,0
750,36514763,636,0
751,36514851,635,0
752,36514949,614,0
753,36515046,614,0
754,36515143,649,0
755,36515235,644,0
756,36515317,620,0
757,36515400,620,0
758,36515486,621,0
759,36515584,627,0
760,36515664,645,0
761,36515758,649,0
762,36515839,613,0
763,36515922,614,0
764,36516010,638,0
765,36516101,643,0
766,36516188,637,0
767,36516278,636,0
768,36516360,614,0
769,36516444,613,0
770,36516543,646,0
771,36516636,645,0
772,36516730,627,0
773,36516817,621,0
774,36516902,620,0
775,36517001,626,0
776,36517091,648,0
777,36517177,647,0
778,36517268,613,0
779,36517352,612,0
780,36517448,633,0
781,36517533,639,0
782,36517617,642,0
783,36517707,640,0
784,36517793,619,0
785,36517881,615,0
786,36517966,644,0
787,36518049,650,0
788,36518130,624,0
789,36518226,624,0
790,36518313,619,0
791,36518394,625,0
792,36518485,648,0
793,36518575,650,0
794,36518662,618,0
795,36518757,615,0
796,36518857,631,0
797,36518940,636,0
798,36519036,645,0
799,36519136,640,0
800,36519231,612,0
801,36519316,609,0
802,36519412,650,0
803,36519501,647,0
804,36519586,635,0
805,36519668,624,0
806,36519763,616,0
