0,36447261,-404,0
1,36447348,-404,0
2,36447439,-401,0
3,36447530,-425,0
4,36447621,-460,0
5,36447717,-434,0
6,36447806,-416,0
7,36447904,-345,0
8,36447996,-173,0
9,36448090,15,0
10,36448171,87,0
11,36448259,96,0
12,36448355,208,0
13,36448450,216,0
14,36448540,121,0
15,36448638,157,0
16,36448723,181,0
17,36448813,79,0
18,36448909,127,0
19,36449009,204,0
20,36449094,129,0
21,36449179,114,0
22,36449278,204,0
23,36449370,114,0
24,36449469,101,0
25,36449567,195,0
26,36449649,184,0
27,36449732,110,0
28,36449816,177,0
29,36449899,205,0
30,36449979,115,0
31,36450067,153,0
32,36450165,211,0
33,36450259,128,0
34,36450342,127,0
35,36450440,213,0
36,36450529,152,0
37,36450629,113,0
38,36450729,198,0
39,36450825,175,0
40,36450909,111,0
41,36450989,184,0
42,36451075,200,0
43,36451160,108,0
44,36451253,161,0
45,36451338,211,0
46,36451429,128,0
47,36451516,138,0
48,36451601,201,0
49,36451688,118,0
50,36451787,156,0
51,36451868,214,0
52,36451948,130,0
53,36452043,135,0
54,36452140,215,0
55,36452223,151,0
56,36452316,117,0
57,36452400,205,0
58,36452492,175,0
59,36452573,175,0
60,36452668,187,0
61,36452753,198,0
62,36452844,111,0
63,36452924,166,0
64,36453009,212,0
65,36453102,124,0
66,36453196,141,0
67,36453291,215,0
68,36453382,146,0
69,36453470,122,0
70,36453565,211,0
71,36453647,200,0
72,36453728,111,0
73,36453827,194,0
74,36453908,189,0
75,36453997,114,0
76,36454090,175,0
77,36454188,204,0
78,36454279,116,0
79,36454375,150,0
80,36454459,218,0
81,36454540,132,0
82,36454623,125,0
83,36454715,215,0
84,36454810,159,0
85,36454900,115,0
86,36454990,197,0
87,36455078,181,0
88,36455175,108,0
89,36455255,181,0
90,36455341,202,0
91,36455432,113,0
92,36455519,157,0
93,36455613,212,0
94,36455702,126,0
95,36455800,201,0
96,36455880,215,0
97,36455975,149,0
98,36456072,119,0
99,36456160,206,0
100,36456258,171,0
101,36456339,110,0
102,36456433,190,0
103,36456519,196,0
104,36456615,116,0
105,36456706,172,1
106,36456791,216,1
107,36456871,183,1
108,36456971,149,1
109,36457057,226,1
110,36457147,153,1
111,36457243,133,1
112,36457339,222,1
113,36457420,176,1
114,36457502,128,1
115,36457602,213,1
116,36457699,204,1
117,36457780,130,1
118,36457878,199,1
119,36457975,173,1
120,36458057,159,1
121,36458151,221,1
122,36458236,292,1
123,36458323,196,1
124,36458408,183,1
125,36458504,262,1
126,36458589,209,1
127,36458687,169,1
128,36458767,256,1
129,36458861,234,1
130,36458945,168,1
131,36459044,171,1
132,36459131,252,1
133,36459227,161,1
134,36459318,197,1
135,36459400,246,1
136,36459480,155,1
137,36459564,153,1
138,36459654,222,1
139,36459740,151,1
140,36459827,109,1
141,36459922,193,1
142,36460021,158,1
143,36460108,77,1
144,36460202,147,1
145,36460291,154,1
146,36460377,66,1
147,36460457,117,1
148,36460553,159,1
149,36460645,70,1
150,36460737,87,1
151,36460824,160,1
152,36460915,96,1
153,36461014,74,1
154,36461110,75,1
155,36461194,125,1
156,36461286,59,1
157,36461373,145,1
158,36461469,139,1
159,36461549,60,1
160,36461632,121,1
161,36461730,155,1
162,36461821,68,1
163,36461914,99,1
164,36462012,162,1
165,36462099,88,1
166,36462195,105,1
167,36462289,161,1
168,36462381,110,1
169,36462466,63,1
170,36462552,149,1
171,36462647,132,1
172,36462731,57,1
173,36462825,129,1
174,36462906,152,1
175,36462994,64,1
176,36463087,106,1
177,36463184,163,1
178,36463281,139,1
179,36463374,83,1
180,36463463,163,1
181,36463548,99,1
182,36463629,67,1
183,36463714,150,1
184,36463802,126,1
185,36463894,56,1
186,36463982,133,1
187,36464075,149,1
188,36464160,59,1
189,36464246,113,1
190,36464336,161,1
191,36464433,73,1
192,36464533,90,1
193,36464614,165,1
194,36464696,96,1
195,36464785,67,1
196,36464879,158,1
197,36464959,118,1
198,36465045,60,1
199,36465135,145,1
200,36465231,140,1
201,36465330,60,1
202,36465426,166,1
203,36465524,157,1
204,36465624,73,1
205,36465720,102,1
206,36465816,166,1
207,36465903,88,1
208,36465999,79,1
209,36466092,164,1
210,36466172,116,1
211,36466269,66,1
212,36466358,149,1
213,36466454,135,1
214,36466539,145,1
215,36466626,133,1
216,36466721,154,1
217,36466808,67,1
218,36466897,108,1
219,36466977,165,1
220,36467057,82,1
221,36467153,87,1
222,36467242,166,1
223,36467326,103,1
224,36467415,71,1
225,36467497,158,1
226,36467592,114,1
227,36467681,63,1
228,36467773,141,1
229,36467873,145,1
230,36467973,65,1
231,36468069,119,1
232,36468156,164,1
233,36468238,77,1
234,36468333,91,1
235,36468428,168,1
236,36468510,95,1
237,36468590,77,1
238,36468678,80,1
239,36468767,120,1
240,36468849,65,1
241,36468949,148,1
242,36469044,144,1
243,36469133,61,1
244,36469216,129,1
245,36469305,159,1
246,36469404,72,1
247,36469499,103,1
248,36469580,168,1
249,36469671,88,1
250,36469751,64,1
251,36469851,166,1
252,36469941,108,1
253,36470023,69,1
254,36470121,153,1
255,36470213,135,1
256,36470305,61,1
257,36470385,136,1
258,36470483,151,1
259,36470568,66,1
260,36470667,116,1
261,36470758,163,1
262,36470843,67,1
263,36470942,94,1
264,36471030,169,1
265,36471115,99,1
266,36471208,73,1
267,36471291,161,1
268,36471381,123,1
269,36471475,63,1
270,36471567,145,1
271,36471650,143,1
272,36471731,64,1
273,36471814,127,1
274,36471897,98,1
275,36471996,72,1
276,36472084,104,1
277,36472169,167,1
278,36472258,90,1
279,36472357,84,1
280,36472445,167,1
281,36472540,109,1
282,36472621,68,1
283,36472709,153,1
284,36472790,134,1
285,36472877,63,1
286,36472973,140,1
287,36473065,151,1
288,36473148,67,1
289,36473239,100,1
290,36473331,155,1
291,36473418,69,1
292,36473501,85,1
293,36473586,163,1
294,36473682,93,1
295,36473781,68,1
296,36473877,158,1
297,36473972,160,1
298,36474057,57,1
299,36474147,145,1
300,36474227,139,1
301,36474309,61,1
302,36474390,124,1
303,36474488,156,1
304,36474585,66,1
305,36474672,103,1
306,36474771,165,1
307,36474869,83,1
308,36474952,83,1
309,36475052,167,1
310,36475144,108,1
311,36475232,67,1
312,36475330,154,1
313,36475411,129,1
314,36475496,59,1
315,36475592,137,1
316,36475678,147,1
317,36475769,64,1
318,36475850,117,1
319,36475949,160,1
320,36476044,71,1
321,36476133,137,1
322,36476216,167,1
323,36476310,91,1
324,36476390,74,1
325,36476474,164,1
326,36476559,115,1
327,36476645,61,1
328,36476726,149,1
329,36476821,137,1
330,36476901,56,1
331,36476981,128,1
332,36477074,153,1
333,36477174,97,1
334,36477255,107,1
335,36477350,163,1
336,36477442,78,1
337,36477529,87,1
338,36477626,167,1
339,36477720,98,1
340,36477804,69,1
341,36477892,159,1
342,36477984,120,1
343,36478066,65,1
344,36478162,145,1
345,36478249,65,1
346,36478340,61,1
347,36478422,123,1
348,36478508,156,1
349,36478605,66,1
350,36478701,106,1
351,36478785,165,1
352,36478875,81,1
353,36478961,82,1
354,36479048,167,1
355,36479128,101,1
356,36479211,70,1
357,36479311,59,1
358,36479411,126,1
359,36479499,58,1
360,36479582,140,1
361,36479673,141,1
362,36479772,58,1
363,36479858,120,1
364,36479950,157,1
365,36480041,70,1
366,36480121,101,1
367,36480209,165,1
368,36480306,84,1
369,36480395,93,1
370,36480476,163,1
371,36480569,104,1
372,36480656,67,1
373,36480750,156,1
374,36480846,130,1
375,36480945,60,1
376,36481029,139,1
377,36481121,146,1
378,36481211,59,1
379,36481296,120,1
380,36481396,159,1
381,36481490,140,1
382,36481577,102,1
383,36481661,167,1
384,36481751,88,1
385,36481835,82,1
386,36481919,164,1
387,36482008,108,1
388,36482107,65,1
389,36482194,156,1
390,36482287,131,1
391,36482373,58,1
392,36482466,137,1
393,36482562,162,1
394,36482655,56,1
395,36482752,115,1
396,36482846,149,1
397,36482945,60,1
398,36483036,91,1
399,36483123,156,1
400,36483220,73,1
401,36483319,66,1
402,36483415,151,1
403,36483515,91,1
404,36483604,51,1
405,36483698,43,1
406,36483797,106,1
407,36483879,37,1
408,36483976,119,1
409,36484057,117,1
410,36484142,35,1
411,36484228,92,1
412,36484310,126,1
413,36484397,33,1
414,36484484,65,1
415,36484584,123,1
416,36484677,41,1
417,36484765,56,1
418,36484865,136,1
419,36484962,71,1
420,36485045,45,1
421,36485130,145,1
422,36485230,116,1
423,36485316,61,1
424,36485413,153,1
425,36485503,151,1
426,36485584,79,1
427,36485683,147,1
428,36485778,185,1
429,36485875,187,1
430,36485970,151,1
431,36486055,211,1
432,36486137,129,1
433,36486229,139,1
434,36486321,216,1
435,36486412,144,1
436,36486510,122,0
437,36486607,207,0
438,36486689,157,0
439,36486778,102,0
440,36486874,187,0
441,36486970,200,0
442,36487054,96,0
443,36487152,171,0
444,36487243,186,0
445,36487339,105,0
446,36487428,154,0
447,36487508,201,0
448,36487600,112,0
449,36487700,134,0
450,36487796,205,0
451,36487881,130,0
452,36487979,120,0
453,36488069,180,0
454,36488159,148,0
455,36488248,108,0
456,36488347,200,0
457,36488441,171,0
458,36488530,104,0
459,36488614,187,0
460,36488702,188,0
461,36488792,108,0
462,36488890,172,0
463,36488989,203,0
464,36489073,117,0
465,36489173,129,0
466,36489270,208,0
467,36489368,129,0
468,36489463,132,0
469,36489545,210,0
470,36489640,146,0
471,36489722,118,0
472,36489822,208,0
473,36489919,164,0
474,36490017,111,0
475,36490112,198,0
476,36490202,178,0
477,36490292,111,0
478,36490386,181,0
479,36490475,195,0
480,36490560,110,0
481,36490647,161,0
482,36490747,214,0
483,36490843,120,0
484,36490940,145,0
485,36491036,212,0
486,36491132,136,0
487,36491216,128,0
488,36491306,212,0
489,36491397,149,0
490,36491497,116,0
491,36491591,205,0
492,36491686,173,0
493,36491772,109,0
494,36491864,191,0
495,36491961,190,0
496,36492047,107,0
497,36492144,174,0
498,36492236,204,0
499,36492321,111,0
500,36492421,154,0
501,36492509,199,0
502,36492603,124,0
503,36492688,137,0
504,36492788,214,0
505,36492877,139,0
506,36492972,123,0
507,36493058,211,0
508,36493141,159,0
509,36493237,112,0
510,36493327,204,0
511,36493424,179,0
512,36493517,106,0
513,36493616,213,0
514,36493707,195,0
515,36493801,107,0
516,36493893,173,0
517,36493982,204,0
518,36494068,114,0
519,36494152,152,0
520,36494242,214,0
521,36494336,131,0
522,36494423,133,0
523,36494514,215,0
524,36494595,146,0
525,36494676,168,0
526,36494769,212,0
527,36494850,168,0
528,36494935,109,0
529,36495023,200,0
530,36495109,182,0
531,36495201,107,0
532,36495288,184,0
533,36495371,199,0
534,36495470,106,0
535,36495570,165,0
536,36495668,209,0
537,36495750,111,0
538,36495838,149,0
539,36495923,214,0
540,36496015,133,0
541,36496104,134,0
542,36496198,213,0
543,36496280,146,0
544,36496364,118,0
545,36496454,210,0
546,36496539,167,0
547,36496625,110,0
548,36496711,195,0
549,36496797,123,0
550,36496897,107,0
551,36496996,181,0
