0,36447261,915,0
1,36447343,914,0
2,36447429,818,0
3,36447517,800,0
4,36447601,849,0
5,36447686,655,0
6,36447778,556,0
7,36447871,541,0
8,36447954,483,0
9,36448047,427,0
10,36448132,503,0
11,36448214,510,0
12,36448307,458,0
13,36448398,474,0
14,36448493,504,0
15,36448576,482,0
16,36448670,513,0
17,36448760,539,0
18,36448841,534,0
19,36448938,519,0
20,36449026,554,0
21,36449116,552,0
22,36449197,524,0
23,36449285,553,0
24,36449376,559,0
25,36449471,554,0
26,36449571,598,0
27,36449670,655,0
28,36449768,605,0
29,36449849,594,0
30,36449946,651,0
31,36450027,625,0
32,36450113,594,0
33,36450205,644,0
34,36450288,642,0
35,36450374,591,0
36,36450464,628,0
37,36450548,652,0
38,36450628,596,0
39,36450714,614,0
40,36450795,651,0
41,36450880,608,0
42,36450962,605,0
43,36451050,659,0
44,36451138,621,0
45,36451228,594,0
46,36451315,645,0
47,36451398,637,0
48,36451494,602,0
49,36451584,650,0
50,36451682,625,0
51,36451782,590,0
52,36451867,646,0
53,36451949,641,0
54,36452045,592,0
55,36452128,634,0
56,36452228,652,0
57,36452324,594,0
58,36452412,620,0
59,36452504,616,0
60,36452593,605,0
61,36452676,607,0
62,36452776,657,0
63,36452861,620,0
64,36452961,597,0
65,36453046,650,1
66,36453129,635,1
67,36453226,592,1
68,36453318,12,1
69,36453398,700,1
70,36453483,652,1
71,36453563,667,1
72,36453653,733,1
73,36453753,687,1
74,36453836,708,1
75,36453917,756,1
76,36454002,727,1
77,36454084,722,1
78,36454170,769,1
79,36454260,740,1
80,36454344,681,1
81,36454432,666,1
82,36454526,617,1
83,36454618,519,1
84,36454711,531,1
85,36454802,587,1
86,36454891,570,1
87,36454981,620,1
88,36455076,695,1
89,36455157,684,1
90,36455245,733,1
91,36455338,793,1
92,36455420,719,1
93,36455509,615,1
94,36455591,597,1
95,36455676,487,1
96,36455756,437,1
97,36455838,451,1
98,36455933,445,1
99,36456023,374,1
100,36456114,395,1
101,36456204,432,1
102,36456297,376,1
103,36456379,381,1
104,36456477,428,1
105,36456560,395,1
106,36456642,376,1
107,36456736,403,1
108,36456823,415,1
109,36456910,374,1
110,36456992,417,1
111,36457072,419,1
112,36457153,365,1
113,36457246,393,1
114,36457333,422,1
115,36457423,365,1
116,36457519,371,1
117,36457611,420,1
118,36457699,375,1
119,36457783,401,1
120,36457871,418,1
121,36457960,393,1
122,36458054,359,1
123,36458142,407,1
124,36458241,406,1
125,36458340,351,1
126,36458436,393,1
127,36458532,415,1
128,36458630,360,1
129,36458712,378,1
130,36458799,421,1
131,36458890,420,1
132,36458971,369,1
133,36459068,420,1
134,36459165,393,1
135,36459249,359,1
136,36459336,410,1
137,36459417,398,1
138,36459506,354,1
139,36459599,400,1
140,36459689,418,1
141,36459782,362,1
142,36459865,392,1
143,36459947,418,1
144,36460039,373,1
145,36460123,371,1
146,36460223,423,1
147,36460309,381,1
148,36460396,362,1
149,36460489,413,1
150,36460573,397,1
151,36460665,353,1
152,36460764,404,1
153,36460863,415,1
154,36460953,408,1
155,36461049,385,1
156,36461149,429,1
157,36461246,363,1
158,36461329,368,1
159,36461423,423,1
160,36461513,381,1
161,36461596,365,1
162,36461696,420,1
163,36461788,397,1
164,36461887,358,1
165,36461974,409,1
166,36462054,388,1
167,36462146,354,1
168,36462236,392,1
169,36462325,418,1
170,36462425,361,1
171,36462525,377,1
172,36462623,420,1
173,36462716,370,1
174,36462813,365,1
175,36462895,419,1
176,36462987,387,1
177,36463069,354,1
178,36463152,368,1
179,36463244,397,1
180,36463338,350,1
181,36463436,399,1
182,36463531,409,1
183,36463622,366,1
184,36463708,381,1
185,36463804,423,1
186,36463892,372,1
187,36463977,366,1
188,36464068,419,1
189,36464168,381,1
190,36464253,353,1
191,36464344,411,1
192,36464430,394,1
193,36464517,353,1
194,36464607,399,1
195,36464701,407,1
196,36464786,357,1
197,36464886,395,1
198,36464979,422,1
199,36465071,365,1
200,36465171,373,1
201,36465268,421,1
202,36465362,355,1
203,36465451,362,1
204,36465541,424,1
205,36465641,395,1
206,36465722,359,1
207,36465802,411,1
208,36465896,406,1
209,36465987,359,1
210,36466072,389,1
211,36466163,30,1
212,36466260,618,1
213,36466357,631,0
214,36466453,617,0
215,36466543,622,0
216,36466634,610,0
217,36466728,663,0
218,36466809,629,0
219,36466895,600,0
220,36466979,651,0
221,36467077,643,0
222,36467162,595,0
223,36467243,636,0
224,36467339,652,0
225,36467429,594,0
226,36467518,629,0
227,36467616,656,0
228,36467705,604,0
229,36467803,607,0
230,36467889,650,0
231,36467988,618,0
232,36468083,613,0
233,36468179,650,0
234,36468272,639,0
235,36468364,594,0
236,36468446,637,0
237,36468533,644,0
238,36468629,642,0
239,36468717,620,0
240,36468809,655,0
241,36468896,593,0
242,36468977,608,0
243,36469060,655,0
244,36469158,614,0
245,36469250,599,0
246,36469341,653,0
247,36469432,621,0
248,36469520,589,0
249,36469605,642,0
250,36469698,653,0
251,36469786,590,0
252,36469869,629,0
253,36469967,652,0
254,36470066,596,0
255,36470159,618,0
256,36470242,655,0
257,36470323,606,0
258,36470417,603,0
259,36470506,653,0
260,36470594,617,0
261,36470679,595,0
262,36470771,646,0
263,36470855,645,0
264,36470941,592,0
265,36471039,634,0
266,36471139,645,0
267,36471227,592,0
268,36471310,623,0
269,36471400,654,0
270,36471480,605,0
271,36471579,610,0
272,36471663,657,0
273,36471745,612,0
274,36471827,635,0
275,36471910,653,0
276,36472009,632,0
277,36472089,593,0
