0,36447261,474,0
1,36447358,466,0
2,36447450,496,0
3,36447544,486,0
4,36447629,467,0
5,36447725,493,0
6,36447824,494,0
7,36447919,471,0
8,36448000,485,0
9,36448092,499,0
10,36448176,471,0
11,36448268,478,0
12,36448355,500,0
13,36448435,478,0
14,36448530,473,0
15,36448613,502,0
16,36448705,477,0
17,36448803,469,0
18,36448887,494,0
19,36448970,494,0
20,36449057,470,0
21,36449156,490,0
22,36449256,497,0
23,36449348,473,0
24,36449441,482,0
25,36449529,500,0
26,36449616,480,0
27,36449706,475,0
28,36449796,485,0
29,36449889,485,0
30,36449984,468,0
31,36450082,498,0
32,36450174,494,0
33,36450258,470,0
34,36450352,488,0
35,36450449,496,0
36,36450549,472,0
37,36450629,481,0
38,36450711,504,0
39,36450811,478,0
40,36450897,496,0
41,36450978,500,0
42,36451077,484,0
43,36451165,475,0
44,36451249,501,0
45,36451345,490,0
46,36451427,468,0
47,36451520,493,0
48,36451614,498,0
49,36451712,472,0
50,36451794,486,0
51,36451887,502,0
52,36451978,501,0
53,36452062,478,0
54,36452161,500,0
55,36452257,482,0
56,36452349,471,0
57,36452431,498,0
58,36452516,491,0
59,36452599,469,0
60,36452690,493,0
61,36452786,496,0
62,36452886,471,0
63,36452979,483,0
64,36453078,501,0
65,36453177,472,0
66,36453261,478,0
67,36453350,502,0
68,36453450,481,0
69,36453535,470,0
70,36453616,498,0
71,36453714,486,0
72,36453800,467,0
73,36453882,491,0
74,36453980,490,0
75,36454066,492,0
76,36454157,486,0
77,36454239,497,0
78,36454325,468,0
79,36454411,474,0
80,36454496,498,0
81,36454584,474,0
82,36454670,469,0
83,36454768,497,0
84,36454866,480,0
85,36454954,466,0
86,36455036,490,0
87,36455130,479,0
88,36455228,468,0
89,36455321,481,0
90,36455412,493,0
91,36455501,464,0
92,36455585,474,0
93,36455681,491,0
94,36455761,465,0
95,36455844,459,0
96,36455924,485,0
97,36456006,462,0
98,36456090,447,0
99,36456175,447,0
100,36456258,461,0
101,36456357,435,0
102,36456442,454,0
103,36456533,456,0
104,36456632,428,0
105,36456718,439,0
106,36456801,458,0
107,36456897,431,0
108,36456987,432,0
109,36457067,460,0
110,36457158,446,0
111,36457244,436,0
112,36457342,467,0
113,36457430,467,0
114,36457510,452,0
115,36457604,479,0
116,36457690,490,0
117,36457783,470,0
118,36457882,494,0
119,36457977,518,0
120,36458068,493,0
121,36458153,498,0
122,36458244,523,0
123,36458333,498,0
124,36458429,498,0
125,36458511,523,0
126,36458603,511,0
127,36458701,488,1
128,36458790,500,1
129,36458870,503,1
130,36458966,471,1
131,36459064,483,1
132,36459164,494,1
133,36459245,464,1
134,36459345,467,1
135,36459436,465,1
136,36459521,464,1
137,36459617,457,1
138,36459700,481,1
139,36459780,471,1
140,36459865,455,1
141,36459959,475,1
142,36460055,481,1
143,36460149,453,1
144,36460229,473,1
145,36460317,484,1
146,36460408,458,1
147,36460490,472,1
148,36460575,488,1
149,36460670,468,1
150,36460758,461,1
151,36460856,490,1
152,36460956,472,1
153,36461047,452,1
154,36461139,478,1
155,36461223,475,1
156,36461308,447,1
157,36461389,461,1
158,36461488,466,1
159,36461576,465,1
160,36461675,449,1
161,36461758,470,1
162,36461840,441,1
163,36461921,442,1
164,36462011,465,1
165,36462096,449,1
166,36462182,438,1
167,36462263,463,1
168,36462355,457,1
169,36462447,434,1
170,36462530,457,1
171,36462618,465,1
172,36462704,436,1
173,36462801,449,1
174,36462893,463,1
175,36462974,441,1
176,36463068,438,1
177,36463154,463,1
178,36463249,446,1
179,36463333,437,1
180,36463433,464,1
181,36463532,454,1
182,36463630,430,1
183,36463725,464,1
184,36463809,461,1
185,36463909,435,1
186,36463989,449,1
187,36464074,464,1
188,36464154,437,1
189,36464245,446,1
190,36464341,466,1
191,36464429,443,1
192,36464529,436,1
193,36464616,461,1
194,36464714,450,1
195,36464797,458,1
196,36464895,460,1
197,36464995,456,1
198,36465089,429,1
199,36465169,451,1
200,36465262,462,1
201,36465353,436,1
202,36465449,445,1
203,36465541,467,1
204,36465634,441,1
205,36465719,440,1
206,36465812,465,1
207,36465896,446,1
208,36465993,434,1
209,36466092,463,1
210,36466182,453,1
211,36466282,434,1
212,36466369,453,1
213,36466462,464,1
214,36466549,432,1
215,36466640,446,1
216,36466720,464,1
217,36466804,440,1
218,36466887,439,1
219,36466974,464,1
220,36467059,445,1
221,36467157,435,1
222,36467255,464,1
223,36467355,451,1
224,36467447,434,1
225,36467537,460,1
226,36467631,459,1
227,36467711,436,1
228,36467811,447,1
229,36467895,466,1
230,36467995,437,1
231,36468085,441,1
232,36468168,464,1
233,36468264,445,1
234,36468345,437,1
235,36468435,464,1
236,36468532,448,1
237,36468631,433,1
238,36468724,460,1
239,36468818,457,1
240,36468902,434,1
241,36468982,452,1
242,36469075,436,1
243,36469163,436,1
244,36469253,446,1
245,36469341,463,1
246,36469428,439,1
247,36469514,440,1
248,36469608,464,1
249,36469696,449,1
250,36469788,435,1
251,36469881,463,1
252,36469961,453,1
253,36470045,434,1
254,36470135,443,1
255,36470231,460,1
256,36470323,437,1
257,36470407,450,1
258,36470495,464,1
259,36470587,437,1
260,36470672,440,1
261,36470765,465,1
262,36470856,444,1
263,36470945,434,1
264,36471035,465,1
265,36471118,450,1
266,36471213,453,1
267,36471296,460,1
268,36471384,460,1
269,36471480,432,1
270,36471572,451,1
271,36471670,463,1
272,36471766,435,1
273,36471848,442,1
274,36471947,462,1
275,36472040,442,1
276,36472138,434,1
277,36472237,461,1
278,36472323,463,1
279,36472417,433,1
280,36472516,460,1
281,36472596,456,1
282,36472676,429,1
283,36472769,454,1
284,36472853,459,1
285,36472948,432,1
286,36473044,446,1
287,36473137,463,1
288,36473227,540,1
289,36473307,495,1
290,36473396,502,1
291,36473494,473,1
292,36473592,467,1
293,36473674,491,1
294,36473769,478,1
295,36473864,461,1
296,36473959,485,1
297,36474058,480,1
298,36474153,444,1
299,36474245,456,1
300,36474342,460,1
301,36474439,434,1
302,36474530,454,1
303,36474615,457,1
304,36474700,423,1
305,36474796,424,1
306,36474882,458,1
307,36474981,444,1
308,36475079,431,1
309,36475176,459,1
310,36475266,454,1
311,36475351,429,1
312,36475436,450,1
313,36475518,457,1
314,36475603,443,1
315,36475699,444,1
316,36475796,459,1
317,36475890,434,1
318,36475974,440,1
319,36476060,463,1
320,36476145,439,1
321,36476239,435,1
322,36476338,461,1
323,36476421,446,1
324,36476503,432,1
325,36476603,454,1
326,36476688,448,1
327,36476772,428,1
328,36476862,449,1
329,36476961,458,1
330,36477045,432,1
331,36477138,445,1
332,36477229,461,1
333,36477319,435,1
334,36477409,436,1
335,36477490,461,1
336,36477585,446,1
337,36477669,434,1
338,36477754,460,1
339,36477849,452,1
340,36477949,431,1
341,36478043,455,1
342,36478133,453,1
343,36478225,432,1
344,36478311,447,1
345,36478409,460,1
346,36478490,434,1
347,36478588,441,1
348,36478679,461,1
349,36478759,436,1
350,36478853,460,1
351,36478946,464,1
352,36479043,440,1
353,36479131,433,1
354,36479214,458,1
355,36479309,453,1
356,36479396,430,1
357,36479486,449,1
358,36479571,457,1
359,36479654,429,1
360,36479740,445,1
361,36479827,459,1
362,36479908,450,1
363,36480001,441,1
364,36480096,464,1
365,36480191,438,1
366,36480279,434,1
367,36480361,460,1
368,36480453,447,1
369,36480550,429,1
370,36480640,457,1
371,36480720,453,1
372,36480811,430,1
373,36480892,452,1
374,36480985,433,1
375,36481081,431,1
376,36481171,445,1
377,36481271,460,1
378,36481370,435,1
379,36481458,442,1
380,36481539,465,1
381,36481621,442,1
382,36481719,436,1
383,36481813,468,1
384,36481900,447,1
385,36481996,435,1
386,36482086,434,1
387,36482174,456,1
388,36482257,439,1
389,36482351,462,1
390,36482448,464,1
391,36482547,441,1
392,36482632,456,1
393,36482718,478,1
394,36482798,449,1
395,36482897,458,1
396,36482988,482,1
397,36483079,458,1
398,36483167,461,1
399,36483249,485,1
400,36483348,470,1
401,36483433,457,1
402,36483528,482,1
403,36483621,477,1
404,36483715,456,1
405,36483812,479,1
406,36483904,483,1
407,36483990,457,1
408,36484075,468,1
409,36484170,484,1
410,36484264,477,1
411,36484359,465,1
412,36484459,487,1
413,36484553,464,1
414,36484652,459,1
415,36484744,485,1
416,36484837,467,1
417,36484924,454,1
418,36485011,481,1
419,36485099,470,1
420,36485190,450,1
421,36485282,474,1
422,36485365,483,1
423,36485447,455,1
424,36485544,469,1
425,36485630,486,1
426,36485725,460,1
427,36485814,469,1
428,36485895,497,1
429,36485976,476,1
430,36486074,481,1
431,36486167,509,1
432,36486256,496,1
433,36486346,498,1
434,36486435,524,1
435,36486516,519,1
436,36486609,496,1
437,36486689,514,1
438,36486779,505,1
439,36486870,473,1
440,36486967,482,1
441,36487052,476,1
442,36487148,440,0
443,36487245,436,0
444,36487328,456,0
445,36487417,427,0
446,36487505,445,0
447,36487605,469,0
448,36487702,459,0
449,36487783,457,0
450,36487876,496,0
451,36487957,486,0
452,36488040,467,0
453,36488125,494,0
454,36488214,493,0
455,36488294,473,0
456,36488379,492,0
457,36488471,499,0
458,36488569,466,0
459,36488651,477,0
460,36488747,491,0
461,36488840,462,0
462,36488922,466,0
463,36489022,492,0
464,36489118,465,0
465,36489200,459,0
466,36489295,485,0
467,36489376,469,0
468,36489460,455,0
469,36489560,480,0
470,36489654,455,0
471,36489744,451,0
472,36489829,472,0
473,36489925,478,0
474,36490007,451,0
475,36490099,466,0
476,36490182,481,0
477,36490278,454,0
478,36490374,460,0
479,36490463,480,0
480,36490550,457,0
481,36490646,454,0
482,36490733,470,0
483,36490826,464,0
484,36490926,452,0
485,36491010,481,0
486,36491100,467,0
487,36491193,451,0
488,36491286,472,0
489,36491378,471,0
490,36491465,450,0
491,36491552,470,0
492,36491643,474,0
493,36491731,453,0
494,36491829,481,0
495,36491914,479,0
496,36492002,455,0
497,36492086,460,0
498,36492172,478,0
499,36492252,459,0
500,36492334,453,0
501,36492429,481,0
502,36492514,466,0
503,36492610,452,0
504,36492702,480,0
505,36492789,469,0
506,36492877,476,0
507,36492974,474,0
508,36493057,472,0
509,36493155,449,0
510,36493253,471,0
511,36493347,479,0
512,36493439,451,0
513,36493528,462,0
514,36493627,481,0
515,36493727,460,0
516,36493809,461,0
517,36493909,482,0
518,36494009,455,0
519,36494097,454,0
520,36494187,484,0
521,36494283,468,0
522,36494367,452,0
523,36494448,478,0
