0,36447261,-101,0
1,36447357,-74,0
2,36447454,-101,0
3,36447545,-105,0
4,36447627,-74,0
5,36447719,-91,0
6,36447801,-109,0
7,36447889,-79,0
8,36447980,-84,0
9,36448061,-108,0
10,36448143,-84,0
11,36448240,-80,0
12,36448335,-109,0
13,36448423,-91,0
14,36448517,-75,0
15,36448611,-105,0
16,36448697,-84,0
17,36448797,-75,0
18,36448896,-101,0
19,36448994,-101,0
20,36449080,-75,0
21,36449168,-95,0
22,36449252,-106,0
23,36449341,-76,0
24,36449428,-90,0
25,36449514,-109,0
26,36449601,-81,0
27,36449686,-83,0
28,36449769,-102,0
29,36449862,-85,0
30,36449948,-77,0
31,36450041,-108,0
32,36450139,-91,0
33,36450235,-75,0
34,36450335,-106,0
35,36450431,-101,0
36,36450513,-74,0
37,36450612,-101,0
38,36450704,-105,0
39,36450801,-74,0
40,36450885,-111,0
41,36450969,-109,0
42,36451062,-76,0
43,36451156,-86,0
44,36451241,-114,0
45,36451327,-82,0
46,36451420,-82,0
47,36451520,-108,0
48,36451608,-89,0
49,36451691,-78,0
50,36451777,-106,0
51,36451859,-95,0
52,36451940,-105,0
53,36452035,-102,0
54,36452126,-101,0
55,36452213,-74,0
56,36452297,-97,0
57,36452396,-104,0
58,36452495,-74,0
59,36452579,-91,0
60,36452677,-111,0
61,36452762,-80,0
62,36452856,-84,0
63,36452955,-111,0
64,36453055,-88,0
65,36453144,-78,0
66,36453242,-107,0
67,36453322,-92,0
68,36453409,-74,0
69,36453492,-104,0
70,36453581,-98,0
71,36453673,-74,0
72,36453760,-104,0
73,36453849,-102,0
74,36453947,-73,0
75,36454044,-74,0
76,36454130,-107,0
77,36454219,-78,0
78,36454315,-88,0
79,36454405,-110,0
80,36454488,-83,0
81,36454569,-81,0
82,36454658,-108,0
83,36454740,-89,0
84,36454829,-77,0
85,36454914,-112,0
86,36455003,-100,0
87,36455095,-85,0
88,36455190,-109,0
89,36455271,-104,0
90,36455357,-78,1
91,36455450,-100,1
92,36455539,-107,1
93,36455619,-76,1
94,36455716,-90,1
95,36455805,-111,1
96,36455894,-81,1
97,36455977,-80,1
98,36456074,-105,1
99,36456174,-90,1
100,36456263,-70,1
101,36456353,-70,1
102,36456443,-82,1
103,36456531,-98,1
104,36456625,-88,1
105,36456711,-65,1
106,36456805,-56,1
107,36456890,-67,1
108,36456980,-83,1
109,36457066,-81,1
110,36457151,-63,1
111,36457235,-45,1
112,36457318,-47,1
113,36457408,-67,1
114,36457488,-71,1
115,36457575,-58,1
116,36457661,-38,1
117,36457746,-33,1
118,36457844,-47,1
119,36457938,-64,1
120,36458022,-57,1
121,36458105,-35,1
122,36458193,-23,1
123,36458292,-38,1
124,36458388,-56,1
125,36458470,-58,1
126,36458570,-44,1
127,36458657,-29,1
128,36458745,-33,1
129,36458827,-52,1
130,36458917,-64,1
131,36459005,-51,1
132,36459101,-30,1
133,36459196,-27,1
134,36459283,-43,1
135,36459363,-63,1
136,36459447,-55,1
137,36459538,-38,1
138,36459638,-27,1
139,36459734,-38,1
140,36459819,-57,1
141,36459910,-61,1
142,36460009,-46,1
143,36460098,-27,1
144,36460189,-34,1
145,36460288,-54,1
146,36460369,-64,1
147,36460451,-49,1
148,36460534,-31,1
149,36460619,-26,1
150,36460715,-45,1
151,36460800,-59,1
152,36460889,-56,1
153,36460982,-34,1
154,36461072,-26,1
155,36461153,-44,1
156,36461241,-56,1
157,36461331,-57,1
158,36461428,-41,1
159,36461518,-27,1
160,36461615,-31,1
161,36461700,-53,1
162,36461797,-61,1
163,36461884,-47,1
164,36461981,-31,1
165,36462071,-30,1
166,36462152,-50,1
167,36462246,-60,1
168,36462345,-53,1
169,36462433,-31,1
170,36462532,-23,1
171,36462631,-42,1
172,36462723,-59,1
173,36462811,-58,1
174,36462896,-40,1
175,36462984,-25,1
176,36463075,-34,1
177,36463162,-58,1
178,36463243,-61,1
179,36463330,-45,1
180,36463425,-27,1
181,36463514,-32,1
182,36463605,-52,1
183,36463696,-65,1
184,36463792,-50,1
185,36463874,-30,1
186,36463963,-23,1
187,36464050,-46,1
188,36464148,-58,1
189,36464236,-54,1
190,36464336,-34,1
191,36464436,-25,1
192,36464533,-38,1
193,36464618,-58,1
194,36464709,-62,1
195,36464790,-43,1
196,36464871,-26,1
197,36464964,-36,1
198,36465061,-52,1
199,36465141,-63,1
200,36465226,-48,1
201,36465326,-28,1
202,36465415,-25,1
203,36465498,-53,1
204,36465592,-62,1
205,36465690,-54,1
206,36465787,-37,1
207,36465885,-27,1
208,36465985,-44,1
209,36466069,-60,1
210,36466149,-57,1
211,36466234,-34,1
212,36466334,-23,1
213,36466427,-39,1
214,36466514,-53,1
215,36466595,-59,1
216,36466687,-45,1
217,36466770,-26,1
218,36466866,-31,1
219,36466955,-54,1
220,36467053,-65,1
221,36467141,-45,1
222,36467234,-28,1
223,36467324,-28,1
224,36467411,-48,1
225,36467509,-64,1
226,36467609,-60,1
227,36467708,-39,1
228,36467804,-37,1
229,36467891,-58,1
230,36467977,-77,1
231,36468070,-76,1
232,36468153,-59,1
233,36468250,-52,1
234,36468331,-65,1
235,36468420,-92,1
236,36468509,-103,1
237,36468603,-87,1
238,36468693,-74,1
239,36468792,-80,1
240,36468888,-103,1
241,36468986,-110,1
242,36469083,-102,1
243,36469167,-76,1
244,36469264,-75,1
245,36469355,-94,1
246,36469452,-103,1
247,36469548,-92,1
248,36469631,-70,1
249,36469723,-62,1
250,36469807,-76,1
251,36469887,-94,1
252,36469977,-88,1
253,36470076,-64,1
254,36470171,-54,1
255,36470265,-64,1
256,36470355,-77,1
257,36470454,-75,1
258,36470546,-58,1
259,36470640,-35,1
260,36470738,-39,1
261,36470836,-56,1
262,36470923,-60,0
263,36471010,-48,0
264,36471097,-28,0
265,36471180,-29,0
266,36471274,-44,0
267,36471360,-55,0
268,36471459,-48,0
269,36471548,-25,0
270,36471642,-16,0
271,36471732,-38,0
272,36471823,-55,0
273,36471920,-47,0
274,36472013,-32,0
275,36472096,-18,0
276,36472186,-33,0
277,36472278,-52,0
278,36472369,-51,0
279,36472449,-32,0
280,36472548,-21,0
281,36472636,-26,0
282,36472717,-45,0
283,36472798,-59,0
284,36472886,-41,0
285,36472978,-23,0
286,36473061,-24,0
287,36473158,-45,0
288,36473240,-56,0
289,36473335,-45,0
290,36473418,-25,0
291,36473503,-21,0
292,36473584,-36,0
293,36473671,-53,0
294,36473769,-46,0
295,36473867,-25,0
296,36473951,-18,0
297,36474035,-34,0
298,36474126,-51,0
299,36474219,-54,0
300,36474299,-38,0
301,36474386,-18,0
302,36474481,-29,0
303,36474567,-49,0
304,36474667,-54,0
305,36474747,-39,0
306,36474843,-17,0
307,36474926,-25,0
308,36475024,-46,0
309,36475113,-53,0
310,36475199,-44,0
311,36475284,-25,0
312,36475381,-21,0
313,36475464,-42,0
314,36475554,-59,0
315,36475645,-48,0
316,36475727,-29,0
317,36475810,-20,0
318,36475910,-35,0
319,36475991,-54,0
320,36476089,-52,0
321,36476177,-31,0
322,36476267,-20,0
323,36476365,-31,0
324,36476448,-49,0
325,36476547,-51,0
326,36476631,-41,0
327,36476716,-19,0
328,36476804,-25,0
329,36476896,-46,0
330,36476987,-55,0
331,36477068,-45,0
332,36477156,-22,0
333,36477243,-20,0
334,36477333,-41,0
335,36477422,-52,0
336,36477515,-48,0
337,36477602,-27,0
338,36477692,-24,0
339,36477788,-40,0
340,36477877,-51,0
341,36477970,-50,0
342,36478060,-36,0
343,36478142,-20,0
344,36478231,-33,0
345,36478326,-52,0
346,36478422,-56,0
347,36478521,-35,0
348,36478605,-22,0
349,36478694,-29,0
350,36478777,-46,0
351,36478877,-54,0
352,36478976,-45,0
353,36479067,-24,0
354,36479154,-20,0
355,36479249,-42,0
356,36479337,-56,0
357,36479434,-46,0
358,36479530,-28,0
359,36479624,-20,0
360,36479723,-36,0
361,36479818,-56,0
362,36479916,-52,0
363,36480009,-30,0
364,36480107,-20,0
365,36480195,-30,0
366,36480275,-50,0
367,36480362,-52,0
368,36480449,-36,0
369,36480529,-21,0
370,36480617,-26,0
371,36480698,-50,0
372,36480795,-56,0
373,36480881,-42,0
374,36480977,-21,0
375,36481067,-25,0
376,36481167,-42,0
377,36481263,-54,0
378,36481344,-47,0
379,36481443,-26,0
380,36481527,-18,0
381,36481615,-37,0
382,36481699,-56,0
383,36481789,-52,0
384,36481881,-34,0
385,36481968,-19,0
386,36482063,-30,0
387,36482162,-53,0
388,36482247,-53,0
389,36482344,-33,0
