0,36447261,-418,0
1,36447361,-419,0
2,36447459,-417,0
3,36447544,-440,0
4,36447633,-473,0
5,36447729,-449,0
6,36447828,-431,0
7,36447914,-359,0
8,36448010,-188,0
9,36448093,1,0
10,36448180,72,0
11,36448265,80,0
12,36448354,193,0
13,36448443,201,0
14,36448535,107,0
15,36448618,145,0
16,36448708,167,0
17,36448798,63,0
18,36448892,113,0
19,36448972,190,0
20,36449070,114,0
21,36449161,102,0
22,36449245,189,0
23,36449330,102,0
24,36449417,88,0
25,36449507,184,0
26,36449591,177,0
27,36449679,102,0
28,36449768,170,0
29,36449851,198,0
30,36449937,109,0
31,36450030,147,0
32,36450128,208,1
33,36450214,125,1
34,36450312,125,1
35,36450408,211,1
36,36450497,152,1
37,36450580,113,1
38,36450669,202,1
39,36450763,187,1
40,36450860,124,1
41,36450942,203,1
42,36451032,225,1
43,36451127,139,1
44,36451210,193,1
45,36451308,249,1
46,36451393,169,1
47,36451488,179,1
48,36451573,241,1
49,36451654,158,1
50,36451734,195,1
51,36451831,251,1
52,36451922,168,1
53,36452017,171,1
54,36452097,252,1
55,36452184,193,1
56,36452264,160,1
57,36452361,250,1
58,36452454,222,1
59,36452546,221,1
60,36452633,237,1
61,36452715,248,1
62,36452806,158,1
63,36452894,211,1
64,36452978,257,1
65,36453074,169,1
66,36453154,184,1
67,36453241,258,1
68,36453337,191,1
69,36453424,170,1
70,36453520,263,1
71,36453614,249,1
72,36453705,164,1
73,36453789,245,1
74,36453873,236,1
75,36453955,153,1
76,36454045,212,1
77,36454138,239,1
78,36454238,149,1
79,36454323,182,1
80,36454409,248,1
81,36454489,160,1
82,36454588,153,1
83,36454678,243,1
84,36454773,187,1
85,36454855,140,1
86,36454936,220,1
87,36455020,204,1
88,36455119,132,1
89,36455209,207,1
90,36455294,226,1
91,36455393,137,1
92,36455491,181,1
93,36455572,237,1
94,36455660,150,1
95,36455759,225,1
96,36455847,237,1
97,36455927,173,1
98,36456024,142,1
99,36456121,230,1
100,36456202,196,1
101,36456288,135,1
102,36456370,211,1
103,36456463,217,1
104,36456543,133,1
105,36456637,189,1
106,36456737,231,1
107,36456822,197,1
108,36456920,165,1
109,36457018,240,1
110,36457116,166,1
111,36457216,146,1
112,36457310,234,1
113,36457403,187,1
114,36457489,139,1
115,36457586,222,1
116,36457683,212,1
117,36457774,131,1
118,36457858,195,1
119,36457945,164,1
120,36458026,141,1
121,36458123,177,1
122,36458209,239,1
123,36458292,159,1
124,36458386,150,1
125,36458470,233,1
126,36458560,180,1
127,36458646,137,1
128,36458742,222,1
129,36458838,199,1
130,36458924,133,1
131,36459010,137,1
132,36459104,221,1
133,36459198,135,1
134,36459280,176,1
135,36459367,233,1
136,36459449,149,1
137,36459536,157,1
138,36459623,236,1
139,36459706,173,1
140,36459794,137,1
141,36459887,226,1
142,36459978,198,1
143,36460074,130,1
144,36460171,206,1
145,36460257,216,1
146,36460350,133,1
147,36460441,190,1
148,36460523,233,1
149,36460605,148,1
150,36460700,163,1
151,36460799,236,1
152,36460886,170,1
153,36460983,149,1
154,36461066,149,1
155,36461162,201,1
156,36461252,135,1
157,36461332,219,1
158,36461426,217,1
159,36461519,135,1
160,36461603,198,1
161,36461695,233,1
162,36461775,146,1
163,36461870,177,1
164,36461964,242,1
165,36462052,166,1
166,36462152,184,1
167,36462242,241,1
168,36462327,188,1
169,36462409,144,1
170,36462509,228,1
171,36462603,212,1
172,36462685,139,1
173,36462783,211,1
174,36462867,233,1
175,36462962,146,1
176,36463052,187,1
177,36463134,246,1
178,36463222,220,1
179,36463314,162,1
180,36463408,246,1
181,36463492,179,1
182,36463581,147,1
183,36463676,231,1
184,36463774,204,1
185,36463869,137,1
186,36463954,214,1
187,36464049,230,1
188,36464138,143,1
189,36464236,195,1
190,36464334,246,1
191,36464426,157,1
192,36464523,177,1
193,36464607,250,1
194,36464700,180,1
195,36464788,155,1
196,36464875,246,1
197,36464962,205,1
198,36465050,144,1
199,36465141,230,1
200,36465228,226,1
201,36465322,146,1
202,36465403,247,1
203,36465503,242,1
204,36465591,156,1
205,36465691,185,1
206,36465771,250,1
207,36465855,175,1
208,36465945,165,1
209,36466037,251,1
210,36466134,200,1
211,36466222,151,1
212,36466315,234,1
213,36466399,214,1
214,36466495,222,1
215,36466577,207,1
216,36466671,222,1
217,36466770,128,1
218,36466856,163,1
219,36466942,211,1
220,36467027,120,1
221,36467113,121,1
222,36467211,197,1
223,36467299,129,1
224,36467380,92,1
225,36467468,178,1
226,36467563,136,1
227,36467652,86,1
228,36467752,163,1
229,36467832,172,1
230,36467924,92,1
231,36468022,143,1
232,36468107,192,1
233,36468191,107,1
234,36468287,124,1
235,36468384,203,1
236,36468473,132,1
237,36468566,119,1
238,36468648,127,1
239,36468736,173,1
240,36468819,122,1
241,36468903,205,1
242,36469001,205,1
243,36469086,122,1
244,36469169,187,1
245,36469250,216,1
246,36469348,131,1
247,36469438,162,1
248,36469524,224,1
249,36469617,143,1
250,36469717,118,1
251,36469808,219,1
252,36469900,160,1
253,36469982,118,1
254,36470076,202,1
255,36470176,181,0
256,36470257,105,0
257,36470346,181,0
258,36470430,195,0
259,36470519,108,0
260,36470612,158,0
261,36470698,205,0
262,36470798,109,0
263,36470897,131,0
264,36470978,209,0
265,36471075,137,0
266,36471168,112,0
267,36471252,201,0
268,36471347,160,0
269,36471437,98,0
270,36471536,182,0
271,36471621,180,0
272,36471712,100,0
273,36471810,163,0
274,36471901,134,0
275,36471992,106,0
276,36472078,140,0
277,36472174,203,0
278,36472254,126,0
279,36472346,118,0
280,36472430,202,0
281,36472528,143,0
282,36472611,100,0
283,36472708,189,0
284,36472799,170,0
285,36472893,99,0
286,36472989,172,0
287,36473071,186,0
288,36473166,102,0
289,36473255,152,0
290,36473349,197,0
291,36473441,112,0
292,36473530,127,0
293,36473623,205,0
294,36473715,133,0
295,36473806,110,0
296,36473887,197,0
297,36473985,198,0
298,36474073,95,0
299,36474163,182,0
300,36474260,176,0
301,36474357,100,0
302,36474438,160,0
303,36474538,193,0
304,36474621,104,0
305,36474713,139,0
306,36474806,202,0
307,36474893,120,0
308,36474987,119,0
309,36475072,200,0
310,36475170,144,0
311,36475270,101,0
312,36475362,189,0
313,36475460,163,0
314,36475545,93,0
315,36475631,172,0
316,36475716,182,0
317,36475810,99,0
318,36475894,153,0
319,36475984,195,0
320,36476064,108,0
321,36476162,172,0
322,36476250,203,0
323,36476347,126,0
324,36476431,111,0
325,36476512,199,0
326,36476595,151,0
327,36476690,98,0
328,36476790,184,0
329,36476876,172,0
330,36476972,92,0
331,36477069,166,0
332,36477159,188,0
