0,36447261,901,0
1,36447344,902,0
2,36447428,809,0
3,36447520,792,0
4,36447605,842,0
5,36447696,647,0
6,36447794,551,0
7,36447887,539,0
8,36447976,470,0
9,36448062,423,0
10,36448157,490,0
11,36448242,499,0
12,36448323,451,0
13,36448423,473,0
14,36448503,501,0
15,36448595,481,0
16,36448693,508,0
17,36448792,547,0
18,36448891,531,0
19,36448981,517,0
20,36449068,551,0
21,36449165,552,0
22,36449259,513,0
23,36449356,553,0
24,36449455,555,0
25,36449539,550,0
26,36449639,658,0
27,36449720,716,0
28,36449814,684,0
29,36449898,684,0
30,36449979,745,0
31,36450077,728,1
32,36450160,716,1
33,36450246,769,1
34,36450327,764,1
35,36450422,656,1
36,36450515,597,1
37,36450606,583,1
38,36450697,545,1
39,36450790,615,1
40,36450873,659,1
41,36450964,659,1
42,36451051,728,1
43,36451145,772,1
44,36451242,650,1
45,36451334,522,1
46,36451432,524,1
47,36451532,481,1
48,36451627,429,1
49,36451712,459,1
50,36451808,411,1
51,36451902,378,1
52,36451985,428,1
53,36452073,421,1
54,36452165,373,1
55,36452248,419,1
56,36452334,437,1
57,36452431,379,1
58,36452515,412,1
59,36452611,415,1
60,36452711,394,1
61,36452805,391,1
62,36452890,444,1
63,36452971,403,1
64,36453052,379,1
65,36453142,437,1
66,36453222,414,1
67,36453302,378,1
68,36453391,424,1
69,36453487,440,1
70,36453568,383,1
71,36453649,384,1
72,36453749,443,1
73,36453845,391,1
74,36453935,400,1
75,36454031,441,1
76,36454113,404,1
77,36454206,398,1
78,36454288,446,1
79,36454377,415,1
80,36454471,380,1
81,36454571,429,1
82,36454655,430,1
83,36454743,377,1
84,36454842,413,1
85,36454923,438,1
86,36455022,388,1
87,36455109,403,1
88,36455193,445,1
89,36455291,394,1
90,36455380,390,1
91,36455474,444,1
92,36455566,407,1
93,36455660,378,1
94,36455759,437,1
95,36455854,385,1
96,36455945,394,1
97,36456029,418,1
98,36456121,438,1
99,36456221,382,1
100,36456314,410,1
101,36456413,444,1
102,36456507,393,1
103,36456589,395,1
104,36456675,445,1
105,36456771,410,1
106,36456858,386,1
107,36456943,410,1
108,36457035,431,1
109,36457130,378,1
110,36457211,425,1
111,36457305,430,1
112,36457405,382,1
113,36457494,413,1
114,36457579,442,1
115,36457668,385,1
116,36457761,400,1
117,36457847,447,1
118,36457940,402,1
119,36458031,424,1
120,36458117,442,1
121,36458214,416,1
122,36458300,378,1
123,36458397,430,1
124,36458492,429,1
125,36458579,378,1
126,36458666,419,1
127,36458761,441,1
128,36458850,384,1
129,36458937,404,1
130,36459036,444,1
131,36459119,448,1
132,36459211,387,1
133,36459292,442,1
134,36459385,411,1
135,36459485,382,1
136,36459584,431,1
137,36459680,425,1
138,36459764,380,1
139,36459851,424,1
140,36459935,439,1
141,36460019,389,1
142,36460099,404,1
143,36460192,438,1
144,36460286,395,1
145,36460386,395,1
146,36460480,445,1
147,36460579,405,1
148,36460676,388,1
149,36460762,436,1
150,36460853,421,1
151,36460942,380,1
152,36461026,427,1
153,36461114,436,1
154,36461212,433,1
155,36461300,409,1
156,36461385,445,1
157,36461468,387,1
158,36461561,397,1
159,36461658,449,1
160,36461739,406,1
161,36461826,392,1
162,36461926,441,1
163,36462007,418,1
164,36462096,385,1
165,36462184,433,1
166,36462274,415,1
167,36462358,381,1
168,36462448,417,1
169,36462534,447,1
170,36462631,390,1
171,36462717,405,1
172,36462814,449,1
173,36462894,398,1
174,36462975,390,1
175,36463074,445,1
176,36463172,413,1
177,36463266,381,1
178,36463364,399,1
179,36463463,425,1
180,36463557,374,1
181,36463647,426,1
182,36463747,436,1
183,36463839,382,1
184,36463930,405,1
185,36464030,450,1
186,36464116,396,1
187,36464208,396,1
188,36464307,448,1
189,36464394,421,1
190,36464480,385,1
191,36464577,439,1
192,36464658,418,1
193,36464749,376,1
194,36464830,419,1
195,36464930,431,1
196,36465012,377,1
197,36465096,407,1
198,36465193,446,1
199,36465275,429,1
200,36465374,437,1
201,36465471,498,1
202,36465556,462,1
203,36465638,508,1
204,36465718,643,1
205,36465805,703,1
206,36465885,718,1
207,36465966,746,1
208,36466062,695,1
209,36466143,615,1
210,36466224,611,1
211,36466311,602,1
212,36466411,541,1
213,36466501,558,1
214,36466581,621,1
215,36466678,686,1
216,36466775,734,1
217,36466866,787,1
218,36466963,734,1
219,36467053,698,1
220,36467133,745,1
221,36467224,725,1
222,36467319,677,1
223,36467402,698,1
224,36467484,708,1
225,36467580,640,1
226,36467680,668,1
227,36467761,689,1
228,36467853,630,1
229,36467947,633,1
230,36468032,676,1
231,36468114,638,1
232,36468204,613,1
233,36468303,666,1
234,36468384,6,1
235,36468470,591,1
236,36468570,635,1
237,36468655,640,1
238,36468747,640,0
239,36468838,622,0
240,36468928,651,0
241,36469019,590,0
242,36469110,600,0
243,36469203,653,0
244,36469299,609,0
245,36469395,596,0
246,36469487,648,0
247,36469586,620,0
248,36469672,587,0
249,36469756,642,0
250,36469841,652,0
251,36469929,595,0
252,36470020,625,0
253,36470107,645,0
254,36470199,591,0
255,36470290,613,0
256,36470379,653,0
257,36470478,605,0
258,36470560,601,0
259,36470649,651,0
260,36470739,617,0
261,36470833,592,0
262,36470914,643,0
263,36471007,630,0
264,36471098,585,0
265,36471178,631,0
266,36471268,642,0
267,36471356,589,0
268,36471443,616,0
269,36471524,648,0
270,36471604,600,0
271,36471702,606,0
272,36471798,650,0
273,36471891,607,0
274,36471982,627,0
275,36472064,646,0
276,36472152,621,0
277,36472241,588,0
278,36472337,638,0
279,36472425,640,0
280,36472505,588,0
281,36472600,622,0
282,36472685,653,0
283,36472772,588,0
284,36472864,609,0
285,36472956,648,0
286,36473045,603,0
287,36473135,598,0
288,36473221,649,0
289,36473303,618,0
290,36473392,587,0
291,36473480,645,0
292,36473580,632,0
293,36473678,585,0
294,36473775,631,0
295,36473857,645,0
296,36473957,587,0
297,36474051,589,0
298,36474135,651,0
299,36474222,596,0
300,36474313,605,0
301,36474411,653,0
302,36474507,614,0
303,36474594,593,0
304,36474685,649,0
305,36474772,624,0
306,36474855,588,0
307,36474939,635,0
308,36475022,636,0
309,36475108,589,0
310,36475202,624,0
311,36475293,645,0
312,36475391,591,0
313,36475471,616,0
314,36475570,650,0
315,36475659,602,0
316,36475739,601,0
317,36475829,652,0
318,36475924,613,0
319,36476004,593,0
320,36476095,647,0
321,36476193,608,0
322,36476286,587,0
323,36476371,637,0
324,36476463,638,0
325,36476552,587,0
326,36476647,621,0
327,36476727,645,0
328,36476812,591,0
329,36476907,609,0
330,36477005,651,0
331,36477089,608,0
332,36477184,599,0
333,36477284,634,0
334,36477378,621,0
335,36477472,587,0
336,36477568,638,0
337,36477656,631,0
338,36477739,583,0
339,36477819,630,0
340,36477904,647,0
341,36478004,591,0
342,36478084,618,0
343,36478184,654,0
344,36478280,606,0
345,36478360,646,0
346,36478449,652,0
347,36478546,613,0
348,36478636,593,0
349,36478735,650,0
350,36478818,626,0
351,36478903,586,0
352,36478989,639,0
353,36479074,633,0
354,36479167,590,0
355,36479263,626,0
356,36479357,646,0
357,36479457,646,0
358,36479542,617,0
359,36479642,651,0
360,36479729,606,0
361,36479809,607,0
362,36479904,651,0
363,36479989,614,0
