0,36447261,232,0
1,36447355,234,0
2,36447455,139,0
3,36447544,121,0
4,36447640,170,0
5,36447738,-21,0
6,36447829,-118,0
7,36447918,-133,0
8,36448010,-201,0
9,36448109,-249,0
10,36448208,-180,0
11,36448298,-172,0
12,36448380,-216,0
13,36448463,-197,0
14,36448560,-167,0
15,36448644,-188,0
16,36448727,-160,0
17,36448807,-133,0
18,36448904,-139,0
19,36448995,-154,0
20,36449087,-121,0
21,36449179,-119,0
22,36449273,-156,0
23,36449373,-119,0
24,36449457,-113,0
25,36449552,-119,0
26,36449644,-72,0
27,36449742,-19,0
28,36449822,-64,0
29,36449911,-77,0
30,36450004,-21,0
31,36450102,-50,0
32,36450194,-80,0
33,36450280,-29,0
34,36450361,-30,0
35,36450448,-80,0
36,36450535,-44,0
37,36450633,-22,0
38,36450731,-78,0
39,36450824,-57,0
40,36450918,-22,0
41,36451011,-67,0
42,36451109,-69,0
43,36451191,-16,0
44,36451277,-51,0
45,36451367,-78,0
46,36451457,-23,0
47,36451554,-36,0
48,36451635,-70,0
49,36451720,-21,0
50,36451809,-50,0
51,36451908,-81,0
52,36452002,-29,0
53,36452094,-34,0
54,36452178,-81,0
55,36452270,-39,0
56,36452367,-21,0
57,36452454,-79,0
58,36452549,-50,0
59,36452646,-56,0
60,36452742,-68,0
61,36452822,-69,0
62,36452915,-16,0
63,36453009,-56,0
64,36453102,-77,0
65,36453182,-24,0
66,36453267,-40,0
67,36453365,-81,0
68,36453459,-37,0
69,36453547,-26,0
70,36453635,-78,0
71,36453722,-76,0
72,36453811,-18,0
73,36453894,-71,0
74,36453992,-61,0
75,36454082,-15,0
76,36454172,-60,0
77,36454257,-73,0
78,36454342,-22,0
79,36454426,-46,0
80,36454514,-81,0
81,36454609,-31,0
82,36454707,-28,0
83,36454799,-83,0
84,36454880,-46,0
85,36454973,-21,0
86,36455070,-75,0
87,36455157,-61,0
88,36455244,-13,0
89,36455338,-66,0
90,36455426,-71,0
91,36455520,-17,0
92,36455603,-52,0
93,36455689,-80,0
94,36455785,-27,0
95,36455884,-73,0
96,36455976,-81,0
97,36456065,-41,0
98,36456163,-22,0
99,36456259,-79,0
100,36456342,-54,0
101,36456438,-16,0
102,36456530,-67,0
103,36456628,-65,0
104,36456710,-18,0
105,36456800,-53,0
106,36456891,-77,0
107,36456988,-52,0
108,36457078,-39,0
109,36457162,-81,0
110,36457251,-33,0
111,36457346,-29,0
112,36457428,-80,0
113,36457516,-48,0
114,36457602,-19,0
115,36457702,-75,0
116,36457785,-62,0
117,36457878,-14,0
118,36457978,-60,0
119,36458073,-33,0
120,36458160,-16,0
121,36458256,-44,0
122,36458352,-80,0
123,36458437,-29,0
124,36458535,-31,0
125,36458619,-80,0
126,36458707,-43,0
127,36458799,-21,0
128,36458880,-76,0
129,36458963,-58,0
130,36459059,-16,0
131,36459157,-20,0
132,36459253,-72,0
133,36459340,-18,0
134,36459432,-50,0
135,36459521,-78,0
136,36459621,-27,0
137,36459703,-37,0
138,36459797,-81,0
139,36459897,-40,0
140,36459995,-22,0
141,36460091,-77,0
142,36460171,-53,0
143,36460256,-21,0
144,36460350,-64,0
145,36460445,-63,0
146,36460529,-13,0
147,36460629,-53,0
148,36460719,-74,0
149,36460799,-21,0
150,36460898,-38,0
151,36460978,-83,0
152,36461073,-34,0
153,36461154,-24,0
154,36461254,-29,0
155,36461345,-56,0
156,36461440,-16,0
157,36461523,-78,0
158,36461623,-72,1
159,36461711,-22,1
160,36461798,-68,1
161,36461879,-85,1
162,36461973,-36,1
163,36462069,-66,1
164,36462164,-105,1
165,36462246,-59,1
166,36462328,-82,1
167,36462412,-120,1
168,36462512,-87,1
169,36462610,-63,1
170,36462707,-118,1
171,36462801,-89,1
172,36462881,-35,1
173,36462963,-73,1
174,36463054,-78,1
175,36463149,-12,1
176,36463234,-35,1
177,36463329,-72,1
178,36463422,-55,1
179,36463509,-26,1
180,36463595,-72,1
181,36463682,-37,1
182,36463775,-27,1
183,36463861,-89,1
184,36463960,-71,1
185,36464052,-33,1
186,36464146,-92,1
187,36464229,-104,1
188,36464324,-60,1
189,36464409,-104,1
190,36464500,-142,1
191,36464593,-100,1
192,36464677,-129,1
193,36464766,-176,1
194,36464856,-143,1
195,36464938,-137,1
196,36465031,-192,1
197,36465129,-163,1
198,36465222,-136,1
199,36465307,-187,1
200,36465407,-179,1
201,36465506,-133,1
202,36465606,-198,1
203,36465690,-190,1
204,36465787,-135,1
205,36465881,-157,1
206,36465974,-191,1
207,36466058,-139,1
208,36466157,-139,1
209,36466242,-192,1
210,36466336,-158,1
211,36466421,-132,1
212,36466520,-186,1
213,36466615,-175,1
214,36466696,-182,1
215,36466778,-177,1
216,36466873,-189,1
217,36466972,-134,1
218,36467063,-166,1
219,36467158,-196,1
220,36467240,-144,1
221,36467334,-151,1
222,36467416,-195,1
223,36467508,-155,1
224,36467606,-137,1
225,36467698,-194,1
226,36467797,-161,1
227,36467883,-132,1
228,36467975,-185,1
229,36468068,-179,1
230,36468156,-134,1
231,36468251,-167,1
232,36468340,-191,1
233,36468431,-135,1
234,36468513,-156,1
235,36468595,-192,1
236,36468686,-149,1
237,36468779,-141,1
238,36468873,-140,1
239,36468962,-162,1
240,36469048,-131,1
241,36469130,-188,1
242,36469219,-177,1
243,36469300,-131,1
244,36469396,-174,1
245,36469476,-186,1
246,36469565,-131,1
247,36469662,-162,1
248,36469750,-197,1
249,36469834,-144,1
250,36469919,-132,1
251,36470009,-195,1
252,36470094,-159,1
253,36470193,-136,1
254,36470273,-192,1
255,36470360,-170,1
256,36470453,-130,1
257,36470552,-180,1
258,36470644,-183,1
259,36470728,-133,1
260,36470817,-169,1
261,36470901,-193,1
262,36470983,-138,1
263,36471069,-154,1
264,36471165,-197,1
265,36471253,-150,1
266,36471341,-139,1
267,36471432,-196,1
268,36471513,-164,1
269,36471606,-133,1
270,36471687,-184,1
271,36471777,-177,1
272,36471875,-132,1
273,36471971,-172,1
274,36472071,-154,1
275,36472159,-137,1
276,36472244,-161,1
277,36472327,-192,1
278,36472425,-141,1
279,36472506,-142,1
280,36472593,-193,1
281,36472675,-156,1
282,36472771,-134,1
283,36472858,-193,1
284,36472947,-170,1
285,36473034,-130,1
286,36473121,-176,1
287,36473219,-183,1
288,36473315,-133,1
289,36473409,-164,1
290,36473490,-191,1
291,36473578,-141,1
292,36473675,-151,1
293,36473755,-194,1
294,36473841,-148,1
295,36473925,-137,1
296,36474011,-190,1
297,36474093,-190,1
298,36474181,-129,1
299,36474279,-186,1
300,36474363,-177,1
301,36474450,-133,1
302,36474550,-177,1
303,36474644,-193,1
304,36474739,-133,1
305,36474836,-157,1
306,36474917,-195,1
307,36475013,-146,1
308,36475099,-149,1
309,36475180,-197,1
310,36475280,-159,1
311,36475361,-139,1
312,36475460,-193,1
313,36475554,-169,1
314,36475650,-131,1
315,36475736,-181,1
316,36475826,-184,1
317,36475924,-131,1
318,36476007,-169,1
319,36476097,-193,1
320,36476180,-140,1
321,36476269,-178,1
322,36476368,-197,1
323,36476454,-148,1
324,36476543,-143,1
325,36476635,-197,1
326,36476718,-164,1
327,36476803,-138,1
328,36476888,-190,1
329,36476982,-175,1
330,36477069,-132,1
331,36477160,-176,1
332,36477241,-190,1
333,36477327,-145,1
334,36477418,-157,1
335,36477512,-187,1
336,36477604,-136,1
337,36477686,-149,1
338,36477785,-195,1
339,36477868,-148,1
340,36477950,-135,1
341,36478048,-193,1
342,36478135,-166,1
343,36478219,-138,1
344,36478316,-190,1
345,36478397,-141,1
346,36478493,-135,1
347,36478576,-174,1
348,36478658,-193,1
349,36478745,-137,1
350,36478831,-163,1
351,36478926,-200,1
352,36479016,-145,1
353,36479097,-151,1
354,36479191,-197,1
355,36479283,-156,1
356,36479374,-132,1
357,36479454,-121,1
358,36479550,-153,1
359,36479631,-117,1
360,36479721,-168,1
361,36479808,-151,1
362,36479901,-102,1
363,36479986,-133,1
364,36480085,-150,1
365,36480171,-91,1
366,36480266,-110,1
367,36480346,-145,1
368,36480446,-84,1
369,36480539,-79,1
370,36480627,-117,1
371,36480713,-78,1
372,36480808,-50,1
373,36480899,-102,1
374,36480988,-77,1
375,36481078,-38,1
376,36481172,-84,1
377,36481254,-79,1
378,36481340,-32,1
379,36481438,-62,1
380,36481519,-83,1
381,36481601,-79,1
382,36481686,-56,1
383,36481774,-81,1
384,36481866,-29,1
385,36481964,-31,1
386,36482060,-82,1
387,36482143,-51,1
388,36482227,-20,1
389,36482327,-72,1
390,36482414,-49,1
391,36482494,-14,1
392,36482578,-62,1
393,36482661,-76,1
394,36482761,-3,1
395,36482860,-48,1
396,36482955,-64,1
397,36483046,-10,1
398,36483130,-28,1
399,36483221,-67,1
400,36483312,-18,1
401,36483400,-22,1
402,36483484,-67,1
403,36483583,-30,1
404,36483666,-11,1
405,36483766,-7,1
406,36483849,-43,1
407,36483939,-14,1
408,36484032,-67,1
409,36484121,-65,1
410,36484208,-21,1
411,36484295,-66,1
412,36484394,-85,1
413,36484493,-28,1
414,36484591,-64,1
415,36484685,-95,1
416,36484783,-48,1
417,36484882,-62,1
418,36484967,-102,1
419,36485062,-64,1
420,36485147,-48,1
421,36485234,-104,1
422,36485333,-75,1
423,36485419,-43,1
424,36485502,-96,1
425,36485592,-89,1
426,36485688,-40,1
427,36485776,-83,1
428,36485865,-93,1
429,36485964,-90,1
430,36486048,-66,1
431,36486144,-97,1
432,36486232,-42,1
433,36486319,-49,1
434,36486416,-94,1
435,36486504,-47,0
436,36486587,-37,0
437,36486687,-88,0
438,36486787,-55,0
439,36486885,-24,0
440,36486977,-75,0
441,36487075,-88,0
442,36487174,-21,0
443,36487263,-68,0
444,36487345,-68,0
445,36487430,-19,0
446,36487511,-54,0
447,36487608,-76,0
448,36487697,-22,0
449,36487788,-44,0
450,36487879,-81,0
451,36487965,-27,0
452,36488050,-31,0
453,36488142,-63,0
454,36488226,-41,0
455,36488307,-20,0
456,36488399,-78,0
457,36488485,-50,0
458,36488580,-15,0
459,36488662,-65,0
460,36488752,-65,0
461,36488852,-14,0
462,36488934,-58,0
463,36489017,-73,0
464,36489098,-16,0
465,36489188,-26,0
466,36489279,-77,0
467,36489372,-25,0
468,36489464,-34,0
469,36489557,-78,0
470,36489638,-36,0
471,36489733,-24,0
472,36489823,-78,0
473,36489921,-44,0
474,36490017,-16,0
475,36490112,-72,0
476,36490208,-58,0
477,36490296,-16,0
478,36490393,-62,0
479,36490487,-67,0
480,36490582,-17,0
481,36490681,-52,0
482,36490773,-73,0
483,36490864,-23,0
484,36490951,-40,0
485,36491036,-82,0
486,36491133,-32,0
487,36491219,-29,0
488,36491311,-80,0
489,36491392,-37,0
490,36491489,-21,0
491,36491581,-74,0
492,36491678,-53,0
493,36491763,-15,0
494,36491846,-69,0
495,36491934,-62,0
496,36492028,-16,0
497,36492112,-60,0
498,36492205,-70,0
499,36492291,-16,0
500,36492390,-47,0
501,36492481,-72,0
502,36492581,-24,0
503,36492681,-38,0
504,36492766,-81,0
505,36492850,-33,0
506,36492938,-28,0
507,36493019,-80,0
508,36493113,-42,0
509,36493194,-17,0
510,36493289,-75,0
511,36493375,-53,0
512,36493468,-16,0
513,36493562,-79,0
514,36493645,-66,0
515,36493729,-15,0
516,36493821,-59,0
517,36493920,-75,0
518,36494012,-19,0
519,36494107,-45,0
520,36494189,-80,0
521,36494269,-26,0
522,36494353,-36,0
523,36494443,-80,0
524,36494525,-37,0
525,36494620,-50,0
526,36494720,-84,0
527,36494812,-46,0
528,36494902,-19,0
529,36495002,-74,0
530,36495090,-57,0
531,36495183,-11,0
532,36495281,-64,0
533,36495364,-68,0
534,36495447,-15,0
535,36495543,-53,0
536,36495627,-75,0
537,36495710,-16,0
538,36495808,-43,0
539,36495908,-80,0
540,36495999,-28,0
541,36496088,-33,0
542,36496171,-80,0
543,36496264,-36,0
544,36496363,-23,0
545,36496462,-77,0
546,36496556,-46,0
547,36496645,-20,0
548,36496727,-72,0
549,36496827,-26,0
550,36496926,-15,0
551,36497007,-61,0
552,36497096,-70,0
553,36497191,-12,0
554,36497277,-51,0
555,36497370,-75,0
556,36497454,-21,0
557,36497552,-40,0
558,36497644,-79,0
559,36497740,-27,0
560,36497820,-34,0
561,36497900,-60,0
562,36497987,-40,0
563,36498067,-21,0
564,36498150,-77,0
565,36498233,-48,0
566,36498318,-17,0
567,36498403,-69,0
568,36498492,-60,0
569,36498586,-16,0
570,36498679,-61,0
571,36498770,-69,0
572,36498853,-20,0
573,36498952,-80,0
574,36499042,-78,0
575,36499132,-20,0
576,36499228,-43,0
577,36499327,-84,0
578,36499420,-28,0
579,36499517,-30,0
580,36499615,-82,0
581,36499698,-38,0
582,36499794,-22,0
583,36499875,-78,0
584,36499969,-47,0
