0,36447261,145,0
1,36447346,82,0
2,36447434,135,0
3,36447528,156,0
4,36447620,83,0
5,36447720,119,0
6,36447805,165,0
7,36447902,94,0
8,36447983,105,0
9,36448066,161,0
10,36448149,106,0
11,36448234,94,0
12,36448325,163,0
13,36448417,123,0
14,36448516,82,0
15,36448608,152,0
16,36448699,96,0
17,36448794,81,0
18,36448892,141,0
19,36448979,148,0
20,36449065,80,0
21,36449154,129,0
22,36449234,157,0
23,36449320,84,0
24,36449400,114,0
25,36449499,161,0
26,36449588,98,0
27,36449681,99,0
28,36449761,135,0
29,36449856,111,0
30,36449949,90,0
31,36450045,156,0
32,36450136,124,0
33,36450221,79,0
34,36450309,149,0
35,36450406,140,0
36,36450498,81,0
37,36450579,135,0
38,36450662,151,0
39,36450761,79,0
40,36450850,161,0
41,36450934,157,0
42,36451022,92,0
43,36451120,106,0
44,36451201,163,0
45,36451301,101,0
46,36451388,92,0
47,36451483,161,0
48,36451580,117,0
49,36451676,88,0
50,36451771,155,0
51,36451852,133,0
52,36451945,148,0
53,36452036,143,0
54,36452136,145,0
55,36452233,81,0
56,36452328,131,0
57,36452418,155,0
58,36452508,88,0
59,36452608,115,0
60,36452704,161,0
61,36452801,92,0
62,36452883,97,0
63,36452965,163,0
64,36453060,109,0
65,36453146,87,0
66,36453246,158,0
67,36453339,125,0
68,36453431,79,0
69,36453523,149,0
70,36453623,137,0
71,36453704,82,0
72,36453787,136,0
73,36453876,150,0
74,36453975,82,0
75,36454075,79,0
76,36454165,159,0
77,36454258,88,0
78,36454348,108,0
79,36454442,160,0
80,36454536,104,0
81,36454622,93,0
82,36454720,159,0
83,36454820,117,0
84,36454911,83,0
85,36454991,153,0
86,36455083,131,0
87,36455183,90,0
88,36455274,143,0
89,36455360,142,0
90,36455447,81,0
91,36455529,127,0
92,36455625,155,0
93,36455712,88,0
94,36455792,110,0
95,36455877,159,0
96,36455959,93,0
97,36456048,96,0
98,36456144,158,0
99,36456239,124,0
100,36456324,87,0
101,36456414,85,0
102,36456495,124,0
103,36456584,160,0
104,36456667,143,0
105,36456751,93,1
106,36456839,77,1
107,36456924,111,1
108,36457019,159,1
109,36457108,165,1
110,36457199,132,1
111,36457289,94,1
112,36457374,112,1
113,36457454,162,1
114,36457539,184,1
115,36457627,152,1
116,36457717,114,1
117,36457807,111,1
118,36457898,150,1
119,36457995,188,1
120,36458082,173,1
121,36458178,118,1
122,36458258,105,1
123,36458357,137,1
124,36458439,175,1
125,36458526,178,1
126,36458606,135,1
127,36458689,94,1
128,36458772,112,1
129,36458857,158,1
130,36458940,174,1
131,36459027,142,1
132,36459112,105,1
133,36459212,101,1
134,36459307,141,1
135,36459393,177,1
136,36459481,163,1
137,36459569,109,1
138,36459660,95,1
139,36459746,132,1
140,36459844,170,1
141,36459928,174,1
142,36460018,130,1
143,36460100,95,1
144,36460180,109,1
145,36460272,158,1
146,36460357,176,1
147,36460449,142,1
148,36460532,101,1
149,36460616,99,1
150,36460710,139,1
151,36460807,175,1
152,36460894,157,1
153,36460983,108,1
154,36461077,94,1
155,36461160,129,1
156,36461245,169,1
157,36461331,165,1
158,36461419,125,1
159,36461513,94,1
160,36461613,110,1
161,36461708,162,1
162,36461807,174,1
163,36461893,140,1
164,36461993,98,1
165,36462088,102,1
166,36462182,145,1
167,36462268,174,1
168,36462349,152,1
169,36462436,106,1
170,36462519,94,1
171,36462603,134,1
172,36462687,171,1
173,36462787,163,1
174,36462880,120,1
175,36462967,93,1
176,36463060,118,1
177,36463148,165,1
178,36463234,172,1
179,36463327,129,1
180,36463421,98,1
181,36463506,108,1
182,36463602,150,1
183,36463698,175,1
184,36463787,151,1
185,36463867,99,1
186,36463960,98,1
187,36464058,141,1
188,36464142,174,1
189,36464235,153,1
190,36464329,112,1
191,36464429,93,1
192,36464525,125,1
193,36464610,169,1
194,36464695,167,1
195,36464792,124,1
196,36464892,93,1
197,36464978,115,1
198,36465062,157,1
199,36465145,171,1
200,36465241,141,1
201,36465340,96,1
202,36465423,101,1
203,36465503,149,1
204,36465586,174,1
205,36465677,151,1
206,36465759,108,1
207,36465854,95,1
208,36465945,131,1
209,36466025,175,1
210,36466122,163,1
211,36466220,113,1
212,36466309,93,1
213,36466391,123,1
214,36466478,165,1
215,36466569,170,1
216,36466657,126,1
217,36466756,94,1
218,36466841,108,1
219,36466922,158,1
220,36467009,173,1
221,36467100,141,1
222,36467183,98,1
223,36467265,103,1
224,36467361,141,1
225,36467457,174,1
226,36467546,155,1
227,36467646,104,1
228,36467738,94,1
229,36467824,133,1
230,36467918,170,1
231,36468013,146,1
232,36468106,100,1
233,36468189,71,1
234,36468273,102,1
235,36468361,150,1
236,36468446,147,1
237,36468532,102,1
238,36468628,66,1
239,36468716,85,1
240,36468809,128,1
241,36468899,143,1
242,36468992,113,1
243,36469085,61,1
244,36469181,69,1
245,36469266,114,1
246,36469366,143,1
247,36469462,117,1
248,36469543,71,1
249,36469638,58,1
250,36469719,96,1
251,36469801,136,1
252,36469892,128,1
253,36469972,80,1
254,36470065,64,1
255,36470155,96,1
256,36470253,137,1
257,36470333,145,1
258,36470413,109,1
259,36470513,74,1
260,36470613,89,1
261,36470696,147,1
262,36470793,170,1
263,36470886,134,1
264,36470973,98,1
265,36471060,103,1
266,36471143,146,1
267,36471223,178,1
268,36471311,156,1
269,36471394,103,1
270,36471487,93,1
271,36471569,141,1
272,36471657,172,1
273,36471742,159,1
274,36471823,114,1
275,36471905,94,1
276,36472003,120,1
277,36472098,168,1
278,36472188,171,1
279,36472268,126,1
280,36472358,91,1
281,36472440,118,1
282,36472529,158,1
283,36472626,172,1
284,36472724,140,1
285,36472813,94,1
286,36472905,105,1
287,36472987,150,1
288,36473073,176,1
289,36473164,147,1
290,36473253,104,1
291,36473334,97,1
292,36473416,137,1
293,36473508,176,1
294,36473596,159,1
295,36473690,107,1
296,36473789,93,1
297,36473887,129,1
298,36473974,169,1
299,36474068,165,1
300,36474151,123,1
301,36474244,91,1
302,36474344,113,1
303,36474427,162,1
304,36474523,172,1
305,36474609,131,1
306,36474697,96,1
307,36474796,107,1
308,36474892,149,1
309,36474977,175,1
310,36475076,148,1
311,36475158,99,1
312,36475242,97,1
313,36475338,143,1
314,36475438,172,1
315,36475535,153,1
316,36475624,108,1
317,36475715,93,1
318,36475815,126,1
319,36475898,172,1
320,36475979,166,1
321,36476079,118,1
322,36476168,91,1
323,36476256,120,1
324,36476347,162,1
325,36476441,172,1
326,36476536,136,1
327,36476636,92,1
328,36476728,106,1
329,36476822,158,1
330,36476907,175,1
331,36476997,140,1
332,36477097,97,1
333,36477181,102,1
334,36477275,140,1
335,36477358,177,1
336,36477452,156,1
337,36477534,105,1
338,36477614,91,1
339,36477694,134,1
340,36477783,172,1
341,36477883,162,1
342,36477974,117,1
343,36478065,95,1
344,36478158,117,1
345,36478250,168,1
346,36478348,172,1
347,36478437,127,1
348,36478522,95,1
349,36478608,113,1
350,36478704,155,1
351,36478798,177,1
352,36478889,144,1
353,36478986,96,1
354,36479083,100,1
355,36479166,149,1
356,36479266,177,1
357,36479360,151,1
358,36479443,109,1
359,36479531,95,1
360,36479631,128,1
361,36479720,175,1
362,36479802,163,1
363,36479882,112,1
364,36479974,95,1
365,36480054,109,1
366,36480138,150,1
367,36480224,150,1
368,36480304,106,1
369,36480403,68,1
370,36480491,83,1
371,36480588,130,1
372,36480679,145,1
373,36480776,106,1
374,36480860,64,1
375,36480944,68,1
376,36481041,111,1
377,36481133,139,1
378,36481224,116,1
379,36481324,67,1
380,36481421,63,1
381,36481507,105,1
382,36481607,144,1
383,36481704,136,1
384,36481784,118,1
385,36481875,99,1
386,36481973,127,1
387,36482060,173,1
388,36482143,174,1
389,36482224,129,1
390,36482313,100,1
391,36482400,123,1
392,36482483,170,1
393,36482565,186,1
394,36482651,150,1
395,36482733,100,1
396,36482832,105,1
397,36482922,149,1
398,36483017,175,1
399,36483111,145,1
400,36483198,103,1
401,36483290,91,0
402,36483377,124,0
403,36483476,161,0
404,36483558,150,0
405,36483648,100,0
406,36483738,81,0
407,36483819,116,0
408,36483914,151,0
409,36483998,154,0
410,36484096,112,0
411,36484195,74,0
412,36484286,94,0
413,36484377,148,0
414,36484461,162,0
415,36484556,118,0
416,36484645,78,0
417,36484730,88,0
418,36484823,131,0
419,36484916,158,0
420,36485010,131,0
421,36485097,87,0
422,36485197,78,0
423,36485284,124,0
424,36485367,157,0
425,36485450,141,0
426,36485540,98,0
427,36485629,77,0
428,36485715,109,0
429,36485805,153,0
430,36485896,154,0
431,36485985,102,0
432,36486084,75,0
433,36486171,99,0
434,36486251,142,0
435,36486334,154,0
436,36486415,120,0
437,36486510,157,0
438,36486609,86,0
439,36486697,103,0
440,36486778,156,0
441,36486859,101,0
442,36486939,84,0
443,36487034,156,0
444,36487132,121,0
445,36487221,79,0
446,36487313,140,0
447,36487409,158,0
448,36487493,74,0
449,36487574,124,0
450,36487659,154,0
451,36487747,81,0
452,36487836,108,0
453,36487935,161,0
454,36488029,97,0
455,36488114,88,0
456,36488208,156,0
457,36488305,115,0
458,36488389,78,0
459,36488479,147,0
460,36488575,135,0
461,36488673,73,0
462,36488762,132,0
463,36488850,154,0
464,36488948,79,0
465,36489043,111,0
466,36489133,155,0
467,36489223,89,0
468,36489307,97,0
469,36489402,160,0
470,36489488,110,0
471,36489586,120,0
472,36489668,155,0
473,36489752,130,0
474,36489836,76,0
475,36489920,138,0
476,36490009,146,0
477,36490109,79,0
478,36490205,118,0
479,36490287,158,0
480,36490386,87,0
481,36490481,100,0
482,36490563,159,0
483,36490661,96,0
484,36490750,87,0
485,36490838,156,0
486,36490935,123,0
487,36491029,76,0
488,36491124,145,0
489,36491217,141,0
490,36491299,75,0
491,36491382,122,0
492,36491480,155,0
493,36491571,84,0
494,36491652,107,0
495,36491734,77,0
496,36491822,95,0
497,36491919,88,0
498,36492000,161,0
499,36492096,116,0
500,36492191,81,0
501,36492287,147,0
502,36492377,136,0
503,36492458,74,0
504,36492546,132,0
505,36492627,150,0
506,36492714,78,0
507,36492800,78,0
508,36492892,160,0
509,36492989,134,0
510,36493073,99,0
511,36493169,131,0
512,36493266,109,0
513,36493359,81,0
514,36493448,153,0
515,36493535,157,0
516,36493626,74,0
