0,36447261,781,0
1,36447346,770,0
2,36447433,800,0
3,36447519,788,0
4,36447607,771,0
5,36447701,798,0
6,36447781,794,0
7,36447872,773,0
8,36447956,785,0
9,36448038,801,0
10,36448130,768,0
11,36448213,783,0
12,36448297,802,0
13,36448396,780,0
14,36448485,775,0
15,36448570,802,0
16,36448668,780,0
17,36448766,771,0
18,36448852,795,0
19,36448944,797,0
20,36449027,773,0
21,36449114,791,0
22,36449201,799,0
23,36449293,774,0
24,36449385,784,0
25,36449470,804,0
26,36449570,781,0
27,36449659,774,0
28,36449759,777,0
29,36449845,785,0
30,36449945,770,0
31,36450034,798,0
32,36450127,795,0
33,36450210,774,0
34,36450307,787,0
35,36450397,799,0
36,36450497,775,0
37,36450580,780,0
38,36450661,803,0
39,36450744,776,0
40,36450828,790,0
41,36450914,801,0
42,36451003,782,0
43,36451101,775,0
44,36451198,801,0
45,36451284,792,0
46,36451371,769,0
47,36451464,794,0
48,36451558,799,0
49,36451654,770,0
50,36451747,785,0
51,36451836,803,0
52,36451936,802,0
53,36452019,782,0
54,36452118,802,0
55,36452213,783,0
56,36452303,772,0
57,36452400,800,0
58,36452483,793,0
59,36452572,769,0
60,36452654,793,0
61,36452742,796,0
62,36452841,776,0
63,36452925,785,0
64,36453021,803,0
65,36453108,771,0
66,36453196,781,0
67,36453283,802,0
68,36453381,782,0
69,36453463,772,0
70,36453558,801,0
71,36453657,787,0
72,36453737,771,0
73,36453835,796,0
74,36453926,797,0
75,36454011,798,0
76,36454096,790,0
77,36454183,800,0
78,36454267,774,0
79,36454354,779,0
80,36454450,805,0
81,36454536,778,0
82,36454616,776,0
83,36454700,798,0
84,36454791,786,0
85,36454881,773,0
86,36454972,796,0
87,36455066,784,0
88,36455148,772,0
89,36455243,789,0
90,36455332,801,0
91,36455415,773,0
92,36455505,784,0
93,36455591,802,0
94,36455686,781,0
95,36455782,774,0
96,36455870,803,0
97,36455966,783,0
98,36456063,772,0
99,36456149,770,0
100,36456231,791,0
101,36456319,768,0
102,36456400,790,0
103,36456481,798,0
104,36456562,773,0
105,36456649,785,0
106,36456739,802,0
107,36456828,779,0
108,36456909,777,0
109,36457003,800,0
110,36457097,781,0
111,36457179,770,0
112,36457271,797,0
113,36457358,792,0
114,36457446,773,0
115,36457541,793,0
116,36457635,799,0
117,36457720,772,0
118,36457813,786,0
119,36457912,804,0
120,36457992,776,0
121,36458072,778,0
122,36458169,801,0
123,36458253,774,0
124,36458343,773,0
125,36458440,802,0
126,36458530,793,0
127,36458621,772,0
128,36458717,792,0
129,36458810,796,0
130,36458896,761,0
131,36458985,781,0
132,36459085,802,0
133,36459166,777,0
134,36459254,779,0
135,36459352,782,0
136,36459443,782,0
137,36459541,777,0
138,36459622,799,0
139,36459715,790,0
140,36459806,774,0
141,36459891,790,0
142,36459985,792,0
143,36460072,763,0
144,36460167,786,0
145,36460257,794,0
146,36460349,767,0
147,36460439,781,1
148,36460522,792,1
149,36460608,770,1
150,36460696,760,1
151,36460793,788,1
152,36460882,766,1
153,36460963,738,1
154,36461052,751,1
155,36461141,727,1
156,36461232,692,1
157,36461324,698,1
158,36461409,699,1
159,36461491,708,1
160,36461575,715,1
161,36461657,781,1
162,36461746,790,1
163,36461846,822,1
164,36461936,869,1
165,36462029,876,1
166,36462113,893,1
167,36462198,963,1
168,36462283,1003,1
169,36462380,1025,1
170,36462479,1092,1
171,36462567,1147,1
172,36462659,1159,1
173,36462741,1195,1
174,36462835,1228,1
175,36462935,1207,1
176,36463019,1198,1
177,36463099,1218,1
178,36463187,1192,1
179,36463286,1175,1
180,36463382,1195,1
181,36463463,1168,1
182,36463562,1148,1
183,36463654,1182,1
184,36463749,1176,1
185,36463846,1151,1
186,36463941,1167,1
187,36464035,1183,1
188,36464125,1155,1
189,36464205,1165,1
190,36464285,1184,1
191,36464370,1161,1
192,36464463,1154,1
193,36464562,1178,1
194,36464646,1170,1
195,36464735,1173,1
196,36464826,1182,1
197,36464915,1177,1
198,36465010,1152,1
199,36465106,1173,1
200,36465194,1186,1
201,36465279,1155,1
202,36465378,1163,1
203,36465468,1185,1
204,36465559,1162,1
205,36465639,1160,1
206,36465726,1183,1
207,36465806,1166,1
208,36465891,1157,1
209,36465979,1184,1
210,36466060,1175,1
211,36466148,1154,1
212,36466241,1167,1
213,36466327,1179,1
214,36466420,1154,1
215,36466506,1166,1
216,36466594,1181,1
217,36466675,1163,1
218,36466766,1157,1
219,36466857,1188,1
220,36466940,1169,1
221,36467020,1156,1
222,36467106,1183,1
223,36467188,1173,1
224,36467277,1150,1
225,36467358,1181,1
226,36467450,1176,1
227,36467543,1151,1
228,36467635,1170,1
229,36467720,1185,1
230,36467800,1157,1
231,36467894,1166,1
232,36467981,1182,1
233,36468066,1165,1
234,36468159,1160,1
235,36468249,1184,1
236,36468344,1169,1
237,36468431,1151,1
238,36468525,1185,1
239,36468605,1177,1
240,36468698,1158,1
241,36468785,1176,1
242,36468878,1157,1
243,36468970,1151,1
244,36469052,1170,1
245,36469132,1179,1
246,36469232,1161,1
247,36469332,1156,1
248,36469412,1184,1
249,36469498,1167,1
250,36469584,1157,1
251,36469672,1182,1
252,36469760,1177,1
253,36469856,1156,1
254,36469950,1159,1
255,36470045,1180,1
256,36470130,1160,1
257,36470222,1171,1
258,36470315,1175,1
259,36470403,1160,1
260,36470485,1161,1
261,36470578,1187,1
262,36470664,1167,1
263,36470762,1157,1
264,36470852,1183,1
265,36470945,1175,1
266,36471035,1174,1
267,36471117,1180,1
268,36471198,1177,1
269,36471298,1158,1
270,36471380,1175,1
271,36471469,1183,1
272,36471566,1159,1
273,36471665,1162,1
274,36471745,1188,1
275,36471834,1164,1
276,36471930,1159,1
277,36472011,1184,1
278,36472105,1183,1
279,36472196,1157,1
280,36472289,1182,1
281,36472388,1177,1
282,36472476,1154,1
283,36472558,1179,1
284,36472657,1181,1
285,36472737,1156,1
286,36472823,1164,1
287,36472922,1185,1
288,36473008,1158,1
289,36473099,1161,1
290,36473187,1185,1
291,36473276,1169,1
292,36473371,1158,1
293,36473467,1181,1
294,36473549,1176,1
295,36473640,1146,1
296,36473738,1170,1
297,36473830,1180,1
298,36473913,1152,1
299,36474005,1173,1
300,36474090,1181,1
301,36474174,1161,1
302,36474272,1184,1
303,36474363,1184,1
304,36474459,1161,1
305,36474559,1159,1
306,36474649,1187,1
307,36474733,1169,1
308,36474825,1151,1
309,36474917,1181,1
310,36475016,1178,1
311,36475099,1151,1
312,36475180,1171,1
313,36475275,1183,1
314,36475375,1168,1
315,36475462,1167,1
316,36475562,1184,1
317,36475649,1156,1
318,36475741,1162,1
319,36475838,1187,1
320,36475934,1166,1
321,36476033,1160,1
322,36476115,1185,1
323,36476196,1168,1
324,36476296,1155,1
325,36476385,1182,1
326,36476484,1168,1
327,36476571,1151,1
328,36476669,1172,1
329,36476759,1178,1
330,36476859,1156,1
331,36476946,1168,1
332,36477039,1182,1
333,36477119,1158,1
334,36477209,1163,1
335,36477305,1185,1
336,36477401,1164,1
337,36477484,1153,1
338,36477564,1187,1
339,36477652,1174,1
340,36477741,1154,1
341,36477835,1181,1
342,36477934,1180,1
343,36478019,1154,1
344,36478110,1172,1
345,36478196,1186,1
346,36478292,1157,1
347,36478386,1166,1
348,36478474,1186,1
349,36478562,1158,1
350,36478661,1187,1
351,36478751,1190,1
352,36478844,1167,1
353,36478927,1157,1
354,36479018,1186,1
355,36479104,1180,1
356,36479191,1156,1
357,36479284,1172,1
358,36479369,1181,1
359,36479454,1154,1
360,36479546,1170,1
361,36479637,1186,1
362,36479727,1173,1
363,36479808,1165,1
364,36479908,1190,1
365,36479998,1166,1
366,36480097,1162,1
367,36480180,1180,1
368,36480280,1174,1
369,36480365,1152,1
370,36480463,1182,1
371,36480547,1177,1
372,36480647,1156,1
373,36480727,1182,1
374,36480819,1169,1
375,36480904,1163,1
376,36480996,1185,1
377,36481088,1202,1
378,36481177,1177,1
379,36481274,1196,1
380,36481358,1223,1
381,36481443,1204,1
382,36481543,1202,1
383,36481637,1237,1
384,36481734,1220,1
385,36481816,1200,1
386,36481900,1184,1
387,36481982,1182,1
388,36482067,1131,1
389,36482163,1115,1
390,36482260,1078,1
391,36482348,981,1
392,36482428,959,1
393,36482524,938,1
394,36482611,875,1
395,36482695,859,1
396,36482781,864,1
397,36482862,815,1
398,36482944,785,1
399,36483040,770,1
400,36483135,726,1
401,36483232,688,1
402,36483318,699,1
403,36483414,696,1
404,36483507,693,1
405,36483596,735,1
406,36483682,758,1
407,36483762,741,1
408,36483843,763,1
409,36483932,788,0
410,36484016,781,0
411,36484102,774,0
412,36484184,797,0
413,36484265,777,0
414,36484358,776,0
415,36484446,803,0
416,36484529,786,0
417,36484613,774,0
418,36484713,800,0
419,36484813,790,0
420,36484913,770,0
421,36485002,792,0
422,36485091,804,0
423,36485187,776,0
424,36485267,786,0
425,36485353,802,0
426,36485447,773,0
427,36485546,782,0
428,36485643,808,0
429,36485724,776,0
430,36485812,781,0
431,36485898,801,0
432,36485993,785,0
433,36486081,774,0
434,36486181,799,0
435,36486281,791,0
436,36486374,771,0
437,36486454,794,0
438,36486534,796,0
439,36486631,772,0
440,36486719,789,0
441,36486818,800,0
442,36486900,774,0
443,36486995,781,0
444,36487088,801,0
445,36487181,773,0
446,36487276,787,0
447,36487373,800,0
448,36487453,782,0
449,36487552,772,0
450,36487647,803,0
451,36487737,789,0
452,36487823,773,0
453,36487911,798,0
454,36487999,793,0
455,36488088,773,0
456,36488180,793,0
457,36488268,800,0
458,36488362,769,0
459,36488452,787,0
