0,36447261,805,0
1,36447355,840,0
2,36447435,795,0
3,36447517,792,0
4,36447605,840,0
5,36447694,809,0
6,36447782,788,0
7,36447870,838,0
8,36447961,814,0
9,36448056,786,0
10,36448153,829,0
11,36448239,829,0
12,36448324,785,0
13,36448404,820,0
14,36448503,834,0
15,36448584,787,0
16,36448668,822,0
17,36448749,835,0
18,36448840,792,0
19,36448936,802,0
20,36449029,841,0
21,36449126,797,0
22,36449208,790,0
23,36449290,839,0
24,36449374,812,0
25,36449468,787,0
26,36449563,831,0
27,36449662,817,0
28,36449756,794,0
29,36449840,829,0
30,36449930,833,0
31,36450016,783,0
32,36450114,814,0
33,36450196,835,0
34,36450286,787,0
35,36450366,807,0
36,36450454,836,0
37,36450547,797,0
38,36450634,797,0
39,36450720,839,0
40,36450803,781,0
41,36450897,788,0
42,36450994,835,0
43,36451089,812,0
44,36451181,782,0
45,36451263,831,0
46,36451352,823,0
47,36451447,778,0
48,36451530,815,0
49,36451620,832,0
50,36451710,781,0
51,36451809,808,0
52,36451899,799,0
53,36451982,790,0
54,36452064,802,0
55,36452151,838,0
56,36452236,797,0
57,36452333,791,0
58,36452418,832,0
59,36452512,808,0
60,36452595,784,0
61,36452682,835,0
62,36452772,819,0
63,36452861,780,0
64,36452950,821,0
65,36453032,829,0
66,36453117,784,0
67,36453198,819,0
68,36453285,832,0
69,36453370,786,0
70,36453455,801,0
71,36453535,840,0
72,36453621,795,0
73,36453712,794,0
74,36453795,839,0
75,36453892,838,0
76,36453990,789,0
77,36454082,833,0
78,36454172,810,0
79,36454258,785,0
80,36454356,828,0
81,36454447,820,0
82,36454541,782,0
83,36454627,822,0
84,36454711,832,0
85,36454801,787,0
86,36454899,811,0
87,36454981,824,0
88,36455062,784,0
89,36455147,801,0
90,36455231,840,0
91,36455325,799,0
92,36455406,791,0
93,36455497,840,0
94,36455584,808,0
95,36455667,788,0
96,36455764,834,0
97,36455848,819,0
98,36455947,778,0
99,36456044,799,0
100,36456128,827,0
101,36456219,838,0
102,36456303,815,0
103,36456387,787,0
104,36456486,787,0
105,36456574,821,0
106,36456659,839,0
107,36456755,823,0
108,36456841,789,0
109,36456941,784,0
110,36457026,805,0
111,36457122,839,0
112,36457216,837,0
113,36457314,804,0
114,36457404,784,0
115,36457494,799,0
116,36457576,824,0
117,36457660,842,0
118,36457754,818,0
119,36457847,778,0
120,36457929,789,0
121,36458022,819,0
122,36458102,840,0
123,36458196,822,0
124,36458281,793,0
125,36458380,787,0
126,36458461,801,0
127,36458560,837,0
128,36458648,835,0
129,36458740,794,0
130,36458835,784,0
131,36458918,793,0
132,36459014,829,0
133,36459103,835,0
134,36459194,818,0
135,36459277,788,0
136,36459369,788,0
137,36459461,820,0
138,36459561,840,0
139,36459657,819,0
140,36459752,794,0
141,36459846,782,0
142,36459946,808,0
143,36460037,833,0
144,36460128,833,0
145,36460210,803,0
146,36460306,782,0
147,36460402,802,0
148,36460498,832,0
149,36460583,839,0
150,36460670,819,0
151,36460752,786,0
152,36460849,790,0
153,36460936,824,0
154,36461016,834,0
155,36461111,823,0
156,36461196,796,0
157,36461280,786,0
158,36461373,809,0
159,36461469,839,0
160,36461558,832,0
161,36461653,799,0
162,36461746,782,0
163,36461835,803,0
164,36461923,823,0
165,36462005,839,0
166,36462095,813,0
167,36462178,784,0
168,36462276,791,0
169,36462356,828,0
170,36462455,841,0
171,36462545,817,0
172,36462643,795,0
173,36462736,789,0
174,36462835,813,0
175,36462921,843,0
176,36463015,832,0
177,36463112,796,0
178,36463205,782,0
179,36463299,810,0
180,36463382,838,0
181,36463463,838,0
182,36463545,808,0
183,36463642,785,0
184,36463732,795,0
185,36463821,826,0
186,36463913,841,0
187,36464005,816,0
188,36464100,790,0
189,36464195,790,0
190,36464284,817,0
191,36464384,839,0
192,36464482,824,0
193,36464569,788,0
194,36464655,782,0
195,36464735,807,0
196,36464830,836,0
197,36464914,830,0
198,36464997,799,0
199,36465096,777,0
200,36465176,792,0
201,36465269,820,0
202,36465363,828,0
203,36465449,796,1
204,36465530,768,1
205,36465622,774,1
206,36465710,802,1
207,36465791,816,1
208,36465890,785,1
209,36465971,743,1
210,36466051,731,1
211,36466139,751,1
212,36466229,757,1
213,36466322,737,1
214,36466422,699,1
215,36466512,684,1
216,36466597,712,1
217,36466682,753,1
218,36466777,764,1
219,36466873,748,1
220,36466968,760,1
221,36467052,793,1
222,36467135,848,1
223,36467227,875,1
224,36467325,870,1
225,36467415,854,1
226,36467508,878,1
227,36467607,932,1
228,36467707,967,1
229,36467791,974,1
230,36467874,969,1
231,36467962,996,1
232,36468051,1068,1
233,36468138,1107,1
234,36468234,1126,1
235,36468334,1110,1
236,36468430,1124,1
237,36468526,1177,1
238,36468609,1215,1
239,36468697,1226,1
240,36468788,1209,1
241,36468882,1192,1
242,36468975,1208,1
243,36469068,1245,1
244,36469154,1252,1
245,36469236,1223,1
246,36469327,1197,1
247,36469410,1203,1
248,36469494,1232,1
249,36469583,1248,1
250,36469668,1222,1
251,36469762,1189,1
252,36469844,1183,1
253,36469940,1213,1
254,36470027,1230,1
255,36470122,1212,1
256,36470220,1177,1
257,36470316,1159,1
258,36470404,1181,1
259,36470495,1213,1
260,36470575,1209,1
261,36470675,1172,1
262,36470766,1160,1
263,36470860,1175,1
264,36470942,1204,1
265,36471034,1213,1
266,36471122,1186,1
267,36471209,1160,1
268,36471296,1171,1
269,36471376,1204,1
270,36471457,1216,1
271,36471542,1190,1
272,36471625,1163,1
273,36471708,1164,1
274,36471800,1192,1
275,36471889,1215,1
276,36471980,1205,1
277,36472061,1167,1
278,36472147,1162,1
279,36472241,1189,1
280,36472322,1218,1
281,36472418,1209,1
282,36472511,1179,1
283,36472593,1160,1
284,36472676,1178,1
285,36472775,1215,1
286,36472874,1215,1
287,36472960,1184,1
288,36473060,1163,1
289,36473158,1174,1
290,36473247,1206,1
291,36473338,1213,1
292,36473434,1195,1
293,36473515,1162,1
294,36473613,1163,1
295,36473695,1197,1
296,36473790,1218,1
297,36473876,1203,1
298,36473972,1163,1
299,36474060,1164,1
300,36474154,1185,1
301,36474243,1220,1
302,36474336,1208,1
303,36474425,1173,1
304,36474508,1161,1
305,36474598,1188,1
306,36474683,1215,1
307,36474776,1206,1
308,36474859,1188,1
309,36474940,1160,1
310,36475037,1173,1
311,36475125,1212,1
312,36475207,1221,1
313,36475307,1192,1
314,36475387,1159,1
315,36475467,1172,1
316,36475551,1196,1
317,36475650,1208,1
318,36475733,1195,1
319,36475821,1168,1
320,36475902,1166,1
321,36476001,1193,1
322,36476083,1216,1
323,36476178,1204,1
324,36476278,1172,1
325,36476368,1163,1
326,36476467,1181,1
327,36476555,1214,1
328,36476640,1215,1
329,36476724,1183,1
330,36476810,1161,1
331,36476890,1180,1
332,36476979,1206,1
333,36477077,1217,1
334,36477175,1191,1
335,36477271,1164,1
336,36477354,1168,1
337,36477452,1200,1
338,36477539,1215,1
339,36477620,1198,1
340,36477715,1169,1
341,36477802,1164,1
342,36477891,1190,1
343,36477990,1221,1
344,36478090,1209,1
345,36478179,1172,1
346,36478278,1164,1
347,36478360,1188,1
348,36478443,1208,1
349,36478539,1209,1
350,36478634,1181,1
351,36478729,1160,1
352,36478812,1178,1
353,36478912,1210,1
354,36479005,1219,1
355,36479102,1189,1
356,36479183,1162,1
357,36479278,1172,1
358,36479372,1201,1
359,36479467,1221,1
360,36479547,1199,1
361,36479629,1166,1
362,36479715,1165,1
363,36479807,1200,1
364,36479891,1219,1
365,36479981,1205,1
366,36480079,1167,1
367,36480163,1160,1
368,36480245,1184,1
369,36480332,1212,1
370,36480412,1211,1
371,36480507,1180,1
372,36480587,1166,1
373,36480677,1182,1
374,36480770,1209,1
375,36480853,1215,1
376,36480948,1181,1
377,36481043,1157,1
378,36481134,1172,1
379,36481224,1204,1
380,36481314,1220,1
381,36481398,1198,1
382,36481486,1169,1
383,36481581,1165,1
384,36481676,1194,1
385,36481773,1219,1
386,36481862,1210,1
387,36481959,1172,1
388,36482046,1160,1
389,36482143,1189,1
390,36482231,1215,1
391,36482327,1207,1
392,36482416,1181,1
393,36482505,1162,1
394,36482596,1180,1
395,36482694,1214,1
396,36482790,1218,1
397,36482889,1184,1
398,36482976,1163,1
399,36483063,1176,1
400,36483155,1203,1
401,36483251,1216,1
402,36483337,1197,1
403,36483420,1165,1
404,36483505,1165,1
405,36483597,1196,1
406,36483694,1218,1
407,36483784,1202,1
408,36483871,1174,1
409,36483954,1166,1
410,36484035,1186,1
411,36484130,1217,1
412,36484227,1213,1
413,36484322,1176,1
414,36484404,1164,1
415,36484503,1185,1
416,36484602,1213,1
417,36484699,1213,1
418,36484796,1188,1
419,36484882,1163,1
420,36484975,1173,1
421,36485061,1201,1
422,36485161,1218,1
423,36485248,1192,1
424,36485328,1169,1
425,36485416,1164,1
426,36485497,1197,1
427,36485584,1217,1
428,36485669,1204,1
429,36485760,1172,1
430,36485842,1162,1
431,36485928,1191,1
432,36486020,1214,1
433,36486117,1208,1
434,36486197,1178,1
435,36486290,1165,1
436,36486388,1182,1
437,36486469,1164,1
438,36486567,1215,1
439,36486661,1193,1
440,36486742,1164,1
441,36486835,1203,1
442,36486926,1206,1
443,36487011,1164,1
444,36487100,1196,1
445,36487182,1215,1
446,36487267,1167,1
447,36487366,1162,1
448,36487465,1217,1
449,36487559,1176,1
450,36487645,1167,1
451,36487731,1217,1
452,36487818,1189,1
453,36487900,1163,1
454,36487989,1209,1
455,36488074,1203,1
456,36488167,1163,1
457,36488247,1191,1
458,36488340,1203,1
459,36488426,1177,1
460,36488516,1184,1
461,36488610,1216,1
462,36488702,1167,1
463,36488782,1171,1
464,36488872,1216,1
465,36488960,1184,1
466,36489044,1164,1
467,36489142,1217,1
468,36489242,1190,1
469,36489340,1162,1
470,36489422,1205,1
471,36489507,1196,1
472,36489605,1163,1
473,36489686,1189,1
474,36489770,1219,1
475,36489857,1170,1
476,36489946,1178,1
477,36490036,1219,1
478,36490127,1180,1
479,36490216,1169,1
480,36490307,1216,1
481,36490398,1186,1
482,36490496,1160,1
483,36490596,1210,1
484,36490688,1202,1
485,36490782,1162,1
486,36490878,1197,1
487,36490973,1216,1
488,36491057,1168,1
489,36491146,1175,1
490,36491231,1214,1
491,36491320,1176,1
492,36491420,1171,1
493,36491506,1216,1
494,36491594,1188,1
495,36491686,1218,1
496,36491783,1211,1
497,36491880,1205,1
498,36491963,1159,1
499,36492057,1197,1
500,36492138,1212,1
501,36492229,1165,1
502,36492316,1182,1
503,36492414,1216,1
504,36492499,1177,1
505,36492597,1176,1
506,36492693,1222,1
507,36492774,1213,1
508,36492868,1163,1
509,36492954,1185,1
510,36493053,1195,1
511,36493141,1176,1
512,36493241,1204,1
513,36493333,1217,1
514,36493427,1160,1
515,36493515,1170,1
516,36493610,1214,1
517,36493705,1198,1
518,36493802,1179,1
519,36493898,1206,1
520,36493995,1178,1
521,36494095,1194,1
522,36494176,1212,1
523,36494270,1212,1
524,36494364,1162,1
525,36494446,1163,1
526,36494526,1206,1
527,36494622,1208,1
528,36494713,1194,1
529,36494808,1190,1
530,36494892,1163,1
531,36494987,1170,1
532,36495077,1214,1
533,36495162,1220,1
534,36495256,1171,1
535,36495338,1167,1
536,36495435,1186,1
537,36495531,1191,1
538,36495624,1214,1
539,36495722,1203,1
540,36495814,1159,1
541,36495907,1161,1
542,36496006,1208,1
543,36496099,1214,1
544,36496195,1186,1
545,36496289,1179,1
546,36496369,1171,1
547,36496460,1180,1
548,36496551,1221,1
549,36496651,1218,1
550,36496747,1166,1
551,36496843,1162,1
552,36496934,1194,1
553,36497025,1200,1
554,36497118,1206,1
555,36497212,1198,1
556,36497312,1161,1
557,36497396,1167,1
558,36497496,1217,1
559,36497584,1216,1
560,36497680,1180,1
561,36497779,1176,1
562,36497864,1179,1
563,36497959,1182,1
564,36498043,1220,1
565,36498131,1214,1
566,36498219,1161,1
567,36498305,1161,1
568,36498405,1204,1
569,36498501,1208,1
570,36498590,1199,1
571,36498672,1193,1
572,36498760,1163,1
573,36498854,1165,1
574,36498936,1214,1
575,36499028,1212,1
576,36499124,1176,1
577,36499212,1166,1
578,36499312,1185,1
579,36499392,1187,1
580,36499487,1210,1
581,36499583,1205,1
582,36499683,1158,1
583,36499776,1160,1
584,36499871,1206,1
585,36499968,1214,1
586,36500060,1192,1
587,36500159,1185,1
588,36500246,1169,1
589,36500338,1169,1
590,36500435,1219,1
591,36500526,1218,1
592,36500618,1169,1
593,36500703,1162,1
594,36500796,1191,1
595,36500896,1197,1
596,36500976,1206,1
597,36501059,1204,1
598,36501152,1158,1
599,36501246,1162,1
600,36501335,1215,1
601,36501432,1216,1
602,36501532,1181,1
603,36501626,1180,1
604,36501714,1173,1
605,36501810,1175,1
606,36501908,1219,1
607,36501995,1214,1
608,36502094,1164,1
609,36502189,1166,1
610,36502277,1196,1
611,36502366,1206,1
612,36502466,1200,1
613,36502565,1201,1
614,36502653,1163,1
615,36502749,1160,1
616,36502848,1210,1
617,36502930,1216,1
618,36503015,1178,1
619,36503105,1173,1
620,36503195,1175,1
621,36503289,1181,1
622,36503386,1216,1
623,36503486,1212,1
624,36503582,1166,1
625,36503664,1155,1
626,36503758,1196,1
627,36503846,1208,1
628,36503940,1205,1
629,36504032,1190,1
630,36504122,1159,1
631,36504220,1171,1
632,36504303,1218,1
633,36504388,1205,1
634,36504469,1168,1
635,36504566,1171,1
636,36504648,1179,1
637,36504744,1184,1
638,36504835,1216,1
639,36504926,1212,1
640,36505025,1164,1
641,36505122,1157,1
642,36505212,1205,1
643,36505311,1206,1
644,36505411,1197,1
645,36505491,1193,1
646,36505575,1157,1
647,36505670,1167,1
648,36505762,1216,1
649,36505846,1221,1
650,36505945,1176,1
651,36506027,1168,1
652,36506124,1181,1
653,36506204,1183,1
654,36506291,1217,1
655,36506377,1207,1
656,36506467,1163,1
657,36506561,1160,1
658,36506660,1205,1
659,36506756,1213,1
660,36506842,1192,1
661,36506923,1186,1
662,36507011,1166,1
663,36507092,1167,1
664,36507180,1206,1
665,36507260,1218,1
666,36507351,1171,1
667,36507447,1166,1
668,36507537,1188,1
669,36507623,1194,1
670,36507703,1214,1
671,36507798,1197,1
672,36507879,1159,1
673,36507969,1161,1
674,36508066,1209,1
675,36508151,1217,1
676,36508251,1188,1
677,36508345,1184,1
678,36508441,1168,1
679,36508540,1172,1
680,36508636,1219,1
681,36508728,1216,1
682,36508820,1172,1
683,36508902,1162,1
684,36508997,1190,1
685,36509095,1196,1
686,36509192,1209,1
687,36509274,1205,1
688,36509369,1161,1
689,36509451,1159,1
690,36509551,1213,1
691,36509651,1215,1
692,36509740,1185,1
693,36509831,1181,1
694,36509918,1172,1
695,36510007,1180,1
696,36510097,1220,1
697,36510184,1215,1
698,36510268,1165,1
699,36510351,1160,1
700,36510450,1188,1
701,36510531,1206,1
702,36510631,1208,1
703,36510728,1204,1
704,36510817,1159,1
705,36510913,1158,1
706,36511011,1212,1
707,36511103,1210,1
708,36511201,1184,1
709,36511300,1181,1
710,36511390,1170,1
711,36511470,1176,1
712,36511558,1218,1
713,36511640,1217,1
714,36511723,1163,1
715,36511821,1162,1
716,36511917,1196,1
717,36512015,1205,1
718,36512110,1201,1
719,36512203,1198,1
720,36512303,1157,1
721,36512400,1161,1
722,36512495,1217,1
723,36512589,1217,1
724,36512689,1187,1
725,36512771,1177,1
726,36512860,1169,1
727,36512953,1179,1
728,36513044,1217,1
729,36513130,1214,1
730,36513212,1163,1
731,36513295,1162,1
732,36513376,1193,1
733,36513469,1202,1
734,36513561,1202,1
735,36513655,1201,1
736,36513748,1158,1
737,36513832,1160,1
738,36513925,1214,1
739,36514008,1219,1
740,36514095,1182,1
741,36514191,1178,1
742,36514284,1171,1
743,36514377,1180,1
744,36514458,1220,1
745,36514549,1217,1
746,36514643,1167,1
747,36514726,1163,1
748,36514811,1192,1
749,36514898,1198,1
750,36514998,1204,1
751,36515081,1198,1
752,36515181,1161,1
753,36515270,1164,1
754,36515351,1215,1
755,36515441,1213,1
756,36515521,1183,1
757,36515611,1169,1
758,36515697,1173,1
759,36515794,1176,1
760,36515887,1216,1
761,36515975,1208,1
762,36516075,1168,1
763,36516173,1160,1
764,36516258,1194,1
765,36516347,1202,1
766,36516436,1208,1
767,36516518,1192,1
768,36516607,1161,1
769,36516706,1157,1
770,36516786,1214,1
771,36516879,1214,1
772,36516976,1189,1
773,36517072,1180,1
774,36517171,1170,1
775,36517257,1175,1
776,36517351,1218,1
777,36517438,1216,1
778,36517528,1170,1
779,36517608,1163,1
780,36517700,1188,1
781,36517783,1191,1
782,36517866,1207,1
783,36517960,1204,1
784,36518044,1162,1
785,36518139,1160,1
786,36518221,1210,1
787,36518316,1213,1
788,36518401,1192,1
789,36518501,1184,1
790,36518584,1169,1
791,36518668,1178,1
792,36518756,1216,1
793,36518838,1219,1
794,36518936,1173,1
795,36519030,1169,1
796,36519115,1185,1
797,36519202,1190,1
798,36519296,1211,1
799,36519383,1212,1
800,36519468,1158,1
801,36519550,1158,1
802,36519647,1204,1
803,36519741,1211,1
804,36519831,1196,1
805,36519926,1194,1
806,36520007,1162,1
807,36520106,1169,1
808,36520198,1213,1
809,36520298,1209,1
810,36520387,1171,1
811,36520478,1173,1
812,36520574,1178,1
813,36520670,1190,1
814,36520767,1215,1
815,36520848,1214,1
816,36520935,1160,1
817,36521030,1161,1
818,36521123,1201,1
819,36521210,1205,1
820,36521294,1196,1
821,36521392,1194,1
822,36521478,1165,1
823,36521572,1167,1
824,36521655,1216,1
825,36521736,1219,1
826,36521821,1186,1
827,36521906,1178,1
828,36521992,1171,1
829,36522091,1181,1
830,36522189,1217,1
831,36522272,1218,1
832,36522366,1170,1
833,36522454,1167,1
834,36522543,1191,1
835,36522626,1196,1
836,36522718,1212,1
837,36522812,1208,1
838,36522905,1160,1
839,36522992,1164,1
840,36523080,1208,1
841,36523170,1213,1
842,36523253,1189,1
843,36523351,1190,1
844,36523444,1167,1
845,36523535,1170,1
846,36523626,1218,1
847,36523717,1220,1
848,36523815,1174,1
849,36523915,1172,1
850,36524004,1184,1
851,36524099,1187,1
852,36524194,1212,1
853,36524289,1214,1
854,36524381,1162,1
855,36524463,1163,1
856,36524552,1204,1
857,36524637,1206,1
858,36524733,1205,1
859,36524828,1198,1
860,36524909,1159,1
861,36524994,1167,1
862,36525085,1214,1
863,36525166,1215,1
864,36525257,1181,1
865,36525347,1181,1
866,36525440,1179,1
867,36525538,1175,1
868,36525628,1217,1
869,36525716,1218,1
870,36525796,1172,1
871,36525876,1166,1
872,36525974,1193,1
873,36526062,1198,1
874,36526150,1211,1
875,36526244,1208,1
876,36526331,1162,1
877,36526415,1165,1
878,36526503,1207,1
879,36526595,1214,1
880,36526694,1195,1
881,36526792,1181,1
882,36526887,1168,1
883,36526971,1170,1
884,36527060,1217,1
885,36527157,1221,1
886,36527257,1181,1
887,36527352,1171,1
888,36527450,1180,1
889,36527534,1183,1
890,36527630,1220,1
891,36527715,1213,1
892,36527796,1166,1
893,36527876,1163,1
894,36527972,1204,1
895,36528069,1202,1
896,36528165,1207,1
897,36528245,1202,1
898,36528335,1164,1
899,36528416,1167,1
900,36528516,1217,1
901,36528607,1218,1
902,36528699,1189,1
903,36528786,1179,1
904,36528881,1173,1
905,36528966,1179,1
906,36529062,1220,1
907,36529158,1218,1
908,36529258,1172,1
909,36529346,1171,1
910,36529427,1188,1
911,36529519,1201,1
912,36529612,1214,1
913,36529711,1207,1
914,36529806,1164,1
915,36529890,1160,1
916,36529974,1207,1
917,36530057,1213,1
918,36530154,1197,1
919,36530244,1193,1
920,36530327,1170,1
921,36530407,1170,1
922,36530494,1218,1
923,36530592,1222,1
924,36530691,1180,1
925,36530775,1173,1
926,36530870,1188,1
927,36530965,1187,1
928,36531048,1221,1
929,36531129,1217,1
930,36531222,1166,1
931,36531318,1164,1
932,36531399,1201,1
933,36531479,1204,1
934,36531564,1206,1
935,36531656,1198,1
936,36531750,1163,1
937,36531838,1169,1
938,36531922,1217,1
939,36532018,1219,1
940,36532116,1189,1
941,36532202,1179,1
942,36532295,1171,1
943,36532390,1178,1
944,36532490,1220,1
945,36532585,1218,1
946,36532672,1169,1
947,36532769,1169,1
948,36532869,1191,1
949,36532956,1194,1
950,36533041,1214,1
951,36533136,1210,1
952,36533219,1162,1
953,36533308,1163,1
954,36533401,1207,1
955,36533501,1209,1
956,36533597,1193,1
957,36533684,1193,1
958,36533768,1170,1
959,36533849,1172,1
960,36533942,1220,1
961,36534028,1220,1
962,36534117,1179,1
963,36534216,1174,1
964,36534305,1180,1
965,36534390,1187,1
966,36534489,1221,1
967,36534584,1214,1
968,36534682,1166,1
969,36534781,1166,1
970,36534870,1201,1
971,36534959,1212,1
972,36535047,1207,1
973,36535133,1202,1
974,36535231,1157,1
975,36535315,1170,1
976,36535410,1217,1
977,36535498,1218,1
978,36535597,1191,1
979,36535684,1183,1
980,36535777,1172,1
981,36535875,1176,1
982,36535964,1221,1
983,36536050,1221,1
984,36536130,1172,1
985,36536222,1168,1
986,36536309,1193,1
987,36536402,1196,1
988,36536497,1217,1
989,36536590,1209,1
990,36536678,1160,1
991,36536766,1163,1
992,36536853,1208,1
993,36536941,1209,1
994,36537028,1186,1
995,36537120,1194,1
996,36537205,1165,1
997,36537292,1172,1
998,36537377,1217,1
999,36537465,1218,1
1000,36537552,1179,1
1001,36537642,1172,1
1002,36537736,1180,1
1003,36537830,1188,1
1004,36537918,1211,1
1005,36538011,1215,1
1006,36538110,1164,1
1007,36538199,1165,1
1008,36538291,1197,1
1009,36538388,1202,1
1010,36538472,1208,1
1011,36538568,1204,1
1012,36538667,1162,1
1013,36538749,1169,1
1014,36538834,1212,1
1015,36538921,1210,1
1016,36539012,1184,1
1017,36539111,1184,1
1018,36539205,1172,1
1019,36539288,1176,1
1020,36539373,1219,1
1021,36539461,1221,1
1022,36539551,1173,1
1023,36539631,1169,1
1024,36539711,1190,1
1025,36539808,1188,1
1026,36539898,1218,1
1027,36539997,1208,1
1028,36540095,1162,1
1029,36540184,1162,1
1030,36540278,1208,1
1031,36540364,1215,1
1032,36540459,1199,1
1033,36540542,1192,1
1034,36540637,1167,1
1035,36540722,1169,1
1036,36540808,1219,1
1037,36540889,1223,1
1038,36540978,1180,1
1039,36541075,1171,1
1040,36541170,1180,1
1041,36541264,1186,1
1042,36541358,1220,1
1043,36541451,1217,1
1044,36541537,1167,1
1045,36541617,1156,1
1046,36541707,1199,1
1047,36541788,1201,1
1048,36541871,1206,1
1049,36541970,1204,1
1050,36542067,1166,1
1051,36542159,1167,1
1052,36542250,1220,1
1053,36542348,1218,1
1054,36542446,1192,1
1055,36542542,1178,1
1056,36542633,1173,1
1057,36542724,1175,1
1058,36542813,1222,1
1059,36542912,1220,1
1060,36543007,1167,1
1061,36543091,1164,1
1062,36543178,1190,1
1063,36543271,1197,1
1064,36543367,1212,1
1065,36543459,1212,1
1066,36543559,1162,1
1067,36543654,1160,1
1068,36543734,1208,1
1069,36543825,1212,1
1070,36543914,1193,1
1071,36544014,1190,1
1072,36544109,1168,1
1073,36544200,1173,1
1074,36544282,1221,1
1075,36544370,1217,1
1076,36544458,1172,1
1077,36544544,1163,1
1078,36544637,1182,1
1079,36544733,1187,1
1080,36544826,1221,1
1081,36544923,1217,1
1082,36545017,1167,1
1083,36545104,1165,1
1084,36545189,1207,1
1085,36545275,1210,1
1086,36545375,1211,1
1087,36545463,1219,1
1088,36545544,1182,1
1089,36545626,1185,1
1090,36545720,1247,1
1091,36545801,1254,1
1092,36545901,1219,1
1093,36545985,1217,1
1094,36546075,1216,1
1095,36546162,1216,1
1096,36546248,1249,1
1097,36546333,1225,1
1098,36546428,1147,1
1099,36546528,1088,1
1100,36546611,1110,1
1101,36546711,1072,1
1102,36546811,1051,1
1103,36546896,1007,1
1104,36546984,920,1
1105,36547071,889,1
1106,36547164,909,1
1107,36547261,891,1
1108,36547348,844,1
1109,36547437,808,1
1110,36547530,750,1
1111,36547614,714,1
1112,36547695,750,1
1113,36547777,742,1
1114,36547862,693,1
1115,36547959,704,1
1116,36548047,740,1
1117,36548143,751,1
1118,36548225,807,1
1119,36548319,804,1
1120,36548402,764,1
1121,36548499,772,1
1122,36548584,813,0
1123,36548678,824,0
1124,36548772,812,0
1125,36548865,811,0
1126,36548963,785,0
1127,36549050,783,0
1128,36549134,837,0
1129,36549217,841,0
1130,36549312,802,0
1131,36549404,798,0
1132,36549490,802,0
1133,36549589,803,0
1134,36549689,842,0
1135,36549779,839,0
1136,36549877,784,0
1137,36549959,785,0
1138,36550042,812,0
1139,36550133,823,0
1140,36550232,827,0
1141,36550331,823,0
1142,36550412,784,0
1143,36550495,787,0
1144,36550590,836,0
1145,36550677,837,0
1146,36550776,808,0
1147,36550857,801,0
1148,36550943,787,0
1149,36551030,798,0
1150,36551121,840,0
1151,36551211,838,0
1152,36551307,790,0
1153,36551389,789,0
1154,36551489,809,0
1155,36551581,817,0
1156,36551676,834,0
1157,36551773,830,0
1158,36551870,784,0
1159,36551967,779,0
1160,36552058,830,0
1161,36552158,834,0
1162,36552251,817,0
1163,36552331,807,0
1164,36552429,791,0
1165,36552529,789,0
1166,36552627,836,0
1167,36552714,840,0
1168,36552809,799,0
1169,36552904,789,0
1170,36552984,805,0
1171,36553082,812,0
1172,36553170,839,0
1173,36553269,836,0
1174,36553354,784,0
1175,36553444,782,0
1176,36553526,826,0
1177,36553607,826,0
1178,36553687,823,0
1179,36553772,810,0
1180,36553869,776,0
1181,36553969,791,0
1182,36554060,838,0
1183,36554152,838,0
1184,36554252,804,0
1185,36554335,799,0
1186,36554419,799,0
1187,36554502,800,0
1188,36554595,842,0
1189,36554682,836,0
1190,36554779,779,0
1191,36554861,779,0
1192,36554959,817,0
1193,36555049,821,0
1194,36555135,833,0
1195,36555231,824,0
1196,36555326,783,0
1197,36555423,781,0
1198,36555513,833,0
1199,36555603,840,0
1200,36555702,802,0
1201,36555788,795,0
1202,36555879,789,0
1203,36555971,799,0
1204,36556059,840,0
1205,36556155,842,0
1206,36556240,791,0
1207,36556336,782,0
1208,36556429,811,0
1209,36556517,817,0
1210,36556612,832,0
1211,36556698,825,0
1212,36556779,785,0
1213,36556862,777,0
1214,36556954,831,0
1215,36557049,833,0
1216,36557129,817,0
1217,36557220,812,0
1218,36557308,791,0
1219,36557388,793,0
1220,36557484,838,0
1221,36557582,836,0
1222,36557675,793,0
1223,36557769,790,0
1224,36557851,809,0
1225,36557949,809,0
1226,36558036,833,0
1227,36558128,836,0
1228,36558214,783,0
1229,36558308,784,0
1230,36558407,823,0
1231,36558500,831,0
1232,36558584,820,0
1233,36558664,811,0
1234,36558762,787,0
1235,36558862,789,0
1236,36558950,839,0
1237,36559038,844,0
1238,36559124,800,0
1239,36559215,791,0
1240,36559307,803,0
1241,36559396,817,0
1242,36559485,840,0
1243,36559584,834,0
1244,36559672,778,0
1245,36559764,776,0
1246,36559860,823,0
1247,36559959,826,0
1248,36560050,818,0
1249,36560142,818,0
1250,36560227,783,0
