0,36447261,417,0
1,36447342,449,0
2,36447432,408,0
3,36447517,401,0
4,36447606,449,0
5,36447686,419,0
6,36447777,398,0
7,36447858,448,0
8,36447944,428,0
9,36448039,396,0
10,36448124,439,0
11,36448218,438,0
12,36448299,394,0
13,36448391,430,0
14,36448484,446,0
15,36448584,397,0
16,36448673,433,0
17,36448756,448,0
18,36448848,402,0
19,36448941,410,0
20,36449030,452,0
21,36449128,408,0
22,36449226,400,0
23,36449317,448,0
24,36449398,421,0
25,36449493,395,0
26,36449581,444,0
27,36449676,429,0
28,36449772,403,0
29,36449872,437,0
30,36449953,442,0
31,36450048,393,0
32,36450147,424,0
33,36450234,444,0
34,36450332,397,0
35,36450413,418,0
36,36450495,448,0
37,36450591,408,0
38,36450672,407,0
39,36450771,448,0
40,36450853,391,0
41,36450942,398,0
42,36451034,446,0
43,36451119,422,0
44,36451209,390,0
45,36451307,440,0
46,36451404,432,0
47,36451502,395,0
48,36451582,433,0
49,36451674,441,0
50,36451755,394,0
51,36451854,418,0
52,36451944,408,0
53,36452039,402,0
54,36452125,412,0
55,36452217,449,0
56,36452299,406,0
57,36452391,402,0
58,36452487,447,0
59,36452576,418,0
60,36452674,398,0
61,36452756,444,0
62,36452846,430,0
63,36452939,391,0
64,36453037,431,0
65,36453119,438,0
66,36453205,392,0
67,36453295,431,0
68,36453392,445,0
69,36453477,396,0
70,36453567,416,0
71,36453653,449,0
72,36453739,405,0
73,36453822,405,0
74,36453918,448,0
75,36454009,449,0
76,36454092,398,0
77,36454182,446,0
78,36454279,422,0
79,36454374,395,0
80,36454460,438,0
81,36454558,434,0
82,36454655,390,0
83,36454736,431,0
84,36454818,443,0
85,36454902,395,0
86,36454997,421,0
87,36455090,435,0
88,36455188,397,0
89,36455275,411,0
90,36455365,450,0
91,36455462,407,0
92,36455554,404,0
93,36455637,450,0
94,36455732,417,0
95,36455818,398,0
96,36455915,442,0
97,36456012,429,0
98,36456107,391,0
99,36456199,411,0
100,36456298,440,0
101,36456379,448,0
102,36456470,424,0
103,36456562,395,0
104,36456647,396,0
105,36456736,429,0
106,36456819,448,0
107,36456901,432,0
108,36456983,402,0
109,36457080,396,0
110,36457179,415,0
111,36457279,448,0
112,36457375,448,0
113,36457471,413,0
114,36457564,393,0
115,36457652,408,0
116,36457743,435,0
117,36457833,449,0
118,36457921,427,0
119,36458011,395,0
120,36458093,398,0
121,36458181,429,0
122,36458272,449,0
123,36458369,432,0
124,36458450,401,0
125,36458538,397,0
126,36458630,413,0
127,36458712,446,0
128,36458798,444,0
129,36458897,407,0
130,36458978,393,0
131,36459065,406,0
132,36459156,437,0
133,36459246,446,0
134,36459333,428,0
135,36459414,396,0
136,36459510,398,0
137,36459593,428,0
138,36459684,449,0
139,36459775,431,0
140,36459867,404,0
141,36459949,392,0
142,36460030,419,0
143,36460128,448,0
144,36460228,446,0
145,36460321,412,0
146,36460404,388,0
147,36460492,407,0
148,36460575,437,0
149,36460665,443,0
150,36460748,424,0
151,36460831,391,0
152,36460913,394,0
153,36461004,423,0
154,36461091,441,0
155,36461182,423,0
156,36461276,395,0
157,36461376,383,0
158,36461472,406,1
159,36461564,433,1
160,36461659,425,1
161,36461759,390,1
162,36461847,369,1
163,36461927,390,1
164,36462013,414,1
165,36462112,420,1
166,36462209,395,1
167,36462295,365,1
168,36462391,374,1
169,36462487,413,1
170,36462578,434,1
171,36462672,434,1
172,36462767,420,1
173,36462856,421,1
174,36462955,455,1
175,36463046,490,1
176,36463146,483,1
177,36463233,449,1
178,36463329,432,1
179,36463418,460,1
180,36463500,487,1
181,36463592,485,1
182,36463675,454,1
183,36463768,424,1
184,36463867,437,1
185,36463950,465,1
186,36464046,476,1
187,36464138,447,1
188,36464225,414,1
189,36464308,416,1
190,36464399,440,1
191,36464484,456,1
192,36464579,439,1
193,36464664,403,1
194,36464759,397,1
195,36464854,425,1
196,36464948,453,1
197,36465034,449,1
198,36465123,423,1
199,36465220,404,1
200,36465312,421,1
201,36465408,460,1
202,36465508,466,1
203,36465608,439,1
204,36465695,421,1
205,36465790,432,1
206,36465885,464,1
207,36465974,482,1
208,36466058,464,1
209,36466154,431,1
210,36466248,432,1
211,36466328,466,1
212,36466421,490,1
213,36466521,475,1
214,36466621,446,1
215,36466716,436,1
216,36466799,458,1
217,36466886,486,1
218,36466979,483,1
219,36467075,449,1
220,36467163,434,1
221,36467247,451,1
222,36467339,481,1
223,36467432,486,1
224,36467516,462,1
225,36467601,431,1
226,36467695,437,1
227,36467789,478,1
228,36467871,488,1
229,36467966,467,1
230,36468047,437,1
231,36468139,435,1
232,36468227,464,1
233,36468316,491,1
234,36468403,480,1
235,36468494,442,1
236,36468594,432,1
237,36468686,462,1
238,36468772,485,1
239,36468868,481,1
240,36468963,456,1
241,36469051,432,1
242,36469131,449,1
243,36469216,483,1
244,36469302,489,1
245,36469386,460,1
246,36469474,435,1
247,36469567,441,1
248,36469660,474,1
249,36469741,489,1
250,36469839,471,1
251,36469927,435,1
252,36470021,434,1
253,36470117,467,1
254,36470214,490,1
255,36470309,475,1
256,36470400,447,1
257,36470497,432,1
258,36470595,454,1
259,36470690,487,1
260,36470786,484,1
261,36470872,447,1
262,36470953,433,1
263,36471035,452,1
264,36471125,478,1
265,36471217,487,1
266,36471314,460,1
267,36471396,435,1
268,36471491,443,1
269,36471589,476,1
270,36471672,491,1
271,36471772,466,1
272,36471858,438,1
273,36471957,438,1
274,36472057,466,1
275,36472152,488,1
276,36472235,476,1
277,36472330,441,1
278,36472427,433,1
279,36472510,461,1
280,36472607,488,1
281,36472687,481,1
282,36472778,452,1
283,36472878,432,1
284,36472961,451,1
285,36473047,486,1
286,36473143,487,1
287,36473239,457,1
288,36473323,432,1
289,36473423,446,1
290,36473514,477,1
291,36473601,487,1
292,36473695,465,1
293,36473791,435,1
294,36473877,436,1
295,36473957,471,1
296,36474038,489,1
297,36474132,474,1
298,36474219,443,1
299,36474310,438,1
300,36474409,460,1
301,36474493,493,1
302,36474585,481,1
303,36474685,446,1
304,36474768,435,1
305,36474853,459,1
306,36474942,488,1
307,36475029,484,1
308,36475112,462,1
309,36475203,436,1
310,36475303,446,1
311,36475393,484,1
312,36475474,494,1
313,36475557,465,1
314,36475649,434,1
315,36475736,445,1
316,36475821,472,1
317,36475904,488,1
318,36476001,475,1
319,36476085,442,1
320,36476171,438,1
321,36476251,468,1
322,36476344,489,1
323,36476439,481,1
324,36476536,447,1
325,36476620,437,1
326,36476701,454,1
327,36476795,488,1
328,36476893,491,1
329,36476975,455,1
330,36477058,436,1
331,36477146,451,1
332,36477227,481,1
333,36477316,478,1
334,36477403,454,1
335,36477503,422,1
336,36477585,426,1
337,36477681,460,1
338,36477773,476,1
339,36477869,452,1
340,36477955,421,1
341,36478053,416,1
342,36478138,442,1
343,36478219,471,1
344,36478319,457,1
345,36478404,420,1
346,36478501,407,1
347,36478585,433,1
348,36478665,459,1
349,36478759,456,1
350,36478857,425,1
351,36478950,402,1
352,36479047,420,1
353,36479139,453,1
354,36479226,457,1
355,36479310,427,1
356,36479392,401,1
357,36479486,407,1
358,36479573,436,1
359,36479663,454,1
360,36479744,432,1
361,36479832,400,1
362,36479918,399,1
363,36480015,432,1
364,36480097,454,1
365,36480181,442,1
366,36480271,411,1
367,36480358,398,1
368,36480446,425,1
369,36480544,458,1
370,36480639,455,1
371,36480724,427,1
372,36480804,411,1
373,36480896,429,1
374,36480986,456,1
375,36481081,464,1
376,36481171,440,1
377,36481256,413,1
378,36481336,420,1
379,36481417,455,1
380,36481513,471,1
381,36481606,448,1
382,36481691,425,1
383,36481775,425,1
384,36481856,454,1
385,36481956,479,1
386,36482055,471,1
387,36482152,431,1
388,36482245,420,1
389,36482335,451,1
390,36482427,481,1
391,36482513,472,1
392,36482596,443,1
393,36482686,428,1
394,36482782,447,1
395,36482879,483,1
396,36482959,486,1
397,36483057,455,1
398,36483157,436,1
399,36483253,449,1
400,36483337,481,1
401,36483431,491,1
402,36483521,477,1
403,36483615,445,1
404,36483707,447,1
405,36483794,481,1
406,36483884,498,1
407,36483974,486,1
408,36484054,452,1
409,36484144,443,1
410,36484243,464,1
411,36484336,489,1
412,36484430,483,1
413,36484510,444,1
414,36484593,427,1
415,36484676,442,1
416,36484768,466,1
417,36484858,465,1
418,36484942,435,1
419,36485042,406,1
420,36485129,410,1
421,36485216,434,1
422,36485305,439,1
423,36485385,412,1
424,36485475,385,1
425,36485574,377,1
426,36485663,409,1
427,36485744,427,1
428,36485826,412,1
429,36485920,378,1
430,36486006,371,1
431,36486102,397,1
432,36486196,423,1
433,36486276,412,1
434,36486374,385,1
435,36486466,370,0
436,36486562,387,0
437,36486659,375,0
438,36486748,425,0
439,36486848,403,0
440,36486948,373,0
441,36487045,417,0
442,36487145,419,0
443,36487233,373,0
444,36487329,408,0
445,36487427,429,0
446,36487521,381,0
447,36487601,377,0
448,36487687,435,0
449,36487768,394,0
450,36487854,384,0
451,36487939,434,0
452,36488025,409,0
453,36488112,382,0
454,36488209,431,0
455,36488289,423,0
456,36488385,384,0
457,36488481,422,0
458,36488571,437,0
459,36488652,401,0
460,36488751,410,0
461,36488840,441,0
462,36488923,395,0
463,36489018,395,0
464,36489114,442,0
465,36489198,410,0
466,36489298,390,0
467,36489383,441,0
468,36489481,422,0
469,36489561,390,0
470,36489661,433,0
471,36489760,425,0
472,36489855,392,0
473,36489935,418,0
474,36490030,447,0
475,36490114,398,0
476,36490206,406,0
477,36490303,448,0
478,36490385,411,0
479,36490479,398,0
480,36490566,447,0
481,36490661,426,0
482,36490760,393,0
483,36490857,443,0
484,36490955,435,0
485,36491035,393,0
486,36491125,427,0
487,36491207,447,0
488,36491307,399,0
489,36491407,413,0
490,36491504,449,0
491,36491591,407,0
492,36491680,403,0
493,36491769,445,0
494,36491865,422,0
495,36491959,449,0
496,36492047,442,0
497,36492128,436,0
498,36492223,393,0
499,36492304,429,0
500,36492394,445,0
501,36492486,397,0
502,36492586,418,0
503,36492666,448,0
504,36492759,407,0
505,36492850,406,0
506,36492938,453,0
507,36493018,446,0
508,36493110,395,0
509,36493196,418,0
510,36493277,428,0
511,36493359,407,0
512,36493440,435,0
513,36493526,451,0
514,36493618,392,0
515,36493701,399,0
516,36493794,446,0
517,36493877,430,0
518,36493958,412,0
519,36494054,436,0
520,36494136,412,0
521,36494235,427,0
522,36494317,445,0
523,36494408,448,0
524,36494499,397,0
525,36494591,394,0
526,36494679,439,0
527,36494774,442,0
528,36494859,425,0
529,36494951,422,0
530,36495040,401,0
531,36495126,401,0
532,36495222,453,0
533,36495316,452,0
534,36495398,403,0
535,36495487,399,0
536,36495568,421,0
537,36495667,425,0
538,36495749,444,0
539,36495838,436,0
540,36495922,393,0
541,36496018,394,0
542,36496116,443,0
543,36496203,449,0
544,36496302,421,0
545,36496390,411,0
546,36496488,401,0
547,36496583,412,0
548,36496663,453,0
549,36496754,450,0
550,36496843,398,0
551,36496931,393,0
552,36497017,426,0
553,36497109,432,0
554,36497204,439,0
555,36497289,429,0
556,36497380,391,0
557,36497478,399,0
558,36497577,445,0
559,36497657,447,0
560,36497755,412,0
561,36497851,406,0
562,36497945,410,0
563,36498041,416,0
564,36498127,452,0
565,36498210,445,0
566,36498292,394,0
567,36498387,393,0
568,36498467,435,0
569,36498565,436,0
570,36498662,431,0
571,36498760,428,0
572,36498849,396,0
573,36498946,400,0
574,36499027,448,0
575,36499126,447,0
576,36499219,409,0
577,36499311,399,0
578,36499391,416,0
579,36499486,421,0
580,36499577,445,0
581,36499658,436,0
582,36499757,395,0
583,36499837,394,0
584,36499917,439,0
