0,36447261,-574,0
1,36447350,-575,0
2,36447437,-572,0
3,36447520,-597,0
4,36447612,-630,0
5,36447700,-605,0
6,36447781,-585,0
7,36447861,-514,0
8,36447953,-342,0
9,36448041,-154,0
10,36448128,-81,0
11,36448226,-75,0
12,36448321,40,0
13,36448413,45,0
14,36448513,-50,0
15,36448613,-11,0
16,36448698,9,0
17,36448791,-90,0
18,36448873,-44,0
19,36448968,33,0
20,36449062,-41,0
21,36449142,-58,0
22,36449239,37,0
23,36449328,-56,0
24,36449409,-69,0
25,36449505,25,0
26,36449590,17,0
27,36449677,-62,0
28,36449761,6,0
29,36449844,33,0
30,36449937,-53,0
31,36450029,-17,0
32,36450125,41,0
33,36450210,-42,0
34,36450303,-45,0
35,36450395,44,0
36,36450490,-17,0
37,36450586,-56,0
38,36450674,32,0
39,36450768,3,0
40,36450868,-61,0
41,36450949,13,0
42,36451041,29,0
43,36451138,-60,0
44,36451232,-11,0
45,36451320,45,0
46,36451420,-44,0
47,36451513,-33,0
48,36451602,31,0
49,36451699,-53,0
50,36451799,-12,0
51,36451882,42,0
52,36451974,-38,0
53,36452071,-37,0
54,36452153,43,0
55,36452237,-19,0
56,36452327,-54,0
57,36452412,33,0
58,36452510,5,0
59,36452607,4,0
60,36452699,18,0
61,36452793,26,0
62,36452889,-60,0
63,36452970,-7,0
64,36453066,44,0
65,36453162,-45,0
66,36453251,-31,0
67,36453348,43,0
68,36453447,-24,0
69,36453538,-47,0
70,36453625,42,0
71,36453705,30,0
72,36453805,-59,0
73,36453887,24,0
74,36453983,21,0
75,36454071,-57,0
76,36454154,6,0
77,36454252,33,0
78,36454338,-53,0
79,36454432,-20,0
80,36454513,48,0
81,36454602,-32,0
82,36454696,-44,0
83,36454777,46,0
84,36454868,-12,0
85,36454965,-55,0
86,36455056,29,0
87,36455136,11,0
88,36455219,-60,0
89,36455303,10,0
90,36455387,34,0
91,36455480,-53,0
92,36455568,-12,0
93,36455648,44,0
94,36455746,-40,0
95,36455845,33,0
96,36455941,45,0
97,36456030,-19,0
98,36456123,-53,0
99,36456211,37,0
100,36456305,1,0
101,36456392,-61,0
102,36456473,20,0
103,36456571,21,0
104,36456669,-60,0
105,36456750,-6,0
106,36456844,36,0
107,36456928,3,0
108,36457009,-29,0
109,36457094,45,0
110,36457175,-30,0
111,36457259,-52,0
112,36457340,33,0
113,36457440,-17,0
114,36457535,-66,0
115,36457634,15,0
116,36457731,-1,0
117,36457824,-84,0
118,36457917,-28,0
119,36458004,-68,1
120,36458094,-105,1
121,36458182,-90,1
122,36458271,-41,1
123,36458369,-144,1
124,36458460,-187,1
125,36458541,-140,1
126,36458631,-194,1
127,36458723,-216,1
128,36458811,-104,1
129,36458900,-54,1
130,36458985,-53,1
131,36459081,-25,1
132,36459167,20,1
133,36459248,-86,1
134,36459333,-71,1
135,36459424,-65,1
136,36459512,-225,1
137,36459608,-324,1
138,36459696,-268,1
139,36459778,-353,1
140,36459867,-378,1
141,36459967,-260,1
142,36460066,-257,1
143,36460158,-289,1
144,36460243,-181,1
145,36460330,-135,1
146,36460415,-184,1
147,36460507,-102,1
148,36460596,-30,1
149,36460696,-89,1
150,36460794,-61,1
151,36460890,28,1
152,36460987,-27,1
153,36461078,-36,1
154,36461163,-28,1
155,36461245,28,1
156,36461325,-39,1
157,36461410,45,1
158,36461496,43,1
159,36461592,-34,1
160,36461672,31,1
161,36461754,69,1
162,36461843,-15,1
163,36461931,18,1
164,36462028,85,1
165,36462124,10,1
166,36462213,32,1
167,36462302,86,1
168,36462395,34,1
169,36462490,-13,1
170,36462586,70,1
171,36462670,57,1
172,36462761,-18,1
173,36462846,53,1
174,36462945,75,1
175,36463036,-15,1
176,36463117,26,1
177,36463207,85,1
178,36463292,60,1
179,36463387,5,1
180,36463467,85,1
181,36463548,20,1
182,36463637,-13,1
183,36463730,76,1
184,36463813,47,1
185,36463909,-19,1
186,36463994,58,1
187,36464085,72,1
188,36464177,-17,1
189,36464273,35,1
190,36464372,86,1
191,36464470,-3,1
192,36464559,14,1
193,36464653,88,1
194,36464747,18,1
195,36464834,-10,1
196,36464916,81,1
197,36465010,41,1
198,36465095,-17,1
199,36465176,68,1
200,36465265,63,1
201,36465348,-18,1
202,36465441,87,1
203,36465521,78,1
204,36465604,-8,1
205,36465688,19,1
206,36465774,87,1
207,36465860,11,1
208,36465943,-1,1
209,36466031,86,1
210,36466125,36,1
211,36466205,-14,1
212,36466288,70,1
213,36466382,55,1
214,36466470,66,1
215,36466565,52,1
216,36466650,76,1
217,36466735,-13,1
218,36466829,29,1
219,36466916,86,1
220,36467010,3,1
221,36467110,4,1
222,36467200,85,1
223,36467281,20,1
224,36467375,-12,1
225,36467456,73,1
226,36467554,34,1
227,36467637,-17,1
228,36467718,61,1
229,36467811,65,1
230,36467907,-15,1
231,36468002,40,1
232,36468083,87,1
233,36468182,-3,1
234,36468279,13,1
235,36468366,89,1
236,36468451,18,1
237,36468546,-2,1
238,36468633,0,1
239,36468714,36,1
240,36468808,-14,1
241,36468896,67,1
242,36468991,61,1
243,36469083,-18,1
244,36469171,48,1
245,36469270,77,1
246,36469368,-6,1
247,36469450,24,1
248,36469545,90,1
249,36469639,11,1
250,36469736,-11,1
251,36469823,91,1
252,36469921,34,1
253,36470003,-7,1
254,36470097,75,1
255,36470184,55,1
256,36470270,-16,1
257,36470370,62,1
258,36470466,75,1
259,36470554,-9,1
260,36470646,41,1
261,36470728,85,1
262,36470823,-12,1
263,36470915,15,1
264,36471014,94,1
265,36471097,23,1
266,36471177,-6,1
267,36471276,82,1
268,36471374,45,1
269,36471469,-15,1
270,36471560,67,1
271,36471660,64,1
272,36471760,-15,1
273,36471840,50,1
274,36471926,19,1
275,36472006,-8,1
276,36472099,23,1
277,36472189,85,1
278,36472288,13,1
279,36472376,7,1
280,36472456,90,1
281,36472555,32,1
282,36472642,-13,1
283,36472741,72,1
284,36472827,56,1
285,36472926,-20,1
286,36473014,53,1
287,36473101,63,1
288,36473187,-27,1
289,36473268,23,1
290,36473353,65,1
291,36473446,-25,1
292,36473539,-9,1
293,36473629,65,1
294,36473718,-8,1
295,36473801,-46,1
296,36473881,25,1
297,36473964,15,1
298,36474051,-118,1
299,36474150,-63,1
300,36474244,-112,1
301,36474337,-229,1
302,36474420,-212,1
303,36474504,-242,1
304,36474590,-352,1
305,36474672,-349,1
306,36474770,-270,1
307,36474866,-278,1
308,36474950,-178,1
309,36475046,-22,1
310,36475133,-37,1
311,36475220,-50,1
312,36475305,45,1
313,36475388,-13,1
314,36475487,-176,1
315,36475571,-164,1
316,36475657,-164,1
317,36475753,-210,1
318,36475834,-116,1
319,36475929,-55,1
320,36476028,-117,1
321,36476126,-36,1
322,36476208,9,1
323,36476296,-57,1
324,36476391,-68,1
325,36476473,26,0
326,36476556,-19,0
327,36476653,-65,0
328,36476734,20,0
329,36476814,9,0
330,36476900,-66,0
331,36476994,6,0
332,36477074,32,0
333,36477170,-25,0
334,36477262,-16,0
335,36477351,39,0
336,36477431,-45,0
337,36477520,-33,0
338,36477600,47,0
339,36477681,-21,0
340,36477778,-52,0
341,36477863,40,0
342,36477958,1,0
343,36478054,-56,0
344,36478138,25,0
345,36478223,-57,0
346,36478303,-59,0
347,36478383,3,0
348,36478475,34,0
349,36478575,-52,0
350,36478663,-14,0
351,36478746,45,0
352,36478839,-39,0
353,36478927,-38,0
354,36479013,46,0
355,36479101,-20,0
356,36479184,-51,0
357,36479273,-58,0
358,36479368,7,0
359,36479462,-60,0
360,36479542,20,0
361,36479630,21,0
362,36479719,-62,0
363,36479807,0,0
364,36479891,40,0
365,36479989,-50,0
366,36480081,-19,0
367,36480169,46,0
368,36480260,-37,0
369,36480343,-29,0
370,36480433,43,0
371,36480517,-17,0
372,36480601,-56,0
373,36480691,38,0
374,36480779,7,0
375,36480870,-59,0
376,36480954,18,0
377,36481034,24,0
378,36481127,-62,0
379,36481213,-3,0
380,36481300,36,0
381,36481388,18,0
382,36481484,-20,0
383,36481565,46,0
384,36481665,-32,0
385,36481756,-38,0
386,36481845,43,0
387,36481945,-13,0
388,36482045,-56,0
389,36482143,34,0
390,36482240,12,0
391,36482322,-60,0
392,36482407,18,0
393,36482498,46,0
394,36482590,-60,0
395,36482672,2,0
396,36482754,35,0
397,36482847,-54,0
398,36482927,-21,0
399,36483018,45,0
400,36483099,-36,0
401,36483197,-44,0
402,36483283,42,0
403,36483369,-12,0
404,36483466,-53,0
405,36483566,-62,0
406,36483649,3,0
407,36483749,-65,0
408,36483841,20,0
409,36483927,19,0
410,36484013,-59,0
411,36484101,-2,0
412,36484184,37,0
413,36484278,-49,0
414,36484359,-17,0
415,36484455,46,0
416,36484535,-40,0
417,36484628,-24,0
418,36484711,50,0
419,36484795,-20,0
420,36484877,-51,0
421,36484976,40,0
422,36485064,1,0
423,36485159,-63,0
424,36485256,26,0
425,36485338,17,0
426,36485437,-62,0
427,36485517,6,0
428,36485603,35,0
429,36485692,26,0
430,36485774,-17,0
431,36485863,44,0
432,36485949,-38,0
433,36486038,-31,0
434,36486122,48,0
