0,36447261,183,0
1,36447345,118,0
2,36447431,171,0
3,36447530,192,0
4,36447629,120,0
5,36447709,154,0
6,36447794,200,0
7,36447882,130,0
8,36447965,141,0
9,36448053,197,0
10,36448142,143,0
11,36448230,129,0
12,36448314,199,0
13,36448408,158,0
14,36448494,119,0
15,36448594,187,0
16,36448689,133,0
17,36448773,117,0
18,36448859,177,0
19,36448958,185,0
20,36449039,117,0
21,36449137,165,0
22,36449225,192,0
23,36449324,121,0
24,36449409,148,0
25,36449497,198,0
26,36449593,135,0
27,36449674,134,0
28,36449759,170,0
29,36449841,146,0
30,36449930,125,0
31,36450012,193,0
32,36450097,160,0
33,36450178,114,0
34,36450260,184,0
35,36450342,177,0
36,36450442,117,0
37,36450523,172,0
38,36450614,186,0
39,36450700,115,0
40,36450792,197,0
41,36450875,194,0
42,36450956,127,0
43,36451050,141,0
44,36451144,197,0
45,36451227,138,0
46,36451308,129,0
47,36451403,196,0
48,36451490,153,0
49,36451588,122,0
50,36451670,194,0
51,36451757,169,0
52,36451854,183,0
53,36451951,177,0
54,36452049,180,0
55,36452136,118,0
56,36452227,167,0
57,36452316,191,0
58,36452405,122,0
59,36452494,151,0
60,36452577,196,0
61,36452671,129,0
62,36452764,136,0
63,36452853,198,0
64,36452945,146,0
65,36453039,123,0
66,36453119,195,0
67,36453216,161,0
68,36453313,117,0
69,36453405,185,0
70,36453486,172,0
71,36453566,119,0
72,36453663,171,0
73,36453757,186,0
74,36453841,116,0
75,36453936,114,0
76,36454024,195,0
77,36454113,124,0
78,36454207,143,0
79,36454301,197,0
80,36454395,139,0
81,36454492,130,0
82,36454590,197,0
83,36454678,154,0
84,36454771,120,0
85,36454859,189,0
86,36454945,166,0
87,36455041,124,0
88,36455135,177,0
89,36455232,179,0
90,36455320,115,0
91,36455402,162,0
92,36455495,191,0
93,36455591,123,0
94,36455687,144,0
95,36455784,194,0
96,36455865,129,0
97,36455950,132,0
98,36456039,194,0
99,36456122,160,0
100,36456215,121,0
101,36456299,121,0
102,36456392,159,0
103,36456492,196,0
104,36456573,179,0
105,36456669,143,0
106,36456763,132,0
107,36456863,166,0
108,36456955,209,0
109,36457037,212,0
110,36457126,174,0
111,36457209,135,0
112,36457302,153,0
113,36457399,201,0
114,36457486,223,0
115,36457566,191,0
116,36457655,154,0
117,36457745,150,0
118,36457829,190,1
119,36457916,227,1
120,36458006,210,1
121,36458101,156,1
122,36458182,143,1
123,36458278,175,1
124,36458369,216,1
125,36458454,218,1
126,36458547,179,1
127,36458644,137,1
128,36458726,157,1
129,36458807,202,1
130,36458903,219,1
131,36458992,187,1
132,36459088,149,1
133,36459171,144,1
134,36459254,183,1
135,36459351,218,1
136,36459448,202,1
137,36459543,148,1
138,36459642,132,1
139,36459736,168,1
140,36459833,203,1
141,36459933,207,1
142,36460019,164,1
143,36460115,131,1
144,36460208,147,1
145,36460294,195,1
146,36460385,214,1
147,36460481,177,1
148,36460577,139,1
149,36460672,137,1
150,36460756,176,1
151,36460853,211,1
152,36460936,195,1
153,36461031,144,1
154,36461117,132,1
155,36461206,167,1
156,36461299,206,1
157,36461396,201,1
158,36461478,164,1
159,36461577,129,1
160,36461671,146,1
161,36461752,198,1
162,36461836,211,1
163,36461926,177,1
164,36462006,135,1
165,36462091,139,1
166,36462185,183,1
167,36462267,212,1
168,36462367,189,1
169,36462447,143,1
170,36462534,131,1
171,36462616,172,1
172,36462707,208,1
173,36462795,200,1
174,36462892,157,1
175,36462981,129,1
176,36463071,155,1
177,36463154,202,1
178,36463234,209,1
179,36463326,167,1
180,36463413,136,1
181,36463502,145,1
182,36463602,188,1
183,36463691,213,1
184,36463789,186,1
185,36463873,138,1
186,36463960,135,1
187,36464046,180,1
188,36464145,210,1
189,36464237,192,1
190,36464333,148,1
191,36464416,130,1
192,36464498,161,1
193,36464597,206,1
194,36464693,205,1
195,36464789,158,1
196,36464880,131,1
197,36464980,153,1
198,36465075,195,1
199,36465172,208,1
200,36465272,177,1
201,36465367,134,1
202,36465450,138,1
203,36465533,187,1
204,36465621,211,1
205,36465711,186,1
206,36465793,144,1
207,36465878,131,1
208,36465972,169,1
209,36466058,211,1
210,36466154,201,1
211,36466242,149,1
212,36466329,130,1
213,36466410,159,1
214,36466500,203,1
215,36466583,207,1
216,36466668,164,1
217,36466768,132,1
218,36466855,144,1
219,36466954,196,1
220,36467045,210,1
221,36467130,178,1
222,36467211,136,1
223,36467297,140,1
224,36467396,179,1
225,36467477,213,1
226,36467572,191,1
227,36467659,141,1
228,36467744,131,1
229,36467828,172,1
230,36467922,206,1
231,36468009,186,1
232,36468091,141,1
233,36468185,113,1
234,36468265,143,1
235,36468350,191,1
236,36468440,187,1
237,36468526,141,1
238,36468615,107,1
239,36468703,123,1
240,36468787,164,1
241,36468869,178,1
242,36468958,149,1
243,36469053,94,1
244,36469151,100,1
245,36469246,146,1
246,36469342,174,1
247,36469426,151,1
248,36469510,107,1
249,36469607,97,1
250,36469689,143,1
251,36469773,185,1
252,36469853,178,1
253,36469936,133,1
254,36470031,116,1
255,36470119,151,1
256,36470203,189,1
257,36470286,200,1
258,36470383,163,1
259,36470478,130,1
260,36470574,146,1
261,36470667,198,1
262,36470753,216,1
263,36470850,179,1
264,36470939,143,1
265,36471021,149,1
266,36471119,191,1
267,36471202,225,1
268,36471286,202,1
269,36471375,149,1
270,36471469,141,1
271,36471562,187,1
272,36471662,218,1
273,36471744,205,1
274,36471844,159,1
275,36471939,139,1
276,36472038,166,1
277,36472119,214,1
278,36472203,215,1
279,36472298,171,1
280,36472396,137,1
281,36472483,163,1
282,36472573,204,1
283,36472666,216,1
284,36472764,185,1
285,36472854,141,1
286,36472954,148,1
287,36473040,193,1
288,36473131,220,1
289,36473231,192,1
290,36473316,149,1
291,36473415,143,1
292,36473510,183,1
293,36473606,220,1
294,36473687,206,1
295,36473784,153,1
296,36473883,139,1
297,36473969,174,1
298,36474057,214,1
299,36474147,210,1
300,36474239,168,1
301,36474325,137,1
302,36474408,158,1
303,36474505,208,1
304,36474587,218,1
305,36474681,177,1
306,36474761,141,1
307,36474842,152,1
308,36474925,194,1
309,36475019,222,1
310,36475115,193,1
311,36475200,144,1
312,36475280,143,1
313,36475372,190,1
314,36475463,217,1
315,36475549,196,1
316,36475645,155,1
317,36475738,138,1
318,36475825,172,1
319,36475922,217,1
320,36476012,211,1
321,36476106,164,1
322,36476190,137,1
323,36476275,166,1
324,36476361,208,1
325,36476449,218,1
326,36476543,182,1
327,36476623,138,1
328,36476723,151,1
329,36476813,204,1
330,36476895,220,1
331,36476991,185,1
332,36477078,143,1
333,36477159,147,1
334,36477239,185,1
335,36477324,221,1
336,36477405,201,1
337,36477499,149,1
338,36477594,137,1
339,36477689,179,1
340,36477773,219,1
341,36477864,208,1
342,36477964,162,1
343,36478051,139,1
344,36478143,163,1
345,36478241,214,1
346,36478339,217,1
347,36478437,174,1
348,36478532,139,1
349,36478616,156,1
350,36478714,201,1
351,36478811,223,1
352,36478911,189,1
353,36479006,141,1
354,36479091,144,1
355,36479179,194,1
356,36479262,220,1
357,36479342,196,1
358,36479433,154,1
359,36479521,141,1
360,36479614,173,1
361,36479710,220,1
362,36479796,209,1
363,36479894,156,1
364,36479974,139,1
365,36480066,171,1
366,36480149,214,1
367,36480238,215,1
368,36480320,172,1
369,36480416,137,1
370,36480505,154,1
371,36480587,204,1
372,36480669,216,1
373,36480769,169,1
374,36480869,123,1
375,36480953,127,1
376,36481042,168,1
377,36481128,194,1
378,36481223,168,1
379,36481307,116,1
380,36481393,109,1
381,36481478,146,1
382,36481571,181,1
383,36481654,165,1
384,36481753,121,1
385,36481835,95,1
386,36481918,122,1
387,36482017,168,1
388,36482100,168,1
389,36482200,122,1
390,36482300,92,1
391,36482394,112,1
392,36482490,157,1
393,36482577,182,1
394,36482661,152,1
395,36482757,110,1
396,36482848,120,1
397,36482937,171,1
398,36483029,203,1
399,36483125,180,1
400,36483210,143,1
401,36483309,135,1
402,36483400,176,1
403,36483487,217,1
404,36483572,208,1
405,36483663,161,1
406,36483749,141,1
407,36483836,179,1
408,36483919,214,1
409,36484005,217,1
410,36484103,175,1
411,36484203,141,1
412,36484300,160,1
413,36484380,215,1
414,36484478,228,1
415,36484569,186,1
416,36484656,145,1
417,36484748,153,1
418,36484845,195,1
419,36484930,219,1
420,36485012,191,0
421,36485101,143,0
422,36485196,134,0
423,36485286,179,0
424,36485369,210,0
425,36485455,191,0
426,36485538,147,0
427,36485637,125,0
428,36485722,153,0
429,36485821,197,0
430,36485914,198,0
431,36486001,144,0
432,36486087,117,0
433,36486184,139,0
434,36486272,182,0
435,36486359,195,0
436,36486441,159,0
437,36486533,195,0
438,36486632,125,0
439,36486732,140,0
440,36486828,194,0
441,36486909,138,0
442,36486994,123,0
443,36487081,193,0
444,36487169,155,0
445,36487268,116,0
446,36487349,177,0
447,36487429,193,0
448,36487510,111,0
449,36487594,160,0
450,36487691,192,0
451,36487781,117,0
452,36487869,143,0
453,36487964,196,0
454,36488047,133,0
455,36488143,124,0
456,36488228,191,0
457,36488319,151,0
458,36488405,114,0
459,36488502,181,0
460,36488598,171,0
461,36488687,112,0
462,36488780,168,0
463,36488867,186,0
464,36488965,116,0
465,36489050,149,0
466,36489136,192,0
467,36489224,127,0
468,36489309,131,0
469,36489409,195,0
470,36489504,145,0
471,36489600,154,0
472,36489693,190,0
473,36489793,166,0
474,36489875,110,0
475,36489969,173,0
476,36490056,180,0
477,36490142,114,0
478,36490228,154,0
479,36490309,194,0
480,36490408,121,0
481,36490506,136,0
482,36490600,193,0
483,36490687,131,0
484,36490768,123,0
485,36490857,192,0
486,36490951,159,0
487,36491039,110,0
488,36491133,181,0
489,36491222,176,0
490,36491318,109,0
491,36491417,158,0
492,36491516,190,0
493,36491614,120,0
494,36491710,142,0
495,36491804,113,0
496,36491884,131,0
497,36491975,125,0
498,36492070,195,0
499,36492156,152,0
500,36492246,115,0
501,36492328,182,0
502,36492411,169,0
503,36492506,110,0
504,36492601,167,0
505,36492694,186,0
506,36492781,112,0
507,36492871,114,0
508,36492956,196,0
509,36493045,171,0
510,36493140,135,0
511,36493230,166,0
512,36493326,146,0
513,36493423,118,0
514,36493522,188,0
515,36493615,192,0
516,36493703,111,0
517,36493792,130,0
518,36493877,178,0
519,36493969,146,0
520,36494059,156,0
521,36494145,135,0
522,36494236,123,0
523,36494328,127,0
524,36494413,194,0
525,36494493,195,0
526,36494591,121,0
527,36494691,121,0
528,36494774,158,0
529,36494872,165,0
530,36494953,180,0
531,36495043,173,0
