0,36447261,168,0
1,36447345,194,0
2,36447441,168,0
3,36447538,164,0
4,36447627,194,0
5,36447715,175,0
6,36447806,162,0
7,36447892,189,0
8,36447977,184,0
9,36448068,160,0
10,36448159,183,0
11,36448246,188,0
12,36448346,159,0
13,36448444,179,0
14,36448533,195,0
15,36448618,162,0
16,36448702,185,0
17,36448788,193,0
18,36448880,167,0
19,36448961,168,0
20,36449041,193,0
21,36449134,171,0
22,36449232,162,0
23,36449332,190,0
24,36449422,179,0
25,36449517,159,0
26,36449615,187,0
27,36449715,184,0
28,36449803,167,0
29,36449892,185,0
30,36449984,191,0
31,36450079,161,0
32,36450167,175,0
33,36450266,192,0
34,36450360,159,0
35,36450460,170,0
36,36450549,194,0
37,36450646,167,0
38,36450739,163,0
39,36450825,191,0
40,36450912,157,0
41,36450995,162,0
42,36451080,192,0
43,36451173,181,0
44,36451253,154,0
45,36451348,188,0
46,36451443,185,0
47,36451539,157,0
48,36451636,179,0
49,36451725,191,0
50,36451810,160,0
51,36451902,171,0
52,36451997,163,0
53,36452093,167,0
54,36452189,167,0
55,36452287,194,0
56,36452380,171,0
57,36452478,165,0
58,36452572,194,0
59,36452669,175,0
60,36452763,158,0
61,36452845,186,0
62,36452936,183,0
63,36453018,159,0
64,36453115,180,0
65,36453210,190,0
66,36453309,161,0
67,36453392,176,0
68,36453476,194,0
69,36453557,163,0
70,36453653,171,0
71,36453734,194,0
72,36453829,165,0
73,36453918,165,0
74,36454012,195,0
75,36454095,193,0
76,36454193,158,0
77,36454283,190,0
78,36454373,177,0
79,36454456,158,0
80,36454555,185,0
81,36454643,187,0
82,36454725,160,0
83,36454813,177,0
84,36454905,190,0
85,36454987,160,0
86,36455084,173,0
87,36455184,188,0
88,36455264,166,0
89,36455346,167,0
90,36455433,192,0
91,36455522,170,0
92,36455608,160,0
93,36455690,193,0
94,36455787,179,0
95,36455878,158,0
96,36455969,187,0
97,36456049,184,0
98,36456142,158,0
99,36456226,172,0
100,36456322,191,0
101,36456420,190,0
102,36456520,174,0
103,36456614,157,0
104,36456713,165,0
105,36456798,186,0
106,36456896,192,0
107,36456986,179,0
108,36457071,160,0
109,36457161,160,0
110,36457244,179,0
111,36457339,195,0
112,36457439,190,0
113,36457535,167,0
114,36457629,160,0
115,36457729,171,0
116,36457823,188,0
117,36457907,190,0
118,36458007,177,0
119,36458106,160,0
120,36458193,164,0
121,36458273,187,0
122,36458353,194,0
123,36458441,180,0
124,36458534,162,0
125,36458625,160,0
126,36458705,175,0
127,36458800,191,0
128,36458884,187,0
129,36458970,167,0
130,36459061,156,0
131,36459142,171,0
132,36459231,192,0
133,36459318,191,0
134,36459404,176,0
135,36459504,156,0
136,36459604,167,0
137,36459699,185,0
138,36459782,193,0
139,36459877,180,0
140,36459969,164,0
141,36460055,160,0
142,36460153,175,0
143,36460235,195,0
144,36460326,186,0
145,36460418,166,0
146,36460517,156,0
147,36460616,169,0
148,36460712,189,0
149,36460796,195,0
150,36460892,174,0
151,36460988,163,0
152,36461087,164,0
153,36461178,185,0
154,36461271,194,0
155,36461359,178,0
156,36461448,166,0
157,36461544,162,0
158,36461643,180,0
159,36461723,193,0
160,36461805,189,0
161,36461888,166,0
162,36461968,159,0
163,36462052,173,0
164,36462152,192,0
165,36462232,192,0
166,36462327,170,0
167,36462408,161,0
168,36462500,168,0
169,36462587,192,0
170,36462676,199,0
171,36462760,177,0
172,36462852,162,0
173,36462934,164,0
174,36463014,182,0
175,36463096,197,0
176,36463181,184,0
177,36463275,160,0
178,36463361,158,0
179,36463445,174,1
180,36463528,191,1
181,36463610,187,1
182,36463696,164,1
183,36463791,153,1
184,36463874,167,1
185,36463958,187,1
186,36464050,191,1
187,36464135,167,1
188,36464222,155,1
189,36464320,160,1
190,36464411,176,1
191,36464492,184,1
192,36464591,169,1
193,36464683,149,1
194,36464773,142,1
195,36464873,162,1
196,36464956,175,1
197,36465047,163,1
198,36465129,144,1
199,36465218,133,1
200,36465299,145,1
201,36465388,161,1
202,36465480,159,1
203,36465579,131,1
204,36465661,119,1
205,36465751,128,1
206,36465832,144,1
207,36465926,150,1
208,36466018,133,1
209,36466108,113,1
210,36466188,114,1
211,36466270,134,1
212,36466353,144,1
213,36466434,128,1
214,36466525,110,1
215,36466622,108,1
216,36466707,120,1
217,36466791,137,1
218,36466874,134,1
219,36466974,112,1
220,36467062,103,1
221,36467156,118,1
222,36467250,137,1
223,36467350,137,1
224,36467440,121,1
225,36467525,105,1
226,36467607,111,1
227,36467690,136,1
228,36467777,139,1
229,36467867,123,1
230,36467959,106,1
231,36468048,107,1
232,36468147,126,1
233,36468246,134,1
234,36468336,127,1
235,36468427,101,1
236,36468525,96,1
237,36468618,115,1
238,36468716,129,1
239,36468796,128,1
240,36468895,104,1
241,36468976,95,1
242,36469063,101,1
243,36469147,124,1
244,36469240,120,1
245,36469327,99,1
246,36469416,86,1
247,36469502,91,1
248,36469586,111,1
249,36469681,118,1
250,36469775,101,1
251,36469857,81,1
252,36469937,83,1
253,36470024,107,1
254,36470116,114,1
255,36470204,99,1
256,36470285,81,1
257,36470373,80,1
258,36470463,93,1
259,36470551,112,1
260,36470632,103,1
261,36470718,81,1
262,36470815,75,1
263,36470902,88,1
264,36470998,103,1
265,36471084,99,1
266,36471180,82,1
267,36471269,68,1
268,36471365,78,1
269,36471450,95,1
270,36471539,105,1
271,36471638,83,1
272,36471737,64,1
273,36471835,73,1
274,36471934,87,1
275,36472019,100,1
276,36472115,83,1
277,36472201,64,1
278,36472299,63,1
279,36472381,81,1
280,36472463,93,1
281,36472550,90,1
282,36472641,68,1
283,36472741,55,1
284,36472829,70,1
285,36472920,87,1
286,36473007,86,1
287,36473095,63,1
288,36473176,53,1
289,36473269,63,1
290,36473362,84,1
291,36473458,88,1
292,36473543,73,1
293,36473630,54,1
294,36473712,62,1
295,36473804,82,1
296,36473895,91,1
297,36473975,73,1
298,36474058,53,1
299,36474157,52,1
300,36474253,69,1
301,36474339,86,1
302,36474424,79,1
303,36474504,59,1
304,36474585,53,1
305,36474678,70,1
306,36474773,90,1
307,36474869,81,1
308,36474957,63,1
309,36475055,53,1
310,36475150,62,1
311,36475234,80,1
312,36475319,87,1
313,36475417,65,1
314,36475514,49,1
315,36475594,58,1
316,36475694,78,1
317,36475777,88,1
318,36475859,73,1
319,36475952,54,1
320,36476048,55,1
321,36476137,75,1
322,36476230,87,1
323,36476319,78,1
324,36476414,59,1
325,36476502,55,1
326,36476588,68,1
327,36476678,88,1
328,36476764,81,1
329,36476852,58,1
330,36476944,52,1
331,36477034,62,1
332,36477132,86,1
333,36477231,86,1
334,36477317,66,1
335,36477406,54,1
336,36477488,60,1
337,36477578,80,1
338,36477661,84,1
339,36477750,67,1
340,36477833,55,1
341,36477919,59,1
342,36478008,74,1
343,36478103,87,1
344,36478195,76,1
345,36478294,55,1
346,36478380,51,1
347,36478464,70,1
348,36478563,85,1
349,36478663,79,1
350,36478749,60,1
351,36478843,53,1
352,36478934,61,1
353,36479016,81,1
354,36479102,87,1
355,36479200,66,1
356,36479291,51,1
357,36479379,62,1
358,36479471,81,1
359,36479563,88,1
360,36479650,71,1
361,36479740,53,1
362,36479838,56,1
363,36479938,77,1
364,36480038,86,1
365,36480138,76,1
366,36480235,55,1
367,36480323,53,1
368,36480420,71,1
369,36480519,85,1
370,36480609,81,1
371,36480701,57,1
372,36480796,52,1
373,36480881,63,1
374,36480980,86,1
375,36481070,82,1
376,36481170,66,1
377,36481265,53,1
378,36481351,61,1
379,36481446,81,1
380,36481528,89,1
381,36481627,70,1
382,36481712,54,1
383,36481799,54,1
384,36481895,72,1
385,36481982,87,1
386,36482072,75,1
387,36482155,54,1
388,36482254,53,1
389,36482336,72,1
390,36482418,86,1
391,36482498,77,1
392,36482579,59,1
393,36482672,51,1
394,36482769,62,1
395,36482853,85,1
396,36482939,82,1
397,36483034,62,1
398,36483127,48,1
399,36483225,64,1
400,36483321,81,1
401,36483409,86,1
402,36483491,69,1
403,36483580,52,1
404,36483675,55,1
405,36483764,78,1
406,36483856,90,1
407,36483941,73,1
408,36484029,57,1
409,36484119,56,1
410,36484218,72,1
411,36484299,88,1
412,36484389,79,1
413,36484488,57,1
414,36484574,52,1
415,36484673,70,1
416,36484758,87,1
417,36484840,82,1
418,36484921,66,1
419,36485003,54,1
420,36485102,60,1
421,36485196,84,1
422,36485284,87,1
423,36485371,65,1
424,36485452,54,1
425,36485538,58,1
426,36485627,80,1
427,36485716,87,1
428,36485805,72,1
429,36485887,52,1
430,36485972,54,1
431,36486060,75,1
432,36486147,91,1
433,36486229,80,1
434,36486310,60,1
435,36486399,51,1
436,36486487,68,1
437,36486568,56,1
438,36486654,85,1
439,36486751,78,1
440,36486836,53,1
441,36486929,77,1
442,36487014,82,1
443,36487100,55,1
444,36487189,66,1
445,36487282,85,1
446,36487379,57,1
447,36487463,52,1
448,36487562,84,1
449,36487643,64,1
450,36487723,57,1
451,36487807,85,1
452,36487888,74,1
453,36487976,49,1
454,36488056,81,1
455,36488148,81,1
456,36488245,52,1
457,36488343,69,1
458,36488426,84,1
459,36488522,59,1
460,36488613,59,1
461,36488701,86,1
462,36488782,62,1
463,36488870,55,1
464,36488967,87,1
465,36489048,68,1
466,36489129,53,1
467,36489223,83,1
468,36489322,74,1
469,36489422,50,1
470,36489512,76,1
471,36489605,72,1
472,36489704,55,1
473,36489799,64,1
474,36489895,84,1
475,36489987,61,1
476,36490079,59,1
477,36490161,89,1
478,36490251,65,1
479,36490335,54,1
480,36490415,87,1
481,36490513,80,1
482,36490596,55,1
483,36490681,88,1
484,36490778,92,1
485,36490861,70,1
486,36490954,85,1
487,36491034,105,1
488,36491123,73,1
489,36491222,76,1
490,36491311,109,1
491,36491401,86,1
492,36491499,75,1
493,36491587,109,1
494,36491683,95,1
495,36491768,112,1
496,36491857,103,1
497,36491947,105,1
498,36492031,74,1
499,36492130,97,1
500,36492214,113,1
501,36492296,78,1
502,36492388,90,1
503,36492470,115,1
504,36492561,89,1
505,36492655,88,1
506,36492738,118,1
507,36492819,121,1
508,36492907,83,1
509,36493004,96,1
510,36493098,113,1
511,36493180,96,1
512,36493265,108,1
513,36493350,127,1
514,36493449,94,1
515,36493538,92,1
516,36493633,129,1
517,36493714,123,1
518,36493810,104,1
519,36493905,117,1
520,36493992,111,1
521,36494090,125,1
522,36494187,130,1
523,36494267,129,1
524,36494350,103,1
525,36494442,101,1
526,36494528,133,1
527,36494626,136,1
528,36494711,120,1
529,36494805,117,1
530,36494887,107,1
531,36494967,110,1
532,36495061,139,1
533,36495143,145,1
534,36495231,108,1
535,36495319,106,1
536,36495406,125,1
537,36495489,129,1
538,36495584,133,1
539,36495669,128,1
540,36495768,102,1
541,36495857,103,1
542,36495945,137,1
543,36496032,140,1
544,36496113,117,1
545,36496199,112,1
546,36496282,110,1
547,36496371,117,1
548,36496456,140,1
549,36496548,138,1
550,36496644,101,1
551,36496730,104,1
552,36496811,130,1
553,36496908,133,1
554,36497003,131,1
555,36497103,128,1
556,36497192,110,1
557,36497281,113,1
558,36497378,148,1
559,36497477,151,1
560,36497558,125,1
561,36497648,124,1
562,36497746,130,1
563,36497838,138,1
564,36497935,157,1
565,36498024,156,1
566,36498121,125,1
567,36498202,126,1
568,36498288,160,1
569,36498381,161,1
570,36498476,153,1
571,36498556,153,1
572,36498639,143,1
573,36498735,145,1
574,36498834,177,1
575,36498930,177,1
576,36499022,149,1
577,36499109,146,1
578,36499207,160,1
579,36499307,170,1
580,36499404,180,1
581,36499496,173,1
582,36499585,152,1
583,36499667,153,1
584,36499767,185,1
585,36499854,189,1
586,36499949,171,1
587,36500045,167,1
588,36500131,160,1
589,36500213,165,1
590,36500293,192,1
591,36500377,191,1
592,36500465,160,1
593,36500552,159,1
594,36500647,181,1
595,36500733,186,1
596,36500829,189,1
597,36500925,186,1
598,36501010,160,1
599,36501097,162,1
600,36501181,193,1
601,36501266,197,1
602,36501362,172,1
603,36501447,168,1
604,36501539,168,0
605,36501627,173,0
606,36501711,194,0
607,36501792,192,0
608,36501873,158,0
609,36501964,161,0
610,36502052,183,0
611,36502147,191,0
612,36502244,183,0
613,36502330,179,0
614,36502424,160,0
615,36502523,163,0
616,36502618,194,0
617,36502716,196,0
618,36502799,168,0
619,36502887,163,0
620,36502967,168,0
621,36503064,176,0
622,36503154,190,0
623,36503235,188,0
624,36503327,156,0
625,36503408,158,0
626,36503488,186,0
627,36503572,189,0
628,36503666,179,0
629,36503754,178,0
630,36503847,158,0
631,36503932,163,0
632,36504031,195,0
633,36504113,196,0
634,36504200,165,0
635,36504292,161,0
636,36504375,171,0
637,36504472,178,0
638,36504572,189,0
639,36504669,185,0
640,36504750,155,0
641,36504844,158,0
642,36504934,189,0
643,36505028,191,0
644,36505116,176,0
645,36505213,172,0
646,36505308,160,0
647,36505399,165,0
648,36505490,194,0
649,36505580,196,0
650,36505678,164,0
651,36505764,163,0
652,36505846,174,0
653,36505933,177,0
654,36506015,185,0
655,36506100,181,0
656,36506184,155,0
657,36506280,158,0
658,36506368,189,0
659,36506454,192,0
660,36506544,174,0
661,36506639,169,0
662,36506733,164,0
663,36506826,164,0
664,36506913,192,0
665,36506998,193,0
666,36507088,159,0
667,36507180,160,0
668,36507263,178,0
669,36507361,181,0
670,36507446,187,0
671,36507529,176,0
672,36507615,157,0
673,36507713,158,0
674,36507805,187,0
675,36507890,192,0
676,36507974,169,0
677,36508074,168,0
678,36508173,164,0
679,36508264,169,0
680,36508348,193,0
681,36508447,192,0
682,36508542,160,0
683,36508630,155,0
684,36508713,178,0
685,36508801,185,0
686,36508885,182,0
687,36508981,180,0
688,36509077,156,0
689,36509163,157,0
690,36509258,187,0
691,36509353,194,0
692,36509434,165,0
693,36509534,166,0
694,36509614,165,0
695,36509705,170,0
696,36509803,190,0
697,36509897,191,0
698,36509991,159,0
699,36510074,154,0
700,36510166,177,0
701,36510248,187,0
702,36510329,183,0
703,36510411,177,0
704,36510503,155,0
705,36510590,159,0
706,36510685,192,0
707,36510780,192,0
708,36510879,165,0
709,36510973,164,0
710,36511057,169,0
711,36511150,170,0
712,36511242,190,0
713,36511336,189,0
714,36511427,157,0
715,36511512,156,0
716,36511601,184,0
717,36511690,183,0
718,36511787,180,0
719,36511879,177,0
720,36511965,158,0
721,36512064,158,0
722,36512147,192,0
723,36512239,192,0
724,36512325,165,0
725,36512413,164,0
726,36512502,168,0
727,36512585,173,0
728,36512665,193,0
729,36512762,189,0
730,36512845,157,0
731,36512944,159,0
732,36513027,184,0
733,36513126,189,0
734,36513217,183,0
735,36513311,177,0
736,36513393,157,0
737,36513482,158,0
738,36513569,192,0
739,36513665,191,0
740,36513751,166,0
741,36513843,166,0
742,36513936,167,0
743,36514023,172,0
744,36514105,194,0
745,36514201,191,0
746,36514288,157,0
747,36514381,156,0
748,36514466,182,0
749,36514555,186,0
750,36514655,180,0
751,36514751,177,0
752,36514832,159,0
753,36514923,157,0
754,36515008,191,0
755,36515090,191,0
756,36515182,165,0
757,36515280,162,0
758,36515374,166,0
