0,36447261,778,0
1,36447361,767,0
2,36447457,799,0
3,36447550,787,0
4,36447639,766,0
5,36447732,795,0
6,36447815,792,0
7,36447895,770,0
8,36447984,779,0
9,36448076,799,0
10,36448176,770,0
11,36448274,779,0
12,36448371,799,0
13,36448454,776,0
14,36448552,773,0
15,36448634,798,0
16,36448716,780,0
17,36448796,769,0
18,36448891,792,0
19,36448975,793,0
20,36449074,761,0
21,36449160,787,0
22,36449249,794,0
23,36449336,774,0
24,36449430,781,0
25,36449511,799,0
26,36449598,773,0
27,36449679,769,0
28,36449769,777,0
29,36449862,778,0
30,36449943,763,0
31,36450040,787,1
32,36450137,780,1
33,36450227,730,1
34,36450324,714,1
35,36450410,697,1
36,36450498,652,1
37,36450586,630,1
38,36450671,640,1
39,36450766,603,1
40,36450855,622,1
41,36450955,625,1
42,36451043,614,1
43,36451124,630,1
44,36451224,673,1
45,36451312,662,1
46,36451402,626,1
47,36451500,620,1
48,36451598,592,1
49,36451683,533,1
50,36451769,499,1
51,36451852,512,1
52,36451934,490,1
53,36452017,457,1
54,36452112,465,1
55,36452201,436,1
56,36452299,419,1
57,36452399,439,1
58,36452486,419,1
59,36452574,392,1
60,36452655,413,1
61,36452749,410,1
62,36452831,372,1
63,36452929,382,1
64,36453025,395,1
65,36453123,356,1
66,36453211,361,1
67,36453305,385,1
68,36453401,364,1
69,36453491,353,1
70,36453585,384,1
71,36453682,371,1
72,36453773,353,1
73,36453858,377,1
74,36453956,377,1
75,36454041,378,1
76,36454137,372,1
77,36454223,379,1
78,36454309,354,1
79,36454396,364,1
80,36454495,386,1
81,36454593,361,1
82,36454686,358,1
83,36454786,386,1
84,36454871,371,1
85,36454952,356,1
86,36455033,378,1
87,36455121,368,1
88,36455211,354,1
89,36455297,366,1
90,36455385,382,1
91,36455479,355,1
92,36455571,368,1
93,36455654,385,1
94,36455745,362,1
95,36455834,356,1
96,36455917,384,1
97,36456017,364,1
98,36456104,353,1
99,36456189,357,1
100,36456278,370,1
101,36456376,352,1
102,36456463,373,1
103,36456549,379,1
104,36456635,354,1
105,36456724,366,1
106,36456812,385,1
107,36456907,359,1
108,36457001,357,1
109,36457089,384,1
110,36457174,368,1
111,36457258,354,1
112,36457340,380,1
113,36457429,373,1
114,36457526,355,1
115,36457621,377,1
116,36457711,380,1
117,36457805,349,1
118,36457886,360,1
119,36457985,385,1
120,36458085,359,1
121,36458173,363,1
122,36458258,383,1
123,36458348,356,1
124,36458433,355,1
125,36458531,386,1
126,36458624,373,1
127,36458716,351,1
128,36458799,374,1
129,36458882,379,1
130,36458973,357,1
131,36459064,361,1
132,36459152,385,1
133,36459242,357,1
134,36459325,361,1
135,36459408,362,1
136,36459494,359,1
137,36459581,357,1
138,36459667,381,1
139,36459749,372,1
140,36459837,355,1
141,36459937,376,1
142,36460036,380,1
143,36460135,352,1
144,36460226,370,1
145,36460317,385,1
146,36460400,356,1
147,36460483,368,1
148,36460582,379,1
149,36460669,363,1
150,36460760,355,1
151,36460860,384,1
152,36460942,370,1
153,36461039,351,1
154,36461129,379,1
155,36461220,377,1
156,36461317,353,1
157,36461407,373,1
158,36461491,374,1
159,36461585,379,1
160,36461677,363,1
161,36461761,384,1
162,36461844,359,1
163,36461932,360,1
164,36462030,381,1
165,36462122,367,1
166,36462216,355,1
167,36462307,383,1
168,36462395,376,1
169,36462486,353,1
170,36462583,370,1
171,36462665,381,1
172,36462765,353,1
173,36462853,367,1
174,36462935,382,1
175,36463033,360,1
176,36463120,357,1
177,36463203,383,1
178,36463283,363,1
179,36463371,356,1
180,36463469,380,1
181,36463564,377,1
182,36463651,357,1
183,36463734,391,1
184,36463824,392,1
185,36463916,370,1
186,36464002,392,1
187,36464084,409,1
188,36464184,393,1
189,36464282,408,1
190,36464381,439,1
191,36464467,423,1
192,36464550,425,1
193,36464645,450,1
194,36464734,451,1
195,36464831,475,1
196,36464927,497,1
197,36465017,511,1
198,36465115,502,1
199,36465203,539,1
200,36465302,593,1
201,36465383,596,1
202,36465482,632,1
203,36465568,674,1
204,36465652,654,1
205,36465735,643,1
206,36465827,652,1
207,36465916,610,1
208,36466010,598,1
209,36466103,622,1
210,36466187,609,1
211,36466278,599,1
212,36466374,638,1
213,36466454,672,1
214,36466541,658,1
215,36466641,687,1
216,36466740,736,1
217,36466827,737,1
218,36466913,755,1
219,36467010,791,1
220,36467099,774,1
221,36467180,765,1
222,36467262,792,1
223,36467349,778,1
224,36467449,762,1
225,36467534,789,1
226,36467631,786,1
227,36467716,767,1
228,36467804,782,1
229,36467901,796,1
230,36467983,758,1
231,36468074,775,1
232,36468162,794,1
233,36468248,781,1
234,36468334,569,1
235,36468430,799,1
236,36468528,786,1
237,36468624,770,1
238,36468719,792,0
239,36468818,789,0
240,36468899,770,0
241,36468986,789,0
242,36469085,771,0
243,36469171,772,0
244,36469264,781,0
245,36469349,803,0
246,36469449,775,0
247,36469540,772,0
248,36469634,802,0
249,36469733,783,0
250,36469819,768,0
251,36469909,794,0
252,36469993,788,0
253,36470092,768,0
254,36470173,779,0
255,36470269,796,0
256,36470356,775,0
257,36470449,785,0
258,36470539,798,0
259,36470625,775,0
260,36470708,776,0
261,36470789,800,0
262,36470878,779,0
263,36470966,771,0
264,36471048,803,0
265,36471128,790,0
266,36471216,790,0
267,36471311,797,0
268,36471401,795,0
269,36471501,769,0
270,36471595,788,0
271,36471678,796,0
272,36471777,772,0
273,36471875,778,0
274,36471960,801,0
275,36472056,778,0
276,36472155,774,0
277,36472235,802,0
278,36472328,794,0
279,36472420,766,0
280,36472518,796,0
281,36472608,791,0
282,36472690,769,0
283,36472770,790,0
284,36472852,798,0
285,36472944,772,0
286,36473037,783,0
287,36473124,799,0
288,36473206,771,0
289,36473302,778,0
290,36473387,793,0
291,36473476,773,0
292,36473564,770,0
293,36473646,797,0
294,36473743,791,0
295,36473842,770,0
296,36473924,793,0
297,36474022,796,0
298,36474104,765,0
299,36474186,788,0
300,36474274,795,0
301,36474371,774,0
302,36474464,796,0
303,36474564,802,0
304,36474661,776,0
305,36474760,774,0
306,36474856,801,0
307,36474947,781,0
308,36475046,771,0
309,36475133,796,0
310,36475226,792,0
311,36475321,767,0
312,36475415,788,0
313,36475505,798,0
314,36475595,785,0
315,36475678,781,0
316,36475775,798,0
317,36475875,769,0
318,36475971,775,0
319,36476059,804,0
320,36476143,778,0
321,36476240,774,0
322,36476322,799,0
323,36476408,787,0
324,36476488,771,0
325,36476586,795,0
326,36476681,787,0
327,36476773,766,0
328,36476862,787,0
329,36476954,794,0
330,36477043,771,0
331,36477123,782,0
332,36477222,798,0
333,36477316,773,0
334,36477399,774,0
335,36477492,800,0
336,36477572,785,0
337,36477661,771,0
338,36477756,800,0
339,36477856,786,0
340,36477939,770,0
341,36478019,793,0
342,36478115,792,0
343,36478213,770,0
344,36478309,781,0
345,36478392,796,0
346,36478492,775,0
347,36478589,778,0
348,36478682,801,0
349,36478763,779,0
350,36478850,798,0
351,36478932,799,0
352,36479019,779,0
353,36479100,770,0
354,36479197,792,0
355,36479287,794,0
356,36479379,771,0
357,36479468,791,0
358,36479562,795,0
359,36479645,766,0
360,36479742,780,0
361,36479827,802,0
362,36479921,790,0
363,36480002,780,0
