0,36447261,424,0
1,36447361,457,0
2,36447458,415,0
3,36447552,409,0
4,36447642,457,0
5,36447735,427,0
6,36447831,406,0
7,36447922,456,0
8,36448011,436,0
9,36448099,404,0
10,36448194,447,0
11,36448284,445,0
12,36448373,401,0
13,36448460,436,0
14,36448545,453,0
15,36448639,405,0
16,36448719,440,0
17,36448802,454,0
18,36448891,410,0
19,36448973,419,0
20,36449054,459,0
21,36449147,416,0
22,36449246,407,0
23,36449331,456,0
24,36449431,429,0
25,36449521,403,0
26,36449618,452,0
27,36449700,437,0
28,36449785,411,0
29,36449881,445,0
30,36449975,450,0
31,36450059,399,0
32,36450156,434,0
33,36450252,453,0
34,36450340,405,0
35,36450423,425,0
36,36450509,454,0
37,36450603,415,0
38,36450699,415,0
39,36450795,456,0
40,36450875,399,0
41,36450958,404,0
42,36451053,454,0
43,36451143,429,0
44,36451240,399,0
45,36451322,448,0
46,36451412,439,0
47,36451501,404,0
48,36451590,441,0
49,36451676,449,0
50,36451768,400,0
51,36451865,425,0
52,36451959,415,0
53,36452039,409,0
54,36452127,419,0
55,36452226,456,0
56,36452311,415,0
57,36452396,408,0
58,36452480,456,0
59,36452564,426,0
60,36452660,406,0
61,36452743,453,0
62,36452827,436,0
63,36452918,399,0
64,36453011,442,0
65,36453098,445,0
66,36453191,401,0
67,36453272,438,0
68,36453368,455,0
69,36453452,405,0
70,36453549,422,0
71,36453631,458,0
72,36453719,412,0
73,36453815,413,0
74,36453909,455,0
75,36454003,458,0
76,36454097,408,0
77,36454179,453,0
78,36454267,430,0
79,36454358,401,0
80,36454442,445,0
81,36454539,442,0
82,36454632,399,0
83,36454719,440,0
84,36454806,450,0
85,36454886,403,0
86,36454981,429,0
87,36455061,444,0
88,36455155,404,0
89,36455251,420,0
90,36455351,458,0
91,36455432,416,0
92,36455512,410,0
93,36455607,459,0
94,36455689,426,0
95,36455776,405,0
96,36455869,452,0
97,36455954,436,0
98,36456052,399,0
99,36456150,419,0
100,36456233,447,0
101,36456332,456,0
102,36456427,434,0
103,36456509,405,0
104,36456591,404,0
105,36456672,437,0
106,36456755,456,0
107,36456855,440,0
108,36456940,409,0
109,36457024,402,0
110,36457108,424,0
111,36457191,457,0
112,36457274,455,0
113,36457356,421,0
114,36457450,401,0
115,36457536,415,0
116,36457629,443,0
117,36457719,456,0
118,36457805,435,0
119,36457885,404,0
120,36457982,407,0
121,36458076,438,0
122,36458167,456,0
123,36458261,440,0
124,36458350,411,0
125,36458432,404,0
126,36458531,421,0
127,36458623,453,0
128,36458712,453,0
129,36458808,415,0
130,36458894,401,0
131,36458987,416,0
132,36459083,443,0
133,36459178,451,0
134,36459264,428,0
135,36459363,400,1
136,36459453,400,1
137,36459546,431,1
138,36459632,451,1
139,36459727,433,1
140,36459816,405,1
141,36459912,394,1
142,36460005,417,1
143,36460105,447,1
144,36460188,445,1
145,36460270,411,1
146,36460350,389,1
147,36460432,409,1
148,36460531,441,1
149,36460630,449,1
150,36460724,430,1
151,36460808,401,1
152,36460908,407,1
153,36460997,443,1
154,36461092,464,1
155,36461175,451,1
156,36461260,426,1
157,36461354,416,1
158,36461450,437,1
159,36461545,464,1
160,36461644,454,1
161,36461732,419,1
162,36461813,400,1
163,36461912,423,1
164,36461994,445,1
165,36462083,458,1
166,36462176,430,1
167,36462274,403,1
168,36462358,411,1
169,36462455,446,1
170,36462535,459,1
171,36462631,439,1
172,36462714,415,1
173,36462794,408,1
174,36462892,435,1
175,36462982,464,1
176,36463066,455,1
177,36463164,421,1
178,36463249,408,1
179,36463329,439,1
180,36463420,471,1
181,36463510,478,1
182,36463608,451,1
183,36463695,430,1
184,36463785,445,1
185,36463881,478,1
186,36463971,492,1
187,36464064,470,1
188,36464160,444,1
189,36464250,451,1
190,36464349,475,1
191,36464432,501,1
192,36464512,485,1
193,36464592,452,1
194,36464680,446,1
195,36464779,471,1
196,36464875,500,1
197,36464975,495,1
198,36465060,465,1
199,36465157,445,1
200,36465243,458,1
201,36465334,496,1
202,36465430,502,1
203,36465527,468,1
204,36465626,446,1
205,36465716,455,1
206,36465815,484,1
207,36465915,501,1
208,36466000,482,1
209,36466090,449,1
210,36466178,448,1
211,36466278,481,1
212,36466366,503,1
213,36466449,488,1
214,36466532,460,1
215,36466632,447,1
216,36466716,467,1
217,36466814,499,1
218,36466895,496,1
219,36466980,462,1
220,36467064,445,1
221,36467164,464,1
222,36467246,494,1
223,36467339,499,1
224,36467436,476,1
225,36467522,444,1
226,36467607,450,1
227,36467705,489,1
228,36467790,502,1
229,36467882,481,1
230,36467966,449,1
231,36468054,446,1
232,36468139,476,1
233,36468233,501,1
234,36468313,492,1
235,36468394,453,1
236,36468488,444,1
237,36468584,473,1
238,36468671,496,1
239,36468755,493,1
240,36468844,467,1
241,36468931,444,1
242,36469017,460,1
243,36469108,493,1
244,36469191,501,1
245,36469271,473,1
246,36469352,445,1
247,36469444,454,1
248,36469541,486,1
249,36469630,502,1
250,36469727,483,1
251,36469808,446,1
252,36469892,448,1
253,36469981,478,1
254,36470071,501,1
255,36470167,487,1
256,36470255,458,1
257,36470349,444,1
258,36470434,465,1
259,36470533,499,1
260,36470632,498,1
261,36470716,458,1
262,36470810,445,1
263,36470893,465,1
264,36470988,490,1
265,36471087,498,1
266,36471185,471,1
267,36471283,444,1
268,36471371,454,1
269,36471456,487,1
270,36471544,503,1
271,36471639,477,1
272,36471737,451,1
273,36471821,452,1
274,36471921,479,1
275,36472001,498,1
276,36472098,487,1
277,36472178,453,1
278,36472272,447,1
279,36472357,473,1
280,36472444,499,1
281,36472538,492,1
282,36472624,464,1
283,36472719,444,1
284,36472805,464,1
285,36472898,498,1
286,36472978,499,1
287,36473078,469,1
288,36473162,444,1
289,36473251,457,1
290,36473335,491,1
291,36473430,500,1
292,36473528,477,1
293,36473612,449,1
294,36473711,450,1
295,36473794,483,1
296,36473894,503,1
297,36473974,485,1
298,36474056,454,1
299,36474148,448,1
300,36474228,470,1
301,36474309,503,1
302,36474409,482,1
303,36474500,446,1
304,36474594,433,1
305,36474685,456,1
306,36474778,483,1
307,36474858,478,1
308,36474957,456,1
309,36475050,427,1
310,36475134,439,1
311,36475218,473,1
312,36475308,483,1
313,36475395,451,1
314,36475482,420,1
315,36475568,431,1
316,36475651,457,1
317,36475746,471,1
318,36475829,457,1
319,36475924,421,1
320,36476008,417,1
321,36476091,447,1
322,36476186,466,1
323,36476269,457,1
324,36476355,422,1
325,36476435,412,1
326,36476519,429,1
327,36476617,462,1
328,36476698,463,1
329,36476795,430,1
330,36476894,408,1
331,36476992,426,1
332,36477084,454,1
333,36477177,463,1
334,36477261,439,1
335,36477358,412,1
336,36477450,416,1
337,36477549,448,1
338,36477638,466,1
339,36477734,441,1
340,36477822,411,1
341,36477913,409,1
342,36478009,436,1
343,36478091,466,1
344,36478184,455,1
345,36478268,414,1
346,36478350,406,1
347,36478443,429,1
348,36478528,456,1
349,36478612,455,1
350,36478711,420,1
351,36478802,399,1
352,36478887,418,1
353,36478984,451,1
354,36479081,458,1
355,36479170,426,1
356,36479261,401,1
357,36479355,411,1
358,36479442,442,1
359,36479528,461,1
360,36479608,438,1
361,36479689,406,1
362,36479788,408,1
363,36479876,439,1
364,36479972,460,1
365,36480053,448,1
366,36480145,416,1
367,36480227,406,1
368,36480314,429,1
369,36480401,456,1
370,36480481,453,1
371,36480566,423,1
372,36480665,404,1
373,36480754,423,1
374,36480851,451,1
375,36480942,457,1
376,36481027,435,1
377,36481109,407,1
378,36481205,417,1
379,36481292,450,1
380,36481374,470,1
381,36481472,445,1
382,36481565,420,1
383,36481662,420,1
384,36481753,444,1
385,36481840,470,1
386,36481928,461,1
387,36482028,421,1
388,36482111,405,1
389,36482210,433,1
390,36482295,462,1
391,36482375,448,1
392,36482455,417,1
393,36482545,396,1
394,36482636,410,1
395,36482725,442,1
396,36482807,438,1
397,36482904,406,1
398,36483002,381,1
399,36483102,390,1
400,36483201,418,1
401,36483300,426,1
402,36483397,409,1
403,36483495,376,1
404,36483579,375,1
405,36483666,407,1
406,36483752,427,1
407,36483852,417,1
408,36483951,383,1
409,36484045,380,1
410,36484137,401,1
411,36484217,431,1
412,36484316,427,1
413,36484400,392,1
414,36484486,379,1
415,36484578,400,1
416,36484671,431,1
417,36484767,432,1
418,36484861,409,1
419,36484944,383,0
420,36485038,394,0
421,36485134,430,0
422,36485230,441,0
423,36485310,418,0
424,36485409,394,0
425,36485498,389,0
426,36485580,423,0
427,36485671,446,0
428,36485765,432,0
429,36485853,400,0
430,36485939,393,0
431,36486039,422,0
432,36486131,448,0
433,36486221,437,0
434,36486303,411,0
435,36486390,395,0
436,36486485,414,0
437,36486580,401,0
438,36486674,450,0
439,36486772,429,0
440,36486869,398,0
441,36486951,441,0
442,36487038,443,0
443,36487131,396,0
444,36487224,430,0
445,36487314,450,0
446,36487404,402,0
447,36487486,398,0
448,36487566,455,0
449,36487650,413,0
450,36487737,405,0
451,36487836,453,0
452,36487916,430,0
453,36487998,401,0
454,36488087,447,0
455,36488170,440,0
456,36488261,400,0
457,36488342,436,0
458,36488426,451,0
459,36488517,415,0
460,36488606,424,0
461,36488703,457,0
462,36488799,409,0
463,36488895,409,0
464,36488989,454,0
465,36489086,423,0
466,36489170,404,0
467,36489255,453,0
468,36489349,435,0
469,36489441,399,0
470,36489524,445,0
471,36489609,436,0
472,36489703,402,0
473,36489794,429,0
474,36489881,457,0
475,36489967,409,0
476,36490054,417,0
477,36490146,458,0
478,36490229,419,0
479,36490320,408,0
480,36490409,457,0
481,36490506,434,0
482,36490603,400,0
483,36490702,452,0
484,36490801,443,0
485,36490891,401,0
486,36490980,434,0
487,36491074,457,0
488,36491163,407,0
489,36491254,422,0
490,36491339,457,0
491,36491424,416,0
492,36491524,412,0
493,36491618,453,0
494,36491716,430,0
495,36491801,455,0
496,36491889,450,0
497,36491978,444,0
498,36492070,401,0
499,36492160,439,0
500,36492258,452,0
501,36492357,404,0
502,36492450,425,0
503,36492531,455,0
504,36492617,416,0
505,36492717,413,0
506,36492810,459,0
507,36492896,453,0
508,36492996,402,0
509,36493082,426,0
510,36493174,436,0
511,36493265,415,0
512,36493357,443,0
513,36493453,458,0
514,36493540,400,0
515,36493636,406,0
516,36493726,455,0
517,36493809,437,0
518,36493897,419,0
519,36493977,445,0
520,36494058,419,0
521,36494147,434,0
522,36494243,453,0
523,36494325,454,0
524,36494405,403,0
525,36494499,402,0
526,36494596,444,0
527,36494696,449,0
528,36494796,433,0
529,36494883,429,0
530,36494975,408,0
531,36495070,409,0
532,36495155,460,0
533,36495254,461,0
534,36495334,410,0
535,36495418,406,0
536,36495506,429,0
537,36495596,431,0
538,36495693,451,0
539,36495788,442,0
540,36495876,403,0
541,36495960,401,0
542,36496058,451,0
543,36496148,456,0
544,36496246,430,0
545,36496329,419,0
546,36496420,410,0
547,36496514,418,0
548,36496606,460,0
549,36496697,458,0
550,36496785,408,0
551,36496877,400,0
552,36496969,435,0
553,36497055,441,0
554,36497152,447,0
555,36497250,437,0
556,36497333,398,0
