0,36447261,618,0
1,36447353,616,0
2,36447444,627,0
3,36447537,633,0
4,36447618,617,0
5,36447715,619,0
6,36447815,630,0
7,36447903,610,0
8,36447994,620,0
9,36448092,627,0
10,36448192,611,0
11,36448286,615,0
12,36448377,628,0
13,36448471,625,0
14,36448566,613,0
15,36448648,636,0
16,36448731,618,0
17,36448813,623,0
18,36448901,621,0
19,36448985,623,0
20,36449072,609,0
21,36449158,621,0
22,36449252,630,0
23,36449348,616,0
24,36449436,614,0
25,36449523,630,0
26,36449609,618,0
27,36449702,610,0
28,36449796,620,0
29,36449892,621,0
30,36449977,611,0
31,36450065,621,0
32,36450164,625,0
33,36450256,612,0
34,36450336,629,0
35,36450428,628,0
36,36450520,614,0
37,36450618,617,0
38,36450708,627,0
39,36450799,619,0
40,36450894,627,0
41,36450994,626,0
42,36451082,621,0
43,36451182,610,0
44,36451264,643,0
45,36451358,624,0
46,36451454,618,0
47,36451534,622,0
48,36451614,626,0
49,36451711,614,0
50,36451809,620,0
51,36451900,629,0
52,36451985,626,0
53,36452067,615,0
54,36452158,634,0
55,36452242,623,0
56,36452324,614,0
57,36452414,626,0
58,36452501,636,0
59,36452589,611,0
60,36452680,621,0
61,36452770,628,0
62,36452857,612,0
63,36452938,619,0
64,36453030,630,0
65,36453127,617,0
66,36453226,617,0
67,36453307,634,0
68,36453401,617,0
69,36453490,616,0
70,36453590,626,0
71,36453679,623,0
72,36453779,614,0
73,36453864,623,0
74,36453956,624,0
75,36454040,642,0
76,36454134,620,0
77,36454230,629,0
78,36454318,617,0
79,36454398,619,0
80,36454490,634,0
81,36454570,623,0
82,36454665,613,0
83,36454750,632,0
84,36454844,625,0
85,36454931,627,0
86,36455024,629,0
87,36455122,630,0
88,36455222,617,0
89,36455308,630,0
90,36455408,639,0
91,36455488,622,0
92,36455574,629,0
93,36455673,639,0
94,36455769,629,0
95,36455861,628,0
96,36455959,642,0
97,36456043,643,0
98,36456134,633,0
99,36456226,643,0
100,36456325,657,0
101,36456408,643,0
102,36456497,657,0
103,36456586,669,0
104,36456678,663,0
105,36456775,672,0
106,36456868,703,1
107,36456950,701,1
108,36457042,693,1
109,36457126,720,1
110,36457210,718,1
111,36457290,718,1
112,36457385,740,1
113,36457477,742,1
114,36457572,705,1
115,36457659,693,1
116,36457739,656,1
117,36457828,563,1
118,36457923,531,1
119,36458020,556,1
120,36458115,563,1
121,36458204,619,1
122,36458297,663,1
123,36458384,682,1
124,36458473,743,1
125,36458562,764,1
126,36458648,732,1
127,36458746,644,1
128,36458833,583,1
129,36458916,524,1
130,36459003,462,1
131,36459099,442,1
132,36459197,428,1
133,36459282,400,1
134,36459379,387,1
135,36459467,382,1
136,36459564,387,1
137,36459659,388,1
138,36459746,393,1
139,36459836,389,1
140,36459920,378,1
141,36460006,390,1
142,36460092,402,1
143,36460179,389,1
144,36460278,392,1
145,36460376,406,1
146,36460462,392,1
147,36460546,392,1
148,36460645,404,1
149,36460735,395,1
150,36460829,386,1
151,36460917,396,1
152,36461010,394,1
153,36461110,389,1
154,36461207,396,1
155,36461304,402,1
156,36461388,384,1
157,36461476,394,1
158,36461561,402,1
159,36461648,394,1
160,36461736,391,1
161,36461836,404,1
162,36461930,395,1
163,36462027,387,1
164,36462115,402,1
165,36462215,393,1
166,36462303,383,1
167,36462396,398,1
168,36462491,398,1
169,36462586,388,1
170,36462678,396,1
171,36462772,405,1
172,36462870,389,1
173,36462966,392,1
174,36463050,404,1
175,36463144,390,1
176,36463236,389,1
177,36463318,402,1
178,36463404,396,1
179,36463503,388,1
180,36463584,401,1
181,36463666,402,1
182,36463760,387,1
183,36463857,403,1
184,36463948,405,1
185,36464044,388,1
186,36464130,394,1
187,36464227,402,1
188,36464325,389,1
189,36464414,394,1
190,36464502,407,1
191,36464599,397,1
192,36464679,392,1
193,36464778,396,1
194,36464874,399,1
195,36464955,405,1
196,36465039,400,1
197,36465123,405,1
198,36465210,386,1
199,36465292,396,1
200,36465383,405,1
201,36465472,391,1
202,36465570,392,1
203,36465657,408,1
204,36465740,395,1
205,36465821,394,1
206,36465909,402,1
207,36466005,399,1
208,36466093,388,1
209,36466184,402,1
210,36466280,404,1
211,36466368,386,1
212,36466453,402,1
213,36466540,400,1
214,36466625,389,1
215,36466722,394,1
216,36466810,404,1
217,36466907,392,1
218,36467000,396,1
219,36467092,405,1
220,36467183,400,1
221,36467282,390,1
222,36467362,406,1
223,36467462,399,1
224,36467545,392,1
225,36467639,400,1
226,36467732,400,1
227,36467820,392,1
228,36467916,396,1
229,36468011,405,1
230,36468094,389,1
231,36468183,395,1
232,36468278,406,1
233,36468359,399,1
234,36468442,389,1
235,36468525,399,1
236,36468612,394,1
237,36468703,377,1
238,36468792,392,1
239,36468872,393,1
240,36468966,377,1
241,36469066,398,1
242,36469147,397,1
243,36469236,414,1
244,36469335,457,1
245,36469427,488,1
246,36469522,532,1
247,36469619,603,1
248,36469716,700,1
249,36469807,746,1
250,36469887,744,1
251,36469977,714,1
252,36470059,662,1
253,36470139,623,1
254,36470221,570,1
255,36470304,520,1
256,36470384,524,1
257,36470480,547,1
258,36470561,640,1
259,36470660,680,1
260,36470760,717,1
261,36470860,749,1
262,36470956,726,1
263,36471047,721,1
264,36471144,731,1
265,36471236,711,0
266,36471331,700,0
267,36471421,698,0
268,36471513,688,0
269,36471600,667,0
270,36471695,660,0
271,36471795,670,0
272,36471893,651,0
273,36471977,649,0
274,36472063,656,0
275,36472163,658,0
276,36472257,633,0
277,36472348,645,0
278,36472439,646,0
279,36472522,623,0
280,36472615,637,0
281,36472703,636,0
282,36472793,619,0
283,36472874,631,0
284,36472959,633,0
285,36473041,620,0
286,36473141,622,0
287,36473221,632,0
288,36473302,621,0
289,36473389,616,0
290,36473486,634,0
291,36473570,622,0
292,36473650,620,0
293,36473732,631,0
294,36473827,628,0
295,36473924,612,0
296,36474017,623,0
297,36474109,626,0
298,36474209,614,0
299,36474289,620,0
300,36474374,629,0
301,36474455,616,0
302,36474541,630,0
303,36474629,627,0
304,36474720,617,0
305,36474815,615,0
306,36474896,636,0
307,36474979,622,0
308,36475059,612,0
309,36475139,625,0
310,36475236,625,0
311,36475322,610,0
312,36475407,622,0
313,36475501,633,0
314,36475582,621,0
315,36475679,621,0
316,36475767,635,0
317,36475858,614,0
318,36475941,616,0
319,36476038,626,0
320,36476131,619,0
321,36476229,611,0
322,36476317,627,0
323,36476408,624,0
324,36476488,612,0
325,36476573,623,0
326,36476672,620,0
327,36476769,611,0
328,36476862,620,0
329,36476945,626,0
330,36477040,615,0
331,36477129,614,0
332,36477226,629,0
333,36477314,629,0
334,36477405,615,0
335,36477486,631,0
336,36477571,630,0
337,36477668,614,0
338,36477756,625,0
339,36477848,625,0
340,36477931,612,0
341,36478024,625,0
342,36478111,625,0
343,36478206,620,0
344,36478301,622,0
345,36478393,639,0
346,36478477,620,0
347,36478566,617,0
348,36478663,630,0
349,36478744,616,0
350,36478827,631,0
351,36478914,631,0
352,36478995,620,0
353,36479083,621,0
354,36479180,623,0
355,36479269,635,0
356,36479358,622,0
357,36479446,624,0
358,36479539,630,0
359,36479636,612,0
360,36479722,620,0
361,36479806,627,0
362,36479897,624,0
363,36479987,618,0
364,36480083,629,0
365,36480180,618,0
366,36480266,623,0
367,36480353,636,0
368,36480435,625,0
369,36480531,612,0
370,36480627,625,0
371,36480715,625,0
372,36480814,612,0
373,36480902,624,0
374,36480994,618,0
375,36481080,615,0
376,36481172,618,0
377,36481257,630,0
378,36481341,617,0
379,36481438,617,0
380,36481520,625,0
381,36481620,619,0
382,36481712,616,0
383,36481811,631,0
384,36481893,625,0
385,36481991,612,0
386,36482075,611,0
387,36482159,622,0
388,36482248,613,0
389,36482344,622,0
390,36482444,627,0
391,36482543,609,0
392,36482628,619,0
393,36482718,633,0
394,36482803,618,0
395,36482902,616,0
396,36482996,628,0
397,36483076,619,0
398,36483157,618,0
399,36483257,625,0
400,36483343,623,0
401,36483424,608,0
402,36483522,626,0
403,36483613,624,0
404,36483708,608,0
405,36483803,620,0
406,36483887,625,0
407,36483983,610,0
408,36484081,618,0
409,36484168,630,0
410,36484259,622,0
411,36484353,615,0
412,36484441,627,0
413,36484536,615,0
414,36484619,615,0
415,36484703,631,0
416,36484797,627,0
417,36484885,611,0
418,36484976,624,0
419,36485064,628,0
420,36485144,613,0
421,36485239,626,0
422,36485331,627,0
423,36485417,614,0
424,36485506,620,0
425,36485590,630,0
426,36485678,619,0
427,36485770,616,0
428,36485862,633,0
429,36485959,622,0
430,36486048,616,0
431,36486135,630,0
432,36486226,620,0
433,36486310,615,0
434,36486407,631,0
435,36486504,622,0
436,36486596,617,0
437,36486691,629,0
438,36486787,627,0
439,36486878,610,0
440,36486962,616,0
441,36487043,629,0
442,36487131,614,0
443,36487229,618,0
444,36487322,629,0
445,36487415,616,0
446,36487508,621,0
447,36487591,629,0
448,36487682,622,0
449,36487780,611,0
450,36487872,626,0
451,36487969,621,0
452,36488057,611,0
453,36488152,620,0
454,36488241,624,0
455,36488331,612,0
456,36488417,623,0
457,36488500,630,0
458,36488582,615,0
459,36488680,617,0
460,36488763,646,0
461,36488846,619,0
462,36488938,617,0
463,36489029,628,0
464,36489129,622,0
465,36489223,608,0
466,36489317,635,0
