0,36447261,-2,0
1,36447348,32,0
2,36447435,-22,0
3,36447524,-14,0
4,36447618,31,0
5,36447711,-7,0
6,36447791,-29,0
7,36447878,24,0
8,36447971,6,0
9,36448068,-34,0
10,36448166,18,0
11,36448251,18,0
12,36448331,-27,0
13,36448412,4,0
14,36448512,28,0
15,36448597,-26,0
16,36448688,21,0
17,36448775,32,0
18,36448872,-11,0
19,36448967,-28,0
20,36449061,31,0
21,36449160,3,0
22,36449250,-30,0
23,36449335,17,0
24,36449419,14,0
25,36449514,-31,0
26,36449600,3,0
27,36449682,23,0
28,36449777,6,0
29,36449857,-13,0
30,36449937,29,0
31,36450026,-14,0
32,36450119,-24,0
33,36450215,27,0
34,36450309,-3,0
35,36450405,-32,0
36,36450489,17,0
37,36450589,11,0
38,36450669,-34,0
39,36450760,7,0
40,36450841,-13,0
41,36450922,-34,0
42,36451012,-8,0
43,36451104,30,0
44,36451188,-21,0
45,36451285,-20,0
46,36451374,31,0
47,36451467,-2,0
48,36451566,-31,0
49,36451662,25,0
50,36451759,11,0
51,36451852,-34,0
52,36451936,-27,0
53,36452029,22,0
54,36452120,-32,0
55,36452205,-7,0
56,36452297,27,0
57,36452393,-23,0
58,36452478,-20,0
59,36452570,33,0
60,36452655,-8,0
61,36452747,-27,0
62,36452841,25,0
63,36452939,5,0
64,36453032,-35,0
65,36453132,13,0
66,36453228,20,0
67,36453319,-32,0
68,36453413,2,0
69,36453493,28,0
70,36453582,-27,0
71,36453682,-13,0
72,36453770,24,0
73,36453857,-10,0
74,36453946,-28,0
75,36454041,-24,0
76,36454132,0,0
77,36454213,-30,0
78,36454309,14,0
79,36454392,15,0
80,36454487,-35,0
81,36454583,3,0
82,36454663,23,0
83,36454744,-23,0
84,36454827,-14,0
85,36454925,31,0
86,36455022,-17,0
87,36455103,-8,0
88,36455192,27,0
89,36455275,2,0
90,36455357,-34,0
91,36455440,21,0
92,36455525,11,0
93,36455625,-34,0
94,36455721,1,0
95,36455810,24,0
96,36455903,-32,0
97,36456001,-10,0
98,36456094,26,0
99,36456189,9,0
100,36456275,-26,0
101,36456373,21,0
102,36456466,-11,0
103,36456552,-42,0
104,36456651,12,0
105,36456731,-7,0
106,36456828,-49,1
107,36456927,-16,1
108,36457018,-5,1
109,36457105,-70,1
110,36457192,-53,1
111,36457280,-39,1
112,36457377,-120,1
113,36457467,-128,1
114,36457553,-108,1
115,36457642,-178,1
116,36457726,-249,1
117,36457813,-166,1
118,36457896,-107,1
119,36457987,-78,1
120,36458068,20,1
121,36458168,15,1
122,36458267,-47,1
123,36458359,-17,1
124,36458458,-97,1
125,36458552,-198,1
126,36458637,-288,1
127,36458737,-295,1
128,36458822,-342,1
129,36458917,-341,1
130,36459015,-255,1
131,36459095,-238,1
132,36459195,-239,1
133,36459285,-156,1
134,36459383,-125,1
135,36459475,-90,1
136,36459559,-76,1
137,36459641,-42,1
138,36459724,-74,1
139,36459804,-52,1
140,36459891,4,1
141,36459980,-31,1
142,36460068,-33,1
143,36460165,26,1
144,36460264,5,1
145,36460349,-30,1
146,36460431,23,1
147,36460516,12,1
148,36460615,-25,1
149,36460695,12,1
150,36460779,34,1
151,36460863,-17,1
152,36460960,0,1
153,36461054,42,1
154,36461142,-10,1
155,36461232,-16,1
156,36461320,38,1
157,36461401,7,1
158,36461485,-21,1
159,36461570,-1,1
160,36461659,23,1
161,36461751,-24,1
162,36461842,12,1
163,36461928,32,1
164,36462019,-21,1
165,36462112,-1,1
166,36462193,39,1
167,36462289,-10,1
168,36462378,-10,1
169,36462476,42,1
170,36462571,3,1
171,36462671,-18,1
172,36462771,34,1
173,36462854,19,1
174,36462937,-25,1
175,36463036,20,1
176,36463131,33,1
177,36463223,-20,1
178,36463307,6,1
179,36463396,39,1
180,36463484,-11,1
181,36463570,-7,1
182,36463655,40,1
183,36463736,-21,1
184,36463833,-17,1
185,36463915,38,1
186,36463998,13,1
187,36464079,-20,1
188,36464167,24,1
189,36464257,28,1
190,36464354,-20,1
191,36464442,15,1
192,36464541,38,1
193,36464638,-15,1
194,36464738,6,1
195,36464837,-11,1
196,36464934,6,1
197,36465018,-10,1
198,36465110,38,1
199,36465207,12,1
200,36465305,-19,1
201,36465396,31,1
202,36465493,25,1
203,36465575,-19,1
204,36465662,20,1
205,36465753,42,1
206,36465840,-10,1
207,36465929,7,1
208,36466021,37,1
209,36466113,-5,1
210,36466196,-4,1
211,36466277,39,1
212,36466359,9,1
213,36466448,-16,1
214,36466537,34,1
215,36466632,24,1
216,36466725,-18,1
217,36466821,27,1
218,36466916,29,1
219,36467015,-18,1
220,36467102,13,1
221,36467193,45,1
222,36467289,-12,1
223,36467383,-3,1
224,36467483,41,1
225,36467577,0,1
226,36467664,-13,1
227,36467755,40,1
228,36467847,12,1
229,36467936,-24,1
230,36468030,37,1
231,36468113,29,1
232,36468197,-28,1
233,36468296,8,1
234,36468377,13,1
235,36468477,-37,1
236,36468562,-36,1
237,36468648,-14,1
238,36468741,-77,1
239,36468839,-109,1
240,36468921,-88,1
241,36469010,-144,1
242,36469105,-145,1
243,36469196,-189,1
244,36469291,-228,1
245,36469385,-317,1
246,36469468,-311,1
247,36469548,-309,1
248,36469643,-326,1
249,36469733,-230,1
250,36469827,-81,1
251,36469919,-75,1
252,36470014,-66,1
253,36470105,17,1
254,36470195,12,1
255,36470278,-102,1
256,36470371,-77,1
257,36470470,-161,1
258,36470562,-244,1
259,36470651,-152,1
260,36470746,-120,1
261,36470842,-142,1
262,36470923,-82,1
263,36471013,-39,1
264,36471102,-74,1
265,36471198,-54,0
266,36471290,-31,0
267,36471390,-35,0
268,36471482,-46,0
269,36471567,13,0
270,36471664,-6,0
271,36471747,-40,0
272,36471847,10,0
273,36471943,9,0
274,36472036,-36,0
275,36472120,-4,0
276,36472208,20,0
277,36472290,-32,0
278,36472379,-25,0
279,36472462,25,0
280,36472556,-21,0
281,36472644,-24,0
282,36472728,24,0
283,36472822,-5,0
284,36472913,-33,0
285,36472993,21,0
286,36473085,8,0
287,36473170,-33,0
288,36473270,5,0
289,36473356,19,0
290,36473455,-34,0
291,36473535,-6,0
292,36473620,24,0
293,36473708,-24,0
294,36473800,-18,0
295,36473882,34,0
296,36473977,-10,0
297,36474070,-27,0
298,36474159,24,0
299,36474254,1,0
300,36474336,-33,0
301,36474428,17,0
302,36474510,-34,0
303,36474605,-30,0
304,36474685,4,0
305,36474766,21,0
306,36474861,-29,0
307,36474960,-6,0
308,36475046,30,0
309,36475128,-25,0
310,36475211,-24,0
311,36475294,29,0
312,36475392,-6,0
313,36475473,-31,0
314,36475563,-11,0
315,36475651,6,0
316,36475751,-32,0
317,36475840,13,0
318,36475926,14,0
319,36476008,-27,0
320,36476103,0,0
321,36476189,26,0
322,36476272,-26,0
323,36476362,-14,0
324,36476448,27,0
325,36476530,-16,0
326,36476618,3,0
327,36476710,25,0
328,36476810,-2,0
329,36476904,-33,0
330,36476991,22,0
331,36477090,9,0
332,36477182,-33,0
333,36477274,10,0
334,36477364,24,0
335,36477463,-31,0
336,36477553,-4,0
337,36477635,31,0
338,36477718,-26,0
339,36477813,-19,0
340,36477894,24,0
341,36477980,-12,0
342,36478066,-28,0
343,36478155,27,0
344,36478237,1,0
345,36478318,-32,0
346,36478415,21,0
347,36478498,13,0
348,36478590,-31,0
349,36478680,3,0
350,36478765,-32,0
351,36478848,-33,0
352,36478942,-8,0
353,36479031,26,0
354,36479111,-19,0
355,36479194,-20,0
356,36479290,27,0
357,36479375,-9,0
358,36479460,-30,0
359,36479558,27,0
360,36479638,0,0
361,36479731,-33,0
362,36479819,-20,0
363,36479902,13,0
364,36479987,-35,0
365,36480076,4,0
366,36480164,25,0
367,36480253,-30,0
368,36480333,-10,0
369,36480420,32,0
370,36480520,-21,0
371,36480602,-23,0
372,36480699,26,0
373,36480799,-5,0
374,36480891,5,0
375,36480971,23,0
376,36481052,5,0
377,36481152,-30,0
378,36481247,13,0
379,36481338,15,0
380,36481428,-33,0
381,36481523,2,0
382,36481617,25,0
383,36481705,-27,0
384,36481797,-11,0
385,36481880,28,0
386,36481968,26,0
387,36482062,-22,0
388,36482145,30,0
389,36482236,-4,0
390,36482318,-29,0
391,36482412,20,0
392,36482512,10,0
393,36482598,-34,0
394,36482684,16,0
395,36482782,12,0
396,36482862,-36,0
397,36482943,2,0
398,36483038,20,0
399,36483132,-24,0
400,36483230,-12,0
401,36483324,28,0
402,36483421,-18,0
403,36483511,-22,0
404,36483592,29,0
405,36483688,-12,0
406,36483772,-30,0
407,36483869,25,0
408,36483957,2,0
409,36484040,-29,0
410,36484120,-8,0
411,36484201,17,0
412,36484288,-31,0
413,36484382,2,0
414,36484464,21,0
415,36484563,-30,0
416,36484644,-12,0
417,36484735,26,0
418,36484826,-18,0
419,36484915,-22,0
420,36485014,31,0
421,36485102,-9,0
422,36485182,-34,0
423,36485265,21,0
424,36485362,1,0
425,36485457,-35,0
426,36485543,13,0
427,36485639,13,0
428,36485723,-35,0
429,36485817,4,0
430,36485903,25,0
431,36485998,-29,0
432,36486083,-12,0
433,36486169,28,0
434,36486268,-34,0
435,36486353,-25,0
436,36486438,27,0
437,36486537,-10,0
438,36486625,-28,0
439,36486707,20,0
440,36486797,2,0
441,36486893,-32,0
442,36486988,14,0
443,36487080,10,0
444,36487164,-32,0
445,36487260,5,0
446,36487349,-6,0
447,36487429,-34,0
448,36487519,-6,0
449,36487616,22,0
450,36487705,-26,0
451,36487800,-18,0
452,36487887,32,0
453,36487979,-14,0
454,36488061,-27,0
455,36488144,29,0
456,36488224,-5,0
457,36488304,-33,0
458,36488397,26,0
459,36488493,5,0
460,36488574,-37,0
461,36488673,11,0
462,36488773,15,0
463,36488871,-35,0
464,36488968,-1,0
465,36489062,24,0
466,36489150,-28,0
