0,36447261,561,0
1,36447352,552,0
2,36447441,581,0
3,36447538,570,0
4,36447632,550,0
5,36447720,577,0
6,36447801,577,0
7,36447894,552,0
8,36447979,567,0
9,36448071,580,0
10,36448158,552,0
11,36448253,561,0
12,36448340,580,0
13,36448432,559,0
14,36448517,554,0
15,36448609,581,0
16,36448702,558,0
17,36448793,549,0
18,36448880,576,0
19,36448972,574,0
20,36449072,550,0
21,36449165,570,0
22,36449261,578,0
23,36449344,554,0
24,36449430,562,0
25,36449530,581,0
26,36449616,559,0
27,36449703,556,0
28,36449798,565,0
29,36449883,564,0
30,36449983,549,0
31,36450081,577,0
32,36450178,576,0
33,36450276,550,0
34,36450362,568,0
35,36450453,576,0
36,36450553,552,0
37,36450649,561,0
38,36450736,583,0
39,36450836,558,0
40,36450924,576,0
41,36451009,581,0
42,36451092,564,0
43,36451182,553,0
44,36451280,580,0
45,36451366,571,0
46,36451464,548,0
47,36451552,574,0
48,36451634,577,0
49,36451729,552,0
50,36451811,564,0
51,36451906,583,0
52,36451990,581,0
53,36452085,561,0
54,36452172,580,0
55,36452253,562,0
56,36452348,551,0
57,36452441,578,0
58,36452526,571,0
59,36452612,550,0
60,36452711,573,0
61,36452797,576,0
62,36452887,553,0
63,36452971,563,0
64,36453058,582,0
65,36453156,553,0
66,36453237,559,0
67,36453327,582,0
68,36453425,563,0
69,36453512,551,0
70,36453598,580,0
71,36453685,568,0
72,36453784,550,0
73,36453867,575,0
74,36453956,574,0
75,36454042,576,0
76,36454142,569,0
77,36454222,580,0
78,36454322,552,0
79,36454417,560,0
80,36454513,582,0
81,36454610,559,0
82,36454692,555,0
83,36454789,583,0
84,36454881,564,0
85,36454965,552,0
86,36455052,576,0
87,36455136,564,0
88,36455219,553,0
89,36455299,567,0
90,36455391,580,0
91,36455491,553,0
92,36455571,562,0
93,36455666,581,0
94,36455759,560,0
95,36455852,554,0
96,36455951,581,0
97,36456049,564,0
98,36456134,549,0
99,36456219,555,0
100,36456304,573,0
101,36456388,549,0
102,36456482,570,0
103,36456572,577,0
104,36456661,551,0
105,36456744,563,0
106,36456829,582,0
107,36456914,556,0
108,36457002,557,0
109,36457096,581,0
110,36457193,565,0
111,36457288,549,0
112,36457369,577,0
113,36457458,570,0
114,36457549,552,0
115,36457632,572,0
116,36457718,578,0
117,36457812,551,0
118,36457895,564,0
119,36457979,582,0
120,36458073,556,0
121,36458173,557,0
122,36458262,580,0
123,36458358,553,0
124,36458440,552,0
125,36458534,581,0
126,36458629,569,0
127,36458727,551,0
128,36458819,571,0
129,36458918,577,0
130,36459004,551,0
131,36459088,567,0
132,36459185,581,0
133,36459280,555,0
134,36459368,557,0
135,36459461,560,0
136,36459546,561,0
137,36459635,554,0
138,36459735,579,0
139,36459827,569,0
140,36459918,552,0
141,36460012,573,0
142,36460100,576,0
143,36460197,549,0
144,36460295,567,0
145,36460384,579,0
146,36460468,552,0
147,36460556,566,0
148,36460644,581,0
149,36460727,560,0
150,36460809,552,0
151,36460909,583,0
152,36461009,568,0
153,36461089,548,0
154,36461186,576,0
155,36461282,576,0
156,36461373,551,0
157,36461460,571,0
158,36461548,577,0
159,36461637,576,0
160,36461729,563,0
161,36461827,584,0
162,36461923,557,0
163,36462015,558,0
164,36462095,579,0
165,36462190,566,0
166,36462284,553,0
167,36462380,581,0
168,36462477,574,0
169,36462561,551,0
170,36462642,573,0
171,36462723,581,0
172,36462819,552,0
173,36462910,564,0
174,36463006,580,0
175,36463088,558,0
176,36463174,554,0
177,36463268,582,0
178,36463364,562,0
179,36463452,552,0
180,36463543,580,0
181,36463629,572,0
182,36463719,548,0
183,36463818,580,0
184,36463899,577,0
185,36463998,549,0
186,36464098,566,0
187,36464195,580,0
188,36464283,554,0
189,36464379,562,0
190,36464460,583,0
191,36464558,561,0
192,36464648,553,0
193,36464729,577,0
194,36464814,566,0
195,36464907,574,0
196,36464992,577,0
197,36465086,573,0
198,36465180,545,0
199,36465275,569,0
200,36465368,579,0
201,36465462,553,0
202,36465562,561,0
203,36465658,583,0
204,36465751,558,0
205,36465837,558,0
206,36465935,581,0
207,36466020,564,0
208,36466120,552,0
209,36466201,579,0
210,36466290,571,0
211,36466382,550,0
212,36466469,572,0
213,36466561,580,0
214,36466658,550,0
215,36466754,563,0
216,36466850,580,0
217,36466938,556,0
218,36467032,555,0
219,36467126,582,0
220,36467210,563,0
221,36467299,553,0
222,36467383,581,0
223,36467463,568,0
224,36467558,549,0
225,36467650,577,0
226,36467739,575,0
227,36467827,553,0
228,36467913,566,0
229,36468012,581,0
230,36468103,552,0
231,36468183,559,0
232,36468272,580,0
233,36468364,561,1
234,36468454,553,1
235,36468542,581,1
236,36468637,564,1
237,36468728,549,1
238,36468810,576,1
239,36468908,571,1
240,36468997,550,1
241,36469078,566,1
242,36469160,550,1
243,36469254,549,1
244,36469344,560,1
245,36469435,577,1
246,36469525,551,1
247,36469612,550,1
248,36469702,576,1
249,36469783,560,1
250,36469866,547,1
251,36469950,574,1
252,36470047,565,1
253,36470146,544,1
254,36470230,551,1
255,36470310,569,1
256,36470399,546,1
257,36470479,558,1
258,36470568,573,1
259,36470668,546,1
260,36470757,550,1
261,36470839,574,1
262,36470927,552,1
263,36471019,542,1
264,36471100,572,1
265,36471184,559,1
266,36471267,561,1
267,36471351,567,1
268,36471440,567,1
269,36471525,543,1
270,36471607,561,1
271,36471689,568,1
272,36471789,545,1
273,36471885,551,1
274,36471984,574,1
275,36472064,554,1
276,36472155,549,1
277,36472245,576,1
278,36472342,579,1
279,36472440,552,1
280,36472526,580,1
281,36472623,578,1
282,36472718,555,1
283,36472810,580,1
284,36472897,585,1
285,36472991,558,1
286,36473072,570,1
287,36473167,586,1
288,36473247,564,1
289,36473331,563,1
290,36473413,583,1
291,36473497,561,1
292,36473583,548,1
293,36473669,571,1
294,36473765,563,1
295,36473854,543,1
296,36473942,563,1
297,36474027,564,1
298,36474117,534,1
299,36474216,555,1
300,36474309,567,1
301,36474397,541,1
302,36474488,562,1
303,36474577,566,1
304,36474664,543,1
305,36474754,541,1
306,36474838,571,1
307,36474922,553,1
308,36475014,541,1
309,36475096,569,1
310,36475196,563,1
311,36475283,543,1
312,36475379,563,1
313,36475462,576,1
314,36475547,570,1
315,36475642,570,1
316,36475740,588,1
317,36475829,560,1
318,36475914,566,1
319,36476005,591,1
320,36476087,567,1
321,36476183,562,1
322,36476264,587,1
323,36476353,573,1
324,36476438,559,1
325,36476527,584,1
326,36476615,575,1
327,36476709,554,1
328,36476802,576,1
329,36476885,585,1
330,36476975,559,1
331,36477057,571,1
332,36477141,587,1
333,36477233,563,1
334,36477315,564,1
335,36477402,588,1
336,36477497,573,1
337,36477590,561,1
338,36477681,589,1
339,36477778,579,1
340,36477860,557,1
341,36477945,585,1
342,36478045,583,1
343,36478128,560,1
344,36478224,576,1
345,36478311,587,1
346,36478410,563,1
347,36478510,569,1
348,36478603,589,1
349,36478687,567,1
350,36478782,590,1
351,36478863,593,1
352,36478963,571,1
353,36479044,563,1
354,36479137,588,1
355,36479229,585,1
356,36479328,562,1
357,36479425,580,1
358,36479522,585,1
359,36479605,559,1
360,36479700,574,1
361,36479785,591,1
362,36479870,580,1
363,36479954,570,1
364,36480050,591,1
365,36480148,569,1
366,36480232,564,1
367,36480313,592,1
368,36480398,576,1
369,36480488,559,1
370,36480582,584,1
371,36480675,583,1
372,36480755,558,1
373,36480840,582,1
374,36480921,562,1
375,36481011,559,1
376,36481091,573,1
377,36481188,586,1
378,36481268,561,1
379,36481368,570,1
380,36481452,590,1
381,36481541,567,1
382,36481634,562,1
383,36481715,593,1
384,36481795,576,1
385,36481878,560,1
386,36481978,560,1
387,36482067,580,1
388,36482154,561,1
389,36482252,582,1
390,36482347,586,1
391,36482444,562,1
392,36482524,576,1
393,36482608,592,1
394,36482699,565,1
395,36482789,570,1
396,36482873,595,1
397,36482966,571,1
398,36483060,570,1
399,36483159,591,1
400,36483259,579,1
401,36483348,564,1
402,36483437,590,1
403,36483529,581,1
404,36483609,563,1
405,36483707,583,1
406,36483796,589,1
407,36483880,561,1
408,36483966,576,1
409,36484049,590,1
410,36484146,584,1
411,36484236,570,1
412,36484316,594,1
413,36484396,569,1
414,36484485,564,1
415,36484576,592,1
416,36484673,574,1
417,36484754,560,1
418,36484841,591,1
419,36484922,586,1
420,36485018,581,1
421,36485102,608,1
422,36485200,622,1
423,36485281,599,1
424,36485361,617,1
425,36485459,638,1
426,36485550,617,1
427,36485643,630,1
428,36485726,662,1
429,36485810,643,1
430,36485903,648,1
431,36485998,673,1
432,36486085,660,1
433,36486181,654,1
434,36486261,681,1
435,36486360,678,1
436,36486458,660,1
437,36486553,684,1
438,36486638,689,1
439,36486719,667,1
440,36486807,687,1
441,36486894,698,1
442,36486990,673,1
443,36487085,683,1
444,36487182,705,1
445,36487277,678,1
446,36487361,691,1
447,36487454,708,1
448,36487536,689,1
449,36487623,680,1
450,36487712,709,1
451,36487799,697,1
452,36487895,678,1
453,36487978,703,1
454,36488075,699,1
455,36488166,678,1
456,36488254,698,1
457,36488337,708,1
458,36488435,677,1
459,36488533,693,1
460,36488624,708,1
461,36488715,682,1
462,36488802,687,1
463,36488887,712,1
464,36488971,687,1
465,36489059,681,1
466,36489145,708,1
467,36489229,692,1
468,36489310,679,1
469,36489398,705,1
470,36489491,680,1
471,36489584,678,1
472,36489674,699,1
473,36489762,705,1
474,36489854,677,1
475,36489940,694,1
476,36490033,707,1
477,36490125,680,1
478,36490206,688,1
479,36490306,708,1
480,36490395,684,1
481,36490489,680,1
482,36490578,697,1
483,36490671,692,1
484,36490756,680,1
485,36490850,707,1
486,36490948,695,1
487,36491038,677,1
488,36491119,699,1
489,36491212,698,1
490,36491310,677,1
491,36491397,698,1
492,36491481,703,1
493,36491570,680,1
494,36491657,710,1
495,36491753,708,1
496,36491848,683,1
497,36491937,688,1
498,36492024,707,1
499,36492120,686,1
500,36492220,681,1
501,36492311,709,1
502,36492396,695,1
503,36492479,680,1
504,36492569,710,1
505,36492663,698,1
506,36492751,705,1
507,36492847,702,1
508,36492939,700,1
509,36493028,677,1
510,36493122,697,1
511,36493203,706,1
512,36493294,680,1
513,36493391,691,1
514,36493485,708,1
515,36493567,687,1
516,36493658,690,1
517,36493753,709,1
518,36493851,684,1
519,36493932,683,1
520,36494013,710,1
521,36494094,697,1
522,36494178,680,1
523,36494266,706,1
524,36494358,699,1
525,36494443,677,1
526,36494539,703,1
527,36494620,702,1
528,36494715,680,1
529,36494808,697,1
530,36494900,675,1
531,36494989,678,1
532,36495070,691,1
533,36495166,710,1
534,36495251,683,1
535,36495334,688,1
536,36495427,709,1
537,36495517,687,1
538,36495600,683,1
539,36495680,705,1
540,36495772,695,1
541,36495858,676,1
542,36495949,688,1
543,36496041,699,1
544,36496135,678,1
545,36496227,701,1
546,36496311,704,1
547,36496391,684,1
548,36496479,698,1
549,36496570,710,1
550,36496653,682,1
551,36496751,691,1
552,36496845,708,1
553,36496934,682,1
554,36497026,704,1
555,36497112,709,1
556,36497203,693,1
557,36497293,681,1
558,36497383,706,1
559,36497473,694,1
560,36497556,678,1
561,36497655,705,1
562,36497751,700,1
563,36497841,678,1
564,36497933,703,1
565,36498017,704,1
566,36498102,710,1
567,36498190,697,1
568,36498286,707,1
569,36498384,678,1
570,36498469,688,1
571,36498557,708,1
572,36498643,684,1
573,36498726,687,1
574,36498819,707,1
575,36498912,688,1
576,36499005,681,1
577,36499092,708,1
578,36499186,690,1
579,36499286,679,1
580,36499367,705,1
581,36499461,698,1
582,36499549,675,1
583,36499649,700,1
584,36499736,702,1
585,36499819,677,1
586,36499915,694,1
587,36500009,707,1
588,36500091,679,1
589,36500181,689,1
590,36500266,679,1
591,36500353,683,1
592,36500444,686,1
593,36500539,708,1
594,36500620,691,1
595,36500720,680,1
596,36500809,708,1
597,36500889,695,1
598,36500970,678,1
599,36501061,705,1
600,36501154,699,1
601,36501238,676,1
602,36501319,685,1
603,36501413,703,1
604,36501511,681,1
605,36501608,698,1
606,36501692,705,1
607,36501779,680,1
608,36501877,692,1
609,36501970,710,1
610,36502058,687,1
611,36502155,685,1
612,36502245,711,1
613,36502345,691,1
614,36502438,700,1
615,36502520,707,1
616,36502606,698,1
617,36502690,680,1
618,36502779,708,1
619,36502870,701,1
620,36502966,679,1
621,36503052,699,1
622,36503135,704,1
623,36503232,681,1
624,36503322,698,1
625,36503416,708,1
626,36503498,710,1
627,36503594,691,1
628,36503690,709,1
629,36503785,686,1
630,36503877,684,1
631,36503958,707,1
632,36504039,688,1
633,36504127,681,1
634,36504208,704,1
635,36504301,693,1
636,36504401,680,1
637,36504493,707,1
638,36504589,697,1
639,36504673,676,1
640,36504761,700,1
641,36504852,704,1
642,36504939,680,1
643,36505038,698,1
644,36505127,710,1
645,36505218,681,1
646,36505298,688,1
647,36505389,710,1
648,36505472,683,1
649,36505568,680,1
650,36505654,681,1
651,36505743,689,1
652,36505834,679,1
653,36505925,705,1
654,36506018,695,1
655,36506118,678,1
656,36506204,703,1
657,36506297,700,1
658,36506395,678,1
659,36506488,698,1
660,36506572,707,1
661,36506663,680,1
662,36506756,682,1
663,36506846,709,1
664,36506932,681,1
665,36507014,688,1
666,36507111,708,1
667,36507208,687,1
668,36507295,681,1
669,36507388,709,1
670,36507475,687,1
671,36507558,680,1
672,36507643,709,1
673,36507739,692,1
674,36507832,696,1
675,36507930,703,1
676,36508019,700,1
677,36508115,677,1
678,36508206,700,1
679,36508296,704,1
680,36508392,679,1
681,36508478,695,1
682,36508565,708,1
683,36508657,681,1
684,36508754,688,1
685,36508839,710,1
686,36508932,709,1
687,36509013,683,1
688,36509094,707,1
689,36509176,691,1
690,36509260,680,1
691,36509346,705,1
692,36509433,698,1
693,36509517,678,1
694,36509612,705,1
695,36509701,703,1
696,36509781,677,1
697,36509865,698,1
698,36509955,702,1
699,36510046,680,1
700,36510139,693,1
701,36510222,708,1
702,36510307,680,1
703,36510400,689,1
704,36510484,709,1
705,36510574,687,1
706,36510655,685,1
707,36510740,710,1
708,36510836,691,1
709,36510920,680,1
710,36511015,686,1
711,36511106,698,1
712,36511195,677,1
713,36511282,702,1
714,36511372,701,1
715,36511467,678,1
716,36511565,700,1
717,36511663,707,1
718,36511746,678,1
719,36511844,693,1
720,36511936,706,1
721,36512023,680,1
722,36512107,671,1
723,36512188,706,1
724,36512278,676,1
725,36512367,676,1
726,36512450,695,1
727,36512549,676,1
728,36512640,665,1
729,36512730,687,1
730,36512820,675,1
731,36512905,655,1
732,36512994,679,1
733,36513085,674,1
734,36513167,656,1
735,36513257,665,1
736,36513342,670,1
737,36513436,637,1
738,36513528,652,1
739,36513621,659,1
740,36513712,627,1
741,36513801,629,1
742,36513897,649,1
743,36513987,623,1
744,36514086,611,1
745,36514167,634,1
746,36514251,629,1
747,36514350,597,1
748,36514449,618,1
749,36514530,606,1
750,36514629,585,1
751,36514728,606,1
752,36514822,601,1
753,36514917,574,1
754,36515009,591,1
755,36515106,595,1
756,36515187,569,1
757,36515279,581,1
758,36515379,592,1
759,36515475,569,1
760,36515561,574,1
761,36515656,595,1
762,36515754,569,1
763,36515854,564,1
764,36515943,590,1
765,36516026,574,1
766,36516125,560,1
767,36516216,584,1
768,36516311,577,1
769,36516402,557,1
770,36516491,568,1
771,36516590,580,1
772,36516687,552,1
773,36516769,574,1
774,36516864,583,1
775,36516964,553,1
776,36517050,563,1
777,36517133,578,1
778,36517220,550,1
779,36517319,556,1
780,36517409,577,1
781,36517506,553,1
782,36517591,541,1
783,36517688,569,1
784,36517788,555,1
785,36517870,540,1
786,36517951,566,1
787,36518051,556,1
788,36518149,541,1
789,36518240,559,1
790,36518327,567,1
791,36518424,539,1
792,36518514,562,1
793,36518609,570,1
794,36518698,550,1
795,36518787,558,1
796,36518880,578,1
797,36518969,557,1
798,36519055,559,1
799,36519135,585,1
800,36519219,571,1
801,36519316,561,1
802,36519412,587,1
803,36519511,577,1
804,36519605,561,1
805,36519692,592,1
806,36519776,564,1
807,36519862,544,1
808,36519961,566,1
809,36520056,568,1
810,36520142,542,1
811,36520225,560,1
812,36520310,574,1
813,36520402,546,1
814,36520492,558,1
815,36520586,575,1
816,36520680,550,1
817,36520772,549,1
818,36520869,574,1
819,36520965,552,1
820,36521047,544,1
821,36521142,576,1
822,36521241,558,1
823,36521331,542,1
824,36521414,570,1
825,36521505,567,1
826,36521587,540,1
827,36521673,563,1
828,36521757,571,1
829,36521846,543,1
830,36521930,563,1
831,36522014,572,1
832,36522097,546,1
833,36522191,556,1
834,36522289,574,1
835,36522370,548,1
836,36522457,551,1
837,36522556,578,1
838,36522656,556,1
839,36522744,547,1
840,36522842,578,1
841,36522942,565,1
842,36523029,548,1
843,36523124,570,0
844,36523207,567,0
845,36523304,540,0
846,36523385,566,0
847,36523471,574,0
848,36523557,547,0
849,36523637,563,0
850,36523733,576,0
851,36523826,554,0
852,36523913,557,0
853,36524000,576,0
854,36524085,547,0
855,36524166,549,0
856,36524263,576,0
857,36524355,561,0
858,36524446,548,0
859,36524529,576,0
860,36524623,568,0
861,36524707,546,0
862,36524787,572,0
863,36524875,572,0
864,36524973,546,0
865,36525053,568,0
866,36525136,562,0
867,36525227,547,0
868,36525313,560,0
869,36525400,577,0
870,36525497,551,0
871,36525577,556,0
872,36525672,579,0
873,36525764,557,0
874,36525852,550,0
875,36525943,579,0
876,36526034,562,0
877,36526129,550,0
878,36526225,580,0
879,36526321,568,0
880,36526409,547,0
881,36526489,573,0
882,36526584,574,0
883,36526665,551,0
884,36526757,567,0
885,36526847,577,0
886,36526946,551,0
887,36527033,560,0
888,36527121,582,0
889,36527214,555,0
890,36527308,575,0
891,36527402,583,0
892,36527483,559,0
893,36527577,551,0
894,36527657,578,0
895,36527744,562,0
896,36527827,550,0
897,36527921,577,0
898,36528002,569,0
899,36528096,549,0
900,36528193,571,0
901,36528282,576,0
902,36528380,559,0
903,36528463,570,0
904,36528546,576,0
905,36528639,551,0
906,36528735,563,0
907,36528825,580,0
908,36528905,553,0
909,36529003,558,0
910,36529094,582,0
911,36529184,559,0
912,36529268,550,0
913,36529349,574,0
914,36529443,549,0
915,36529525,551,0
916,36529611,576,0
917,36529701,569,0
918,36529797,549,0
919,36529893,570,0
920,36529987,576,0
921,36530081,550,0
922,36530168,565,0
923,36530259,580,0
924,36530354,551,0
925,36530434,559,0
926,36530527,553,0
927,36530625,557,0
928,36530724,559,0
929,36530820,581,0
930,36530914,559,0
931,36531001,551,0
932,36531099,579,0
933,36531188,566,0
934,36531273,548,0
935,36531372,577,0
936,36531452,572,0
937,36531542,546,0
938,36531623,572,0
939,36531718,577,0
940,36531811,552,0
941,36531909,564,0
942,36531995,579,0
943,36532093,552,0
944,36532190,560,0
945,36532272,581,0
946,36532363,557,0
947,36532453,552,0
948,36532546,580,0
949,36532636,567,0
950,36532720,581,0
951,36532803,577,0
952,36532895,570,0
953,36532982,546,0
954,36533074,574,0
955,36533158,573,0
956,36533256,550,0
957,36533353,566,0
958,36533453,579,0
959,36533548,551,0
960,36533638,562,0
961,36533729,579,0
962,36533815,573,0
963,36533904,556,0
964,36534002,585,0
965,36534089,560,0
966,36534170,552,0
967,36534262,582,0
968,36534346,569,0
969,36534433,552,0
970,36534515,575,0
971,36534599,572,0
972,36534692,550,0
973,36534781,571,0
974,36534863,555,0
975,36534962,550,0
976,36535046,565,0
977,36535143,581,0
978,36535223,551,0
979,36535305,558,0
980,36535403,582,0
981,36535503,557,0
982,36535594,557,0
983,36535694,580,0
984,36535787,562,0
985,36535874,552,0
986,36535963,550,0
987,36536043,569,0
988,36536124,550,0
989,36536215,574,0
990,36536300,573,0
991,36536393,547,0
992,36536485,566,0
993,36536583,576,0
994,36536664,550,0
995,36536759,561,0
996,36536858,580,0
997,36536946,557,0
998,36537040,561,0
999,36537131,582,0
1000,36537224,561,0
1001,36537305,551,0
1002,36537396,580,0
1003,36537483,568,0
1004,36537566,551,0
1005,36537658,576,0
1006,36537757,570,0
1007,36537839,545,0
1008,36537939,571,0
1009,36538027,580,0
1010,36538118,574,0
1011,36538217,564,0
1012,36538300,580,0
1013,36538391,553,0
1014,36538471,558,0
1015,36538567,581,0
1016,36538651,560,0
1017,36538750,552,0
1018,36538835,580,0
1019,36538920,565,0
1020,36539015,549,0
1021,36539095,576,0
1022,36539181,582,0
1023,36539276,549,0
1024,36539359,570,0
1025,36539444,576,0
1026,36539533,552,0
1027,36539632,562,0
1028,36539724,581,0
1029,36539804,552,0
1030,36539902,557,0
1031,36539996,583,0
1032,36540093,559,0
1033,36540183,553,0
1034,36540282,576,0
1035,36540365,567,0
1036,36540465,546,0
1037,36540548,577,0
1038,36540646,573,0
1039,36540745,552,0
1040,36540826,573,0
1041,36540920,577,0
1042,36541013,550,0
1043,36541103,564,0
1044,36541202,579,0
1045,36541295,554,0
1046,36541385,561,0
1047,36541468,579,0
1048,36541567,562,0
1049,36541656,553,0
1050,36541748,576,0
1051,36541838,566,0
1052,36541937,551,0
1053,36542026,575,0
1054,36542122,572,0
1055,36542220,548,0
1056,36542316,571,0
1057,36542399,576,0
1058,36542486,550,0
1059,36542585,563,0
1060,36542678,580,0
1061,36542759,554,0
1062,36542841,558,0
1063,36542921,583,0
1064,36543001,559,0
1065,36543095,553,0
1066,36543176,580,0
1067,36543260,568,0
1068,36543357,551,0
1069,36543449,577,0
1070,36543537,552,0
1071,36543623,548,0
1072,36543713,569,0
1073,36543804,576,0
1074,36543901,548,0
1075,36544001,561,0
1076,36544096,582,0
1077,36544193,554,0
1078,36544278,556,0
1079,36544375,581,0
1080,36544470,559,0
1081,36544566,550,0
1082,36544655,563,0
