0,36447261,391,0
1,36447359,382,0
2,36447445,411,0
3,36447537,400,0
4,36447625,381,0
5,36447713,406,0
6,36447805,408,0
7,36447895,382,0
8,36447975,397,0
9,36448071,411,0
10,36448159,384,0
11,36448258,392,0
12,36448353,412,0
13,36448436,390,0
14,36448531,385,0
15,36448622,412,0
16,36448721,390,0
17,36448811,382,0
18,36448905,406,0
19,36449004,405,0
20,36449090,382,0
21,36449188,401,0
22,36449280,408,0
23,36449375,386,0
24,36449468,394,0
25,36449553,411,0
26,36449647,390,0
27,36449745,388,0
28,36449834,396,0
29,36449926,395,0
30,36450009,379,0
31,36450096,408,0
32,36450189,406,0
33,36450280,381,0
34,36450361,399,0
35,36450456,408,0
36,36450538,384,0
37,36450635,392,0
38,36450718,415,0
39,36450818,390,0
40,36450902,407,0
41,36451001,411,0
42,36451099,395,0
43,36451194,384,0
44,36451286,411,0
45,36451372,401,0
46,36451462,378,0
47,36451551,404,0
48,36451650,407,0
49,36451741,381,0
50,36451841,396,0
51,36451936,414,0
52,36452028,412,0
53,36452125,391,0
54,36452217,411,0
55,36452305,394,0
56,36452388,383,0
57,36452485,408,0
58,36452585,403,0
59,36452681,380,0
60,36452769,406,0
61,36452852,409,0
62,36452945,384,0
63,36453032,395,0
64,36453122,412,0
65,36453215,383,0
66,36453309,390,0
67,36453409,414,0
68,36453491,395,0
69,36453584,383,0
70,36453682,411,0
71,36453770,400,0
72,36453869,382,0
73,36453953,406,0
74,36454049,403,0
75,36454144,407,0
76,36454237,401,0
77,36454334,411,0
78,36454419,383,0
79,36454519,391,0
80,36454603,414,0
81,36454693,390,0
82,36454791,386,0
83,36454882,413,0
84,36454962,396,0
85,36455061,381,0
86,36455145,407,0
87,36455231,396,0
88,36455324,383,0
89,36455423,398,0
90,36455521,409,0
91,36455615,373,0
92,36455700,377,0
93,36455781,392,0
94,36455868,368,1
95,36455959,357,1
96,36456053,384,1
97,36456147,361,1
98,36456246,343,1
99,36456334,343,1
100,36456429,355,1
101,36456515,327,1
102,36456604,343,1
103,36456693,342,1
104,36456790,315,1
105,36456887,352,1
106,36456980,385,1
107,36457079,375,1
108,36457162,366,1
109,36457259,370,1
110,36457343,338,1
111,36457424,312,1
112,36457506,329,1
113,36457596,319,1
114,36457694,315,1
115,36457775,355,1
116,36457869,376,1
117,36457958,361,1
118,36458043,381,1
119,36458127,400,1
120,36458223,374,1
121,36458304,377,1
122,36458394,400,1
123,36458484,376,1
124,36458576,379,1
125,36458662,406,1
126,36458742,398,1
127,36458833,382,1
128,36458916,406,1
129,36459016,412,1
130,36459115,390,1
131,36459209,409,1
132,36459305,425,1
133,36459388,399,1
134,36459469,407,1
135,36459552,409,1
136,36459635,413,1
137,36459732,405,1
138,36459828,431,1
139,36459924,421,1
140,36460018,405,1
141,36460114,424,1
142,36460200,429,1
143,36460282,400,1
144,36460371,419,1
145,36460456,431,1
146,36460553,403,1
147,36460640,419,1
148,36460734,434,1
149,36460832,413,1
150,36460926,404,1
151,36461021,435,1
152,36461108,419,1
153,36461195,401,1
154,36461295,428,1
155,36461375,427,1
156,36461457,402,1
157,36461557,421,1
158,36461643,429,1
159,36461733,428,1
160,36461824,414,1
161,36461916,436,1
162,36462007,411,1
163,36462105,411,1
164,36462190,433,1
165,36462286,418,1
166,36462372,406,1
167,36462461,432,1
168,36462545,427,1
169,36462645,403,1
170,36462738,427,1
171,36462826,434,1
172,36462925,405,1
173,36463020,417,1
174,36463109,433,1
175,36463208,408,1
176,36463292,406,1
177,36463390,431,1
178,36463479,415,1
179,36463565,405,1
180,36463657,432,1
181,36463743,423,1
182,36463825,398,1
183,36463907,431,1
184,36464007,426,1
185,36464098,398,1
186,36464191,415,1
187,36464271,430,1
188,36464365,405,1
189,36464465,413,1
190,36464546,431,1
191,36464629,408,1
192,36464710,398,1
193,36464798,423,1
194,36464888,412,1
195,36464969,421,1
196,36465067,423,1
197,36465166,415,1
198,36465262,386,1
199,36465350,407,1
200,36465436,418,1
201,36465524,388,1
202,36465624,393,1
203,36465711,416,1
204,36465791,389,1
205,36465876,385,1
206,36465956,409,1
207,36466042,388,1
208,36466136,376,1
209,36466219,401,1
210,36466313,392,1
211,36466411,366,1
212,36466500,386,1
213,36466592,393,1
214,36466672,358,1
215,36466754,324,1
216,36466850,331,1
217,36466944,301,1
218,36467028,301,1
219,36467116,332,1
220,36467211,320,1
221,36467299,319,1
222,36467382,357,1
223,36467466,353,1
224,36467561,341,1
225,36467647,377,1
226,36467740,383,1
227,36467839,368,1
228,36467920,385,1
229,36468004,403,1
230,36468098,384,1
231,36468182,387,1
232,36468282,398,1
233,36468362,363,1
234,36468452,341,1
235,36468541,354,1
236,36468638,332,1
237,36468730,318,1
238,36468824,346,1
239,36468923,344,1
240,36469005,322,1
241,36469093,342,0
242,36469187,328,0
243,36469272,330,0
244,36469357,348,0
245,36469456,367,0
246,36469539,346,0
247,36469620,349,0
248,36469711,380,0
249,36469791,365,0
250,36469880,355,0
251,36469962,386,0
252,36470043,378,0
253,36470123,359,0
254,36470218,370,0
255,36470315,391,0
256,36470407,370,0
257,36470495,381,0
258,36470590,398,0
259,36470675,374,0
260,36470762,379,0
261,36470843,405,0
262,36470937,384,0
263,36471037,376,0
264,36471123,405,0
265,36471217,394,0
266,36471317,396,0
267,36471402,402,0
268,36471500,403,0
269,36471589,378,0
270,36471674,397,0
271,36471767,405,0
272,36471867,382,0
273,36471949,388,0
274,36472030,409,0
275,36472111,389,0
276,36472211,383,0
277,36472308,407,0
278,36472390,409,0
279,36472484,380,0
280,36472583,408,0
281,36472682,402,0
282,36472779,379,0
283,36472868,402,0
284,36472967,406,0
285,36473047,380,0
286,36473133,393,0
287,36473223,408,0
288,36473317,389,0
289,36473404,389,0
290,36473497,409,0
291,36473579,393,0
292,36473677,382,0
293,36473772,407,0
294,36473871,401,0
295,36473955,381,0
296,36474042,403,0
297,36474140,407,0
298,36474232,379,0
299,36474317,398,0
300,36474406,411,0
301,36474498,386,0
302,36474582,407,0
303,36474667,411,0
304,36474747,387,0
305,36474842,383,0
306,36474924,412,0
307,36475007,395,0
308,36475092,382,0
309,36475187,409,0
310,36475267,403,0
311,36475365,379,0
312,36475464,400,0
313,36475552,408,0
314,36475640,393,0
315,36475736,392,0
316,36475822,412,0
317,36475918,384,0
318,36476018,389,0
319,36476100,412,0
320,36476182,391,0
321,36476275,385,0
322,36476360,412,0
323,36476448,397,0
324,36476545,381,0
325,36476637,408,0
326,36476723,398,0
327,36476807,378,0
328,36476891,399,0
329,36476978,408,0
330,36477064,383,0
331,36477154,395,0
332,36477251,410,0
333,36477345,385,0
334,36477439,387,0
335,36477519,411,0
336,36477614,395,0
337,36477703,383,0
338,36477797,411,0
339,36477889,401,0
340,36477980,380,0
341,36478075,407,0
342,36478166,406,0
343,36478251,382,0
