0,36447261,-617,0
1,36447354,-606,0
2,36447450,-598,0
3,36447538,-615,0
4,36447629,-645,0
5,36447712,-618,0
6,36447797,-596,0
7,36447886,-521,0
8,36447973,-347,0
9,36448072,-158,0
10,36448168,-87,0
11,36448253,-78,0
12,36448338,36,0
13,36448418,45,0
14,36448502,-51,0
15,36448590,-14,0
16,36448682,11,0
17,36448773,-94,0
18,36448872,-45,0
19,36448962,34,0
20,36449050,-42,0
21,36449149,-56,0
22,36449229,34,0
23,36449320,-54,0
24,36449403,-71,0
25,36449491,23,0
26,36449581,14,0
27,36449677,-63,0
28,36449772,7,0
29,36449862,34,0
30,36449957,-54,0
31,36450043,-17,0
32,36450140,40,0
33,36450231,-39,0
34,36450329,-43,0
35,36450423,43,0
36,36450511,-14,0
37,36450600,-58,0
38,36450697,30,0
39,36450797,6,0
40,36450877,-61,0
41,36450972,15,0
42,36451056,30,0
43,36451142,-59,0
44,36451234,-8,0
45,36451328,42,0
46,36451419,-39,0
47,36451502,-31,0
48,36451588,35,0
49,36451669,-51,0
50,36451753,-10,0
51,36451847,49,0
52,36451935,-37,0
53,36452030,-32,0
54,36452130,43,0
55,36452216,-15,0
56,36452300,-50,0
57,36452394,37,0
58,36452474,4,0
59,36452570,5,0
60,36452658,17,0
61,36452752,29,0
62,36452833,-56,0
63,36452924,-3,0
64,36453017,43,0
65,36453116,-41,0
66,36453214,-29,0
67,36453314,44,0
68,36453395,-24,0
69,36453485,-46,0
70,36453576,46,0
71,36453668,33,0
72,36453761,-56,0
73,36453845,26,0
74,36453945,21,0
75,36454042,-55,0
76,36454128,4,0
77,36454208,35,0
78,36454305,-55,0
79,36454405,-20,0
80,36454494,49,0
81,36454593,-39,0
82,36454676,-46,0
83,36454773,47,0
84,36454863,-10,0
85,36454945,-56,0
86,36455036,28,0
87,36455128,11,0
88,36455224,-64,0
89,36455311,14,0
90,36455406,31,0
91,36455500,-55,0
92,36455594,-9,0
93,36455680,44,0
94,36455764,-44,0
95,36455854,34,0
96,36455950,46,0
97,36456046,-22,0
98,36456138,-51,0
99,36456230,35,0
100,36456328,2,0
101,36456416,-62,0
102,36456497,18,0
103,36456591,22,0
104,36456686,-60,0
105,36456782,-6,0
106,36456877,42,0
107,36456971,8,0
108,36457067,-29,0
109,36457161,49,0
110,36457250,-28,0
111,36457350,-46,0
112,36457446,44,0
113,36457542,-6,0
114,36457637,-52,0
115,36457719,29,0
116,36457799,15,0
117,36457894,-64,0
118,36457986,4,0
119,36458072,-27,0
120,36458166,-49,0
121,36458248,-16,0
122,36458345,47,0
123,36458438,-32,0
124,36458529,-39,0
125,36458615,42,0
126,36458712,-9,0
127,36458801,-53,0
128,36458886,30,0
129,36458979,8,0
130,36459076,-57,0
131,36459164,-53,0
132,36459255,30,0
133,36459346,-53,0
134,36459444,-14,0
135,36459525,43,0
136,36459610,-39,0
137,36459693,-36,0
138,36459773,46,0
139,36459863,-20,0
140,36459960,-54,0
141,36460041,35,0
142,36460134,10,0
143,36460217,-59,0
144,36460316,16,0
145,36460400,25,0
146,36460488,-55,0
147,36460570,-2,0
148,36460660,40,0
149,36460759,-47,0
150,36460855,-29,0
151,36460941,43,0
152,36461021,-25,0
153,36461111,-42,0
154,36461197,-44,0
155,36461282,6,0
156,36461362,-61,0
157,36461455,28,0
158,36461547,21,0
159,36461637,-58,0
160,36461718,3,0
161,36461817,36,0
162,36461912,-49,0
163,36462003,-21,0
164,36462091,42,0
165,36462178,-33,0
166,36462272,-15,0
167,36462361,40,0
168,36462458,-9,0
169,36462541,-56,0
170,36462624,28,0
171,36462707,15,0
172,36462790,-60,0
173,36462881,9,0
174,36462979,34,0
175,36463072,-53,0
176,36463155,-13,0
177,36463241,43,0
178,36463336,19,0
179,36463435,-36,0
180,36463528,44,0
181,36463608,-16,0
182,36463705,-54,0
183,36463802,34,0
184,36463898,7,0
185,36463984,-61,0
186,36464081,19,0
187,36464161,29,0
188,36464246,-61,0
189,36464331,-4,0
190,36464418,46,0
191,36464513,-45,0
192,36464605,-29,0
193,36464694,47,0
194,36464788,-24,0
195,36464868,-52,0
196,36464957,37,0
197,36465053,-1,0
198,36465137,-61,0
199,36465230,22,0
200,36465311,19,0
201,36465407,-65,0
202,36465491,41,0
203,36465584,34,0
204,36465674,-51,0
205,36465773,-23,0
206,36465873,41,0
207,36465962,-36,0
208,36466044,-46,0
209,36466133,37,0
210,36466225,-13,0
211,36466314,-67,0
212,36466406,16,0
213,36466503,-2,0
214,36466588,6,0
215,36466688,-11,0
216,36466776,7,0
217,36466867,-94,0
218,36466964,-56,0
219,36467047,-13,0
220,36467147,-107,0
221,36467234,-116,1
222,36467324,-56,1
223,36467412,-144,1
224,36467500,-180,1
225,36467595,-100,1
226,36467685,-149,1
227,36467775,-209,1
228,36467860,-147,1
229,36467944,-105,1
230,36468034,-145,1
231,36468124,-33,1
232,36468216,42,1
233,36468297,2,1
234,36468387,85,1
235,36468467,191,1
236,36468562,70,1
237,36468661,-21,1
238,36468759,-125,1
239,36468843,-146,1
240,36468941,-241,1
241,36469035,-206,1
242,36469115,-243,1
243,36469197,-350,1
244,36469295,-282,1
245,36469377,-231,1
246,36469471,-264,1
247,36469564,-177,1
248,36469663,-55,1
249,36469746,-82,1
250,36469835,-68,1
251,36469917,61,1
252,36470009,15,1
253,36470095,-16,1
254,36470186,72,1
255,36470281,59,1
256,36470375,-7,1
257,36470464,81,1
258,36470554,107,1
259,36470654,37,1
260,36470745,98,1
261,36470835,159,1
262,36470932,73,1
263,36471016,113,1
264,36471103,199,1
265,36471187,140,1
266,36471267,120,1
267,36471356,215,1
268,36471438,179,1
269,36471525,122,1
270,36471608,205,1
271,36471706,203,1
272,36471804,128,1
273,36471897,190,1
274,36471986,160,1
275,36472082,133,1
276,36472177,164,1
277,36472259,233,1
278,36472350,150,1
279,36472448,145,1
280,36472545,229,1
281,36472645,170,1
282,36472743,127,1
283,36472824,215,1
284,36472916,197,1
285,36473004,127,1
286,36473092,202,1
287,36473184,214,1
288,36473277,127,1
289,36473368,177,1
290,36473450,227,1
291,36473536,141,1
292,36473619,152,1
293,36473703,229,1
294,36473797,159,1
295,36473883,135,1
296,36473980,223,1
297,36474065,225,1
298,36474162,122,1
299,36474247,210,1
300,36474341,204,1
301,36474431,123,1
302,36474520,185,1
303,36474620,222,1
304,36474706,128,1
305,36474801,162,1
306,36474881,229,1
307,36474968,151,1
308,36475058,145,1
309,36475140,231,1
310,36475224,174,1
311,36475306,129,1
312,36475394,218,1
313,36475480,194,1
314,36475567,118,1
315,36475660,204,1
316,36475757,210,1
317,36475838,126,1
318,36475933,179,1
319,36476013,224,1
320,36476094,135,1
321,36476193,201,1
322,36476286,230,1
323,36476384,152,1
324,36476473,139,1
325,36476553,224,1
326,36476636,176,1
327,36476730,127,1
328,36476825,209,1
329,36476914,199,1
330,36477014,119,1
331,36477106,193,1
332,36477204,215,1
333,36477295,161,1
334,36477375,169,1
335,36477461,228,1
336,36477557,139,1
337,36477650,148,1
338,36477731,232,1
339,36477821,164,1
340,36477904,130,1
341,36478000,223,1
342,36478088,180,1
343,36478183,127,1
344,36478266,206,1
345,36478352,128,1
346,36478444,126,1
347,36478533,185,1
348,36478613,216,1
349,36478712,131,1
350,36478806,169,1
351,36478906,229,1
352,36479001,144,1
353,36479100,145,1
354,36479189,229,1
355,36479279,167,1
356,36479364,132,1
357,36479458,121,1
358,36479558,186,1
359,36479649,122,1
360,36479745,204,1
361,36479826,204,1
362,36479917,121,1
363,36480007,182,1
364,36480094,222,1
365,36480186,131,1
366,36480282,165,1
367,36480364,230,1
368,36480454,145,1
369,36480548,153,1
370,36480645,227,1
371,36480727,168,1
372,36480823,127,1
373,36480917,217,1
374,36481013,193,1
375,36481101,119,1
376,36481190,203,1
377,36481289,211,1
378,36481385,123,1
379,36481482,182,1
380,36481574,221,1
381,36481654,200,1
382,36481746,162,1
383,36481839,226,1
384,36481931,150,1
385,36482018,145,1
386,36482116,224,1
387,36482199,169,1
388,36482289,125,1
389,36482387,219,1
390,36482467,195,1
391,36482548,125,1
392,36482646,204,1
393,36482726,227,1
394,36482814,123,1
395,36482903,184,1
396,36482983,220,1
397,36483079,130,1
398,36483166,160,1
399,36483250,226,1
400,36483348,148,1
401,36483438,142,1
402,36483522,226,1
403,36483607,169,1
404,36483704,126,1
405,36483801,123,1
406,36483894,187,1
407,36483989,120,1
408,36484089,203,1
409,36484184,205,1
410,36484283,125,1
411,36484377,179,1
412,36484473,219,1
413,36484572,132,1
414,36484654,163,1
415,36484747,226,1
416,36484833,143,1
417,36484927,157,1
418,36485015,229,1
419,36485112,165,1
420,36485196,134,1
421,36485285,220,1
422,36485378,183,1
423,36485461,121,1
424,36485551,208,1
425,36485638,200,1
426,36485723,121,1
427,36485806,183,1
428,36485899,216,1
429,36485988,206,1
430,36486069,169,1
431,36486169,227,1
432,36486249,141,1
433,36486340,153,1
434,36486426,227,1
435,36486511,159,1
436,36486611,137,1
437,36486702,224,1
438,36486791,174,1
439,36486879,123,1
440,36486968,210,1
441,36487054,228,1
442,36487150,118,1
443,36487238,195,1
444,36487323,208,1
445,36487421,129,1
446,36487519,175,1
447,36487616,222,1
448,36487708,135,1
449,36487805,160,1
450,36487889,228,1
451,36487976,153,1
452,36488062,141,1
453,36488156,198,1
454,36488250,170,1
455,36488331,126,1
456,36488414,218,1
457,36488507,189,1
458,36488594,121,1
459,36488683,204,1
460,36488772,204,1
461,36488867,122,1
462,36488954,186,1
463,36489045,216,1
464,36489129,131,1
465,36489217,143,1
466,36489317,224,1
467,36489415,147,1
468,36489514,148,1
469,36489612,223,1
470,36489709,159,1
471,36489807,133,1
472,36489887,219,1
473,36489985,180,1
474,36490082,124,1
475,36490170,213,1
476,36490254,194,1
477,36490341,125,1
478,36490430,198,1
479,36490515,210,1
480,36490599,123,1
481,36490683,175,1
482,36490766,228,1
483,36490864,133,1
484,36490947,158,1
485,36491044,224,1
486,36491129,144,1
487,36491210,132,1
488,36491303,211,1
489,36491402,139,1
490,36491496,98,1
491,36491581,178,1
492,36491675,133,1
493,36491775,55,1
494,36491863,123,1
495,36491949,112,1
496,36492039,18,1
497,36492123,71,1
498,36492221,94,1
499,36492309,-11,1
500,36492406,25,1
501,36492506,71,1
502,36492590,-22,1
503,36492681,-26,1
504,36492778,20,1
505,36492877,-114,1
506,36492969,-193,1
507,36493049,-166,1
508,36493142,-273,1
509,36493231,-347,1
510,36493311,-229,1
511,36493401,-208,1
512,36493494,-233,1
513,36493576,-43,1
514,36493670,55,1
515,36493761,54,1
516,36493860,120,1
517,36493944,72,1
518,36494026,-142,1
519,36494109,-148,1
520,36494208,-101,1
521,36494291,-189,1
522,36494373,-159,1
523,36494460,-57,1
524,36494544,-105,1
525,36494633,-60,1
526,36494731,-4,1
527,36494819,-37,0
528,36494919,-82,0
529,36495011,14,0
530,36495105,-3,0
531,36495197,-75,0
532,36495291,6,0
533,36495384,25,0
534,36495472,-64,0
535,36495552,-5,0
536,36495641,38,0
537,36495739,-62,0
538,36495822,-23,0
539,36495908,43,0
540,36495993,-38,0
541,36496093,-36,0
542,36496175,41,0
543,36496261,-25,0
544,36496348,-53,0
545,36496434,41,0
546,36496514,-5,0
547,36496595,-59,0
548,36496693,25,0
549,36496786,-48,0
550,36496886,-65,0
551,36496970,11,0
552,36497065,30,0
553,36497155,-57,0
554,36497250,-6,0
555,36497343,34,0
556,36497428,-45,0
557,36497525,-28,0
558,36497617,44,0
559,36497708,-36,0
560,36497791,-42,0
561,36497890,6,0
562,36497989,-17,0
563,36498071,-51,0
564,36498159,38,0
565,36498259,-2,0
566,36498350,-55,0
567,36498447,26,0
568,36498547,14,0
569,36498643,-64,0
570,36498740,10,0
571,36498820,25,0
572,36498917,-58,0
573,36498999,44,0
574,36499081,41,0
575,36499164,-47,0
576,36499246,-20,0
577,36499343,45,0
578,36499425,-32,0
579,36499523,-39,0
580,36499612,43,0
581,36499712,-18,0
582,36499803,-54,0
583,36499898,40,0
584,36499994,1,0
585,36500078,20,0
586,36500174,24,0
587,36500263,16,0
588,36500351,-60,0
589,36500449,9,0
590,36500529,31,0
591,36500623,-60,0
592,36500705,-4,0
593,36500792,42,0
594,36500874,-52,0
595,36500974,-25,0
596,36501058,46,0
597,36501152,-50,0
598,36501240,-40,0
599,36501332,43,0
600,36501430,-21,0
601,36501510,-51,0
602,36501601,39,0
603,36501683,2,0
604,36501776,-57,0
605,36501867,31,0
606,36501964,15,0
607,36502062,-61,0
608,36502159,11,0
609,36502241,-54,0
610,36502327,-58,0
611,36502415,-5,0
612,36502510,40,0
613,36502590,-51,0
614,36502670,-24,0
615,36502760,46,0
616,36502846,-40,0
617,36502943,-40,0
618,36503041,42,0
619,36503136,-22,0
620,36503222,-50,0
621,36503320,-12,0
622,36503401,-3,0
623,36503500,-59,0
624,36503599,27,0
625,36503697,14,0
626,36503781,-63,0
627,36503880,11,0
628,36503969,27,0
629,36504052,-61,0
630,36504135,-7,0
631,36504233,36,0
632,36504324,-49,0
633,36504406,36,0
634,36504486,40,0
635,36504576,-36,0
636,36504672,-39,0
637,36504772,44,0
638,36504858,-18,0
639,36504945,-54,0
640,36505042,37,0
641,36505139,-1,0
642,36505220,-62,0
643,36505320,26,0
644,36505408,13,0
645,36505497,32,0
646,36505583,14,0
647,36505680,25,0
648,36505777,-60,0
649,36505862,-4,0
650,36505955,37,0
651,36506053,-52,0
652,36506147,-26,0
