0,36447261,618,0
1,36447351,644,0
2,36447448,618,0
3,36447543,613,0
4,36447637,641,0
5,36447736,627,0
6,36447817,610,0
7,36447901,637,0
8,36447991,633,0
9,36448073,608,0
10,36448155,637,0
11,36448248,638,0
12,36448348,609,0
13,36448438,626,0
14,36448529,641,0
15,36448627,610,0
16,36448718,630,0
17,36448814,640,0
18,36448897,619,0
19,36448977,617,0
20,36449067,642,0
21,36449165,629,0
22,36449256,617,0
23,36449344,641,0
24,36449441,628,0
25,36449537,608,0
26,36449627,634,0
27,36449720,633,0
28,36449812,617,0
29,36449906,635,0
30,36450000,642,0
31,36450084,611,0
32,36450178,626,0
33,36450276,651,0
34,36450356,617,0
35,36450436,615,0
36,36450527,644,0
37,36450609,617,0
38,36450692,611,0
39,36450774,645,0
40,36450870,607,0
41,36450961,610,0
42,36451059,639,0
43,36451142,631,0
44,36451233,602,0
45,36451329,636,0
46,36451413,640,0
47,36451512,606,0
48,36451602,626,0
49,36451699,639,0
50,36451793,610,0
51,36451882,637,0
52,36451982,614,0
53,36452077,617,0
54,36452164,618,0
55,36452259,645,0
56,36452343,621,0
57,36452438,616,0
58,36452518,644,0
59,36452613,625,0
60,36452710,605,0
61,36452808,637,0
62,36452900,635,0
63,36452987,605,0
64,36453076,630,0
65,36453165,643,0
66,36453245,609,0
67,36453333,626,0
68,36453428,642,0
69,36453511,614,0
70,36453591,622,0
71,36453685,644,0
72,36453785,618,0
73,36453872,616,0
74,36453959,646,0
75,36454047,643,0
76,36454133,613,0
77,36454224,641,0
78,36454306,628,0
79,36454391,608,0
80,36454480,632,0
81,36454580,636,0
82,36454668,625,0
83,36454764,628,0
84,36454859,642,0
85,36454948,609,0
86,36455028,626,0
87,36455122,637,0
88,36455215,612,0
89,36455309,617,0
90,36455392,640,0
91,36455490,618,0
92,36455576,615,0
93,36455659,643,0
94,36455755,628,0
95,36455850,606,0
96,36455943,636,0
97,36456030,631,0
98,36456115,608,0
99,36456197,623,0
100,36456285,640,0
101,36456380,637,0
102,36456460,625,0
103,36456557,608,0
104,36456657,618,0
105,36456737,639,0
106,36456820,646,0
107,36456914,631,0
108,36456999,612,0
109,36457080,612,0
110,36457173,628,0
111,36457265,640,0
112,36457353,641,0
113,36457445,626,0
114,36457535,617,0
115,36457634,625,0
116,36457716,638,0
117,36457799,642,0
118,36457885,627,0
119,36457966,610,0
120,36458048,614,0
121,36458132,634,0
122,36458227,644,0
123,36458319,638,0
124,36458401,612,0
125,36458492,617,0
126,36458585,633,0
127,36458683,638,0
128,36458764,636,0
129,36458862,620,0
130,36458948,607,0
131,36459028,622,0
132,36459114,638,0
133,36459195,645,0
134,36459287,627,0
135,36459369,605,0
136,36459459,618,0
137,36459548,642,0
138,36459633,647,0
139,36459724,630,0
140,36459806,612,0
141,36459891,608,0
142,36459975,626,0
143,36460062,642,0
144,36460154,638,0
145,36460252,615,0
146,36460337,609,0
147,36460417,622,0
148,36460509,639,0
149,36460592,644,0
150,36460676,622,0
151,36460756,609,0
152,36460852,613,0
153,36460941,636,0
154,36461041,652,0
155,36461123,637,0
156,36461222,613,0
157,36461302,614,0
158,36461383,629,0
159,36461469,646,0
160,36461552,635,0
161,36461635,614,0
162,36461727,612,0
163,36461825,622,0
164,36461917,640,0
165,36462014,650,0
166,36462098,628,0
167,36462189,609,0
168,36462286,620,0
169,36462386,640,0
170,36462486,645,0
171,36462583,629,0
172,36462676,612,0
173,36462766,610,0
174,36462860,629,0
175,36462957,647,0
176,36463044,635,0
177,36463128,621,0
178,36463228,621,0
179,36463319,625,0
180,36463410,640,0
181,36463490,640,0
182,36463581,620,0
183,36463676,603,0
184,36463775,618,0
185,36463861,643,0
186,36463946,649,0
187,36464028,623,0
188,36464108,613,0
189,36464202,626,0
190,36464301,635,0
191,36464397,642,0
192,36464478,631,0
193,36464567,613,0
194,36464659,606,0
195,36464746,630,0
196,36464829,647,0
197,36464929,639,0
198,36465018,613,0
199,36465101,605,0
200,36465183,623,0
201,36465279,643,0
202,36465379,643,0
203,36465473,615,0
204,36465567,606,0
205,36465660,617,0
206,36465746,644,0
207,36465827,645,0
208,36465922,630,0
209,36466003,613,0
210,36466097,615,0
211,36466177,633,0
212,36466267,647,0
213,36466367,631,0
214,36466450,617,0
215,36466531,609,0
216,36466624,628,0
217,36466708,645,0
218,36466792,640,0
219,36466889,619,0
220,36466982,610,0
221,36467070,622,0
222,36467158,643,0
223,36467257,644,0
224,36467339,628,0
225,36467421,609,0
226,36467507,615,0
227,36467604,641,0
228,36467694,646,0
229,36467793,628,0
230,36467883,614,0
231,36467970,617,0
232,36468053,637,0
233,36468133,645,0
234,36468216,636,0
235,36468311,615,0
236,36468391,607,0
237,36468481,642,0
238,36468575,645,0
239,36468658,644,0
240,36468758,628,0
241,36468856,607,0
242,36468948,619,0
243,36469030,642,0
244,36469110,646,0
245,36469192,620,0
246,36469290,615,0
247,36469386,618,0
248,36469477,638,0
249,36469559,647,0
250,36469656,631,0
251,36469755,613,0
252,36469847,616,0
253,36469933,640,0
254,36470033,646,0
255,36470114,634,0
256,36470206,617,0
257,36470301,615,0
258,36470395,630,0
259,36470488,649,0
260,36470577,644,0
261,36470662,620,0
262,36470761,613,0
263,36470846,627,0
264,36470941,643,0
265,36471040,643,0
266,36471136,628,0
267,36471236,617,0
268,36471326,642,0
269,36471410,646,0
270,36471507,664,0
271,36471600,634,0
272,36471699,620,0
273,36471781,628,0
274,36471869,643,0
275,36471955,655,0
276,36472042,645,0
277,36472129,629,0
278,36472225,631,0
279,36472318,651,0
280,36472407,666,0
281,36472497,666,0
282,36472584,655,0
283,36472669,639,0
284,36472764,660,0
285,36472856,685,0
286,36472955,688,0
287,36473050,687,0
288,36473141,676,0
289,36473225,701,0
290,36473323,734,1
291,36473421,748,1
292,36473518,750,1
293,36473618,746,1
294,36473707,742,1
295,36473791,736,1
296,36473874,649,1
297,36473972,565,1
298,36474057,546,1
299,36474148,618,1
300,36474243,674,1
301,36474330,759,1
302,36474413,766,1
303,36474501,654,1
304,36474590,540,1
305,36474684,487,1
306,36474768,474,1
307,36474859,438,1
308,36474958,405,1
309,36475057,387,1
310,36475149,389,1
311,36475238,417,1
312,36475327,420,1
313,36475409,403,1
314,36475495,389,1
315,36475580,404,1
316,36475664,420,1
317,36475756,427,1
318,36475853,412,1
319,36475953,399,1
320,36476038,394,1
321,36476138,418,1
322,36476222,425,1
323,36476313,413,1
324,36476413,397,1
325,36476505,395,1
326,36476592,406,1
327,36476689,423,1
328,36476778,421,1
329,36476878,412,1
330,36476966,398,1
331,36477060,410,1
332,36477150,422,1
333,36477245,422,1
334,36477325,402,1
335,36477422,394,1
336,36477504,396,1
337,36477603,418,1
338,36477690,422,1
339,36477782,406,1
340,36477877,392,1
341,36477958,396,1
342,36478046,416,1
343,36478133,430,1
344,36478228,414,1
345,36478320,390,1
346,36478406,385,1
347,36478499,408,1
348,36478595,422,1
349,36478693,416,1
350,36478785,397,1
351,36478875,390,1
352,36478957,402,1
353,36479049,423,1
354,36479136,431,1
355,36479225,400,1
356,36479309,389,1
357,36479403,394,1
358,36479485,414,1
359,36479579,424,1
360,36479677,408,1
361,36479762,387,1
362,36479843,394,1
363,36479937,413,1
364,36480020,423,1
365,36480110,412,1
366,36480199,396,1
367,36480296,386,1
368,36480376,406,1
369,36480462,422,1
370,36480559,419,1
371,36480648,392,1
372,36480746,388,1
373,36480827,402,1
374,36480911,421,1
375,36480998,417,1
376,36481079,404,1
377,36481173,387,1
378,36481263,396,1
379,36481351,416,1
380,36481443,424,1
381,36481542,403,1
382,36481624,387,1
383,36481715,390,1
384,36481798,411,1
385,36481897,438,1
386,36481995,413,1
387,36482080,390,1
388,36482161,388,1
389,36482259,410,1
390,36482354,424,1
391,36482435,419,1
392,36482519,394,1
393,36482600,390,1
394,36482688,402,1
395,36482775,420,1
396,36482859,432,1
397,36482948,400,1
398,36483040,386,1
399,36483129,398,1
400,36483218,415,1
401,36483317,424,1
402,36483401,406,1
403,36483497,386,1
404,36483584,391,1
405,36483667,415,1
406,36483755,425,1
407,36483851,410,1
408,36483943,393,1
409,36484031,391,1
410,36484113,407,1
411,36484211,421,1
412,36484305,416,1
413,36484398,400,1
414,36484498,387,1
415,36484591,404,1
416,36484687,422,1
417,36484781,417,1
418,36484861,400,1
419,36484958,389,1
420,36485045,395,1
421,36485132,420,1
422,36485219,422,1
423,36485310,402,1
424,36485406,392,1
425,36485495,403,1
426,36485582,414,1
427,36485663,424,1
428,36485747,408,1
429,36485835,388,1
430,36485932,388,1
431,36486031,410,1
432,36486128,428,1
433,36486208,416,1
434,36486299,396,1
435,36486390,389,1
436,36486481,406,1
437,36486574,402,1
438,36486657,421,1
439,36486756,416,1
440,36486850,390,1
441,36486940,412,1
442,36487037,420,1
443,36487117,393,1
444,36487203,401,1
445,36487286,421,1
446,36487366,396,1
447,36487446,388,1
448,36487545,418,1
449,36487635,402,1
450,36487718,393,1
451,36487812,418,1
452,36487892,408,1
453,36487977,386,1
454,36488072,415,1
455,36488170,416,1
456,36488265,391,1
457,36488359,407,1
458,36488439,430,1
459,36488519,394,1
460,36488615,396,1
461,36488707,424,1
462,36488802,398,1
463,36488891,393,1
464,36488972,429,1
465,36489055,402,1
466,36489139,396,1
467,36489222,427,1
468,36489304,409,1
469,36489392,388,1
470,36489492,409,1
471,36489581,405,1
472,36489669,391,1
473,36489752,399,1
474,36489850,419,1
475,36489935,395,1
476,36490023,394,1
477,36490110,429,1
478,36490209,410,1
479,36490292,388,1
480,36490375,423,1
481,36490466,414,1
482,36490558,384,1
483,36490644,415,1
484,36490744,422,1
485,36490834,397,1
486,36490922,404,1
487,36491018,425,1
488,36491118,394,1
489,36491202,403,1
490,36491286,425,1
491,36491384,403,1
492,36491480,392,1
493,36491580,424,1
494,36491673,409,1
495,36491766,429,1
496,36491846,420,1
497,36491935,425,1
498,36492032,388,1
499,36492121,408,1
500,36492213,425,1
501,36492307,391,1
502,36492401,400,1
503,36492488,423,1
504,36492574,400,1
505,36492658,394,1
506,36492744,424,1
507,36492828,430,1
508,36492925,392,1
509,36493007,404,1
510,36493106,417,1
511,36493205,399,1
512,36493298,406,1
513,36493398,422,1
514,36493498,390,1
515,36493581,392,1
516,36493665,426,1
517,36493747,418,1
518,36493837,398,1
519,36493933,410,1
520,36494028,406,1
521,36494109,418,1
522,36494208,426,1
523,36494294,428,1
524,36494385,392,1
525,36494471,389,1
526,36494567,417,1
527,36494661,417,1
528,36494744,395,1
529,36494843,394,1
530,36494923,384,1
531,36495014,399,1
532,36495109,444,1
533,36495204,480,1
534,36495302,449,1
535,36495385,481,1
536,36495479,549,1
537,36495572,634,1
538,36495668,730,1
539,36495749,764,1
540,36495838,692,1
541,36495929,639,1
542,36496015,630,1
543,36496108,607,1
544,36496207,552,1
545,36496291,548,1
546,36496388,598,1
547,36496468,677,0
548,36496567,772,0
549,36496662,773,0
550,36496752,732,0
551,36496839,727,0
552,36496933,739,0
553,36497017,727,0
554,36497102,721,0
555,36497199,702,0
556,36497291,677,0
557,36497376,669,0
558,36497471,702,0
559,36497570,696,0
560,36497653,656,0
561,36497744,645,0
562,36497844,651,0
563,36497927,650,0
564,36498013,666,0
565,36498100,659,0
566,36498181,628,0
567,36498265,630,0
568,36498362,653,0
569,36498447,656,0
570,36498535,638,0
571,36498618,639,0
572,36498707,623,0
573,36498802,622,0
574,36498895,653,0
575,36498982,653,0
576,36499069,622,0
577,36499149,617,0
578,36499230,628,0
579,36499316,639,0
580,36499410,643,0
581,36499498,648,0
582,36499578,614,0
583,36499671,613,0
584,36499760,645,0
585,36499843,650,0
586,36499936,629,0
587,36500027,624,0
588,36500125,615,0
589,36500206,622,0
590,36500298,649,0
591,36500398,647,0
592,36500488,614,0
593,36500579,612,0
594,36500677,629,0
595,36500764,638,0
596,36500860,637,0
597,36500952,638,0
598,36501034,611,0
599,36501118,614,0
600,36501213,646,0
601,36501301,649,0
602,36501387,624,0
603,36501479,620,0
604,36501571,619,0
605,36501670,623,0
606,36501750,646,0
607,36501838,642,0
608,36501929,608,0
609,36502013,608,0
610,36502111,634,0
611,36502199,643,0
612,36502285,633,0
613,36502372,631,0
614,36502457,610,0
615,36502541,614,0
616,36502627,647,0
617,36502726,649,0
618,36502807,620,0
619,36502896,616,0
620,36502979,626,0
621,36503066,628,0
622,36503163,642,0
623,36503260,639,0
624,36503359,608,0
625,36503446,611,0
626,36503539,639,0
627,36503619,640,0
628,36503712,630,0
629,36503803,630,0
630,36503889,611,0
631,36503989,616,0
632,36504073,647,0
633,36504157,645,0
634,36504252,617,0
635,36504340,614,0
636,36504439,624,0
637,36504536,631,0
638,36504634,639,0
639,36504729,641,0
640,36504821,610,0
641,36504904,611,0
642,36504995,643,0
643,36505077,650,0
644,36505168,630,0
645,36505255,624,0
646,36505349,614,0
647,36505430,617,0
648,36505530,646,0
649,36505619,650,0
650,36505708,616,0
651,36505797,615,0
652,36505892,636,0
653,36505987,638,0
654,36506068,647,0
655,36506160,635,0
656,36506241,609,0
657,36506330,611,0
658,36506426,643,0
659,36506514,646,0
660,36506599,629,0
661,36506695,622,0
662,36506791,618,0
663,36506879,619,0
664,36506979,647,0
665,36507074,644,0
666,36507171,613,0
667,36507252,615,0
668,36507335,633,0
669,36507425,633,0
670,36507510,645,0
671,36507605,632,0
672,36507690,608,0
673,36507782,611,0
674,36507878,641,0
675,36507971,647,0
676,36508062,623,0
677,36508156,624,0
678,36508240,619,0
679,36508330,624,0
680,36508416,647,0
681,36508500,651,0
682,36508583,613,0
683,36508663,611,0
684,36508745,632,0
685,36508841,639,0
686,36508928,637,0
687,36509009,634,0
